ID,Date,Element,Data_Value
IRM00040798,2007-01-11,TMAX,0
IRM00040831,2006-12-26,TMAX,162
IRM00040798,2011-10-26,TMAX,188
IRM00040800,2012-01-01,TMAX,112
IRM00040798,2006-07-25,TMAX,350
IRM00040831,2015-07-03,TMAX,498
IRM00040831,2014-11-09,TMAX,284
IRM00040798,2015-01-24,TMAX,87
IRM00040800,2010-08-27,TMAX,342
IRM00040800,2011-11-21,TMAX,140
IRM00040831,2008-04-04,TMIN,150
IRM00040811,2010-10-31,TMAX,336
IRM00040798,2006-07-25,TMIN,106
IRM00040798,2006-05-04,TMAX,230
IRM00040800,2006-10-03,TMAX,304
IRM00040798,2005-09-02,TMAX,310
IRM00040811,2010-07-01,TMIN,278
IRM00040831,2011-08-21,TMIN,260
IRM00040811,2006-12-24,TMAX,160
IRM00040831,2015-12-31,TMIN,80
IRM00040798,2013-11-04,TMAX,144
IRM00040831,2011-03-17,TMIN,90
IRM00040800,2006-11-02,TMAX,228
IRM00040811,2015-02-22,TMAX,122
IRM00040800,2012-11-16,TMAX,154
IRM00040798,2013-09-28,TMIN,18
IRM00040831,2006-01-19,TMIN,46
IRM00040800,2007-12-11,TMAX,136
IRM00040798,2015-12-17,TMAX,54
IRM00040800,2013-09-22,TMAX,346
IRM00040831,2013-07-18,TMAX,510
IRM00040831,2010-05-09,TMIN,228
IRM00040798,2010-07-30,TMAX,296
IRM00040831,2014-05-31,TMIN,270
IRM00040811,2013-06-10,TMIN,272
IRM00040798,2014-01-18,TMIN,-152
IRM00040798,2005-09-02,TMIN,60
IRM00040800,2007-12-06,TMAX,154
IRM00040811,2010-06-16,TMAX,474
IRM00040811,2011-03-22,TMAX,320
IRM00040831,2011-08-21,TMAX,476
IRM00040800,2007-03-08,TMAX,142
IRM00040800,2007-11-16,TMIN,10
IRM00040831,2008-04-04,TMAX,330
IRM00040811,2013-09-24,TMAX,378
IRM00040798,2013-04-08,TMIN,8
IRM00040800,2014-09-02,TMAX,332
IRM00040800,2008-04-22,TMAX,262
IRM00040831,2012-05-10,TMAX,434
IRM00040831,2008-08-28,TMIN,260
IRM00040798,2013-01-20,TMAX,126
IRM00040811,2008-08-25,TMIN,296
IRM00040798,2015-08-23,TMAX,340
IRM00040811,2007-02-21,TMAX,210
IRM00040798,2013-11-06,TMAX,186
IRM00040798,2005-12-22,TMAX,136
IRM00040798,2006-11-22,TMAX,14
IRM00040798,2013-01-12,TMAX,38
IRM00040798,2012-08-28,TMAX,302
IRM00040811,2007-11-28,TMAX,202
IRM00040798,2009-12-20,TMIN,-120
IRM00040811,2009-09-28,TMAX,400
IRM00040798,2013-01-12,TMIN,-174
IRM00040800,2015-06-04,TMAX,358
IRM00040798,2013-09-24,TMIN,16
IRM00040798,2006-04-08,TMAX,148
IRM00040798,2007-05-15,TMAX,250
IRM00040798,2009-08-13,TMIN,94
IRM00040798,2013-09-24,TMAX,282
IRM00040798,2012-11-09,TMIN,-20
IRM00040800,2013-11-20,TMAX,122
IRM00040811,2011-09-10,TMAX,444
IRM00040831,2014-06-27,TMAX,454
IRM00040800,2014-08-16,TMAX,344
IRM00040811,2007-02-21,TMIN,94
IRM00040831,2009-07-27,TMAX,466
IRM00040798,2007-09-26,TMIN,18
IRM00040798,2009-11-23,TMAX,102
IRM00040798,2015-08-23,TMIN,106
IRM00040800,2012-09-07,TMAX,332
IRM00040831,2011-03-12,TMAX,260
IRM00040811,2009-08-25,TMAX,472
IRM00040811,2012-04-11,TMAX,356
IRM00040811,2006-07-30,TMAX,452
IRM00040798,2005-11-01,TMIN,-20
IRM00040811,2011-07-10,TMIN,320
IRM00040831,2014-06-14,TMAX,414
IRM00040811,2012-09-24,TMAX,410
IRM00040811,2007-02-03,TMAX,202
IRM00040811,2008-12-16,TMAX,154
IRM00040798,2008-04-26,TMIN,8
IRM00040798,2012-09-13,TMAX,292
IRM00040798,2014-11-27,TMIN,-121
IRM00040798,2012-09-13,TMIN,54
IRM00040811,2011-02-04,TMAX,144
IRM00040798,2013-12-21,TMAX,28
IRM00040798,2013-05-08,TMAX,214
IRM00040811,2006-12-24,TMIN,80
IRM00040800,2005-08-25,TMAX,370
IRM00040798,2011-06-23,TMIN,130
IRM00040831,2012-11-16,TMAX,254
IRM00040798,2015-08-06,TMIN,86
IRM00040798,2013-11-27,TMAX,160
IRM00040798,2008-04-26,TMAX,264
IRM00040798,2007-12-05,TMIN,-6
IRM00040831,2015-04-23,TMIN,226
IRM00040811,2008-08-25,TMAX,458
IRM00040798,2006-05-25,TMAX,240
IRM00040800,2011-09-18,TMAX,310
IRM00040798,2008-10-21,TMIN,4
IRM00040798,2014-08-20,TMIN,108
IRM00040831,2015-06-20,TMAX,470
IRM00040811,2015-06-04,TMIN,298
IRM00040811,2007-11-28,TMIN,60
IRM00040800,2005-11-17,TMAX,146
IRM00040800,2009-05-28,TMAX,354
IRM00040800,2009-02-26,TMAX,180
IRM00040831,2013-08-30,TMAX,456
IRM00040831,2007-07-30,TMAX,480
IRM00040831,2010-08-20,TMIN,286
IRM00040831,2012-03-01,TMAX,242
IRM00040811,2015-11-16,TMAX,274
IRM00040798,2013-05-10,TMIN,38
IRM00040798,2011-05-08,TMIN,10
IRM00040798,2012-07-19,TMAX,334
IRM00040811,2011-01-11,TMAX,160
IRM00040800,2012-11-17,TMAX,158
IRM00040811,2010-04-10,TMAX,328
IRM00040798,2009-03-31,TMIN,-20
IRM00040798,2008-07-19,TMIN,174
IRM00040798,2007-12-13,TMAX,124
IRM00040800,2006-03-23,TMAX,188
IRM00040811,2014-08-12,TMIN,296
IRM00040800,2008-12-04,TMAX,82
IRM00040811,2008-08-11,TMIN,310
IRM00040811,2011-07-20,TMAX,464
IRM00040811,2011-07-01,TMAX,440
IRM00040798,2006-05-01,TMAX,206
IRM00040811,2011-07-01,TMIN,296
IRM00040831,2012-11-15,TMIN,130
IRM00040800,2012-05-04,TMIN,118
IRM00040831,2013-11-10,TMAX,300
IRM00040811,2006-08-15,TMAX,488
IRM00040800,2012-05-04,TMAX,302
IRM00040831,2013-10-20,TMAX,354
IRM00040831,2011-02-19,TMAX,240
IRM00040811,2006-03-08,TMAX,300
IRM00040798,2008-07-19,TMAX,336
IRM00040831,2014-11-21,TMAX,222
IRM00040800,2009-06-24,TMAX,314
IRM00040811,2012-01-22,TMAX,132
IRM00040831,2012-12-11,TMAX,250
IRM00040811,2010-04-10,TMIN,214
IRM00040800,2015-11-12,TMAX,184
IRM00040800,2007-09-19,TMAX,324
IRM00040831,2015-06-28,TMAX,444
IRM00040798,2014-12-01,TMIN,-111
IRM00040831,2010-08-20,TMAX,476
IRM00040798,2014-11-27,TMAX,37
IRM00040831,2006-03-20,TMAX,310
IRM00040800,2011-10-06,TMAX,262
IRM00040811,2006-02-21,TMAX,190
IRM00040800,2009-06-24,TMIN,180
IRM00040800,2015-02-03,TMAX,182
IRM00040798,2013-03-09,TMIN,-66
IRM00040811,2012-09-29,TMAX,404
IRM00040798,2012-07-22,TMAX,320
IRM00040831,2013-04-20,TMAX,372
IRM00040811,2013-05-04,TMAX,314
IRM00040831,2014-11-07,TMIN,80
IRM00040831,2010-03-15,TMIN,196
IRM00040798,2013-03-23,TMAX,174
IRM00040798,2009-01-26,TMIN,-118
IRM00040831,2008-09-05,TMAX,460
IRM00040811,2012-02-09,TMIN,116
IRM00040831,2014-11-07,TMAX,248
IRM00040811,2008-02-09,TMAX,232
IRM00040811,2008-11-15,TMAX,262
IRM00040798,2014-07-13,TMIN,168
IRM00040811,2005-11-08,TMAX,258
IRM00040831,2012-05-30,TMAX,458
IRM00040811,2007-10-08,TMIN,248
IRM00040798,2009-12-20,TMAX,36
IRM00040811,2013-10-28,TMAX,292
IRM00040798,2012-07-26,TMIN,110
IRM00040811,2008-02-17,TMAX,216
IRM00040831,2015-07-27,TMIN,290
IRM00040798,2013-03-09,TMAX,144
IRM00040800,2014-11-30,TMAX,102
IRM00040798,2012-07-22,TMIN,128
IRM00040800,2005-11-18,TMAX,146
IRM00040831,2012-11-15,TMAX,252
IRM00040811,2006-02-21,TMIN,78
IRM00040800,2012-03-20,TMAX,146
IRM00040811,2010-06-05,TMAX,460
IRM00040800,2013-08-18,TMAX,342
IRM00040811,2006-11-15,TMAX,236
IRM00040831,2015-05-08,TMIN,258
IRM00040800,2013-10-15,TMAX,252
IRM00040800,2014-02-09,TMAX,96
IRM00040811,2014-10-27,TMIN,166
IRM00040831,2013-11-07,TMAX,316
IRM00040831,2009-07-27,TMIN,266
IRM00040811,2006-03-12,TMIN,96
IRM00040800,2009-05-13,TMAX,292
IRM00040831,2012-11-11,TMAX,344
IRM00040798,2006-05-01,TMIN,58
IRM00040811,2009-09-03,TMAX,446
IRM00040800,2006-01-24,TMAX,102
IRM00040811,2006-03-12,TMAX,250
IRM00040800,2009-04-15,TMAX,204
IRM00040800,2007-07-21,TMIN,220
IRM00040811,2009-05-02,TMAX,340
IRM00040798,2011-09-04,TMIN,36
IRM00040800,2006-12-11,TMAX,30
IRM00040798,2008-02-04,TMAX,-8
IRM00040811,2012-01-22,TMIN,-12
IRM00040831,2011-06-17,TMIN,292
IRM00040800,2012-10-11,TMAX,286
IRM00040811,2014-09-13,TMIN,248
IRM00040798,2006-12-08,TMAX,76
IRM00040811,2008-12-20,TMAX,184
IRM00040831,2008-03-01,TMAX,264
IRM00040798,2010-07-30,TMIN,142
IRM00040831,2013-09-23,TMAX,388
IRM00040831,2006-03-20,TMIN,140
IRM00040798,2013-04-22,TMIN,-26
IRM00040798,2014-12-18,TMAX,109
IRM00040798,2005-02-28,TMIN,-60
IRM00040798,2009-11-08,TMAX,164
IRM00040798,2005-12-13,TMIN,-42
IRM00040831,2012-12-22,TMAX,210
IRM00040800,2009-08-20,TMAX,400
IRM00040800,2005-09-30,TMAX,310
IRM00040798,2011-05-08,TMAX,240
IRM00040831,2015-02-05,TMAX,244
IRM00040831,2006-01-19,TMAX,146
IRM00040831,2011-03-17,TMAX,270
IRM00040798,2014-12-18,TMIN,-95
IRM00040798,2008-10-11,TMAX,250
IRM00040831,2010-07-25,TMIN,282
IRM00040800,2008-01-24,TMAX,70
IRM00040798,2006-04-24,TMIN,36
IRM00040831,2009-07-16,TMAX,428
IRM00040831,2013-02-28,TMAX,254
IRM00040798,2011-09-03,TMAX,306
IRM00040798,2007-05-15,TMIN,82
IRM00040811,2013-06-10,TMAX,434
IRM00040800,2014-11-04,TMAX,144
IRM00040831,2013-01-12,TMAX,138
IRM00040798,2007-12-13,TMIN,-76
IRM00040798,2011-10-26,TMIN,28
IRM00040800,2015-06-21,TMAX,398
IRM00040831,2006-08-31,TMAX,456
IRM00040798,2008-09-30,TMIN,36
IRM00040800,2015-12-27,TMAX,86
IRM00040798,2011-09-04,TMAX,316
IRM00040811,2014-09-02,TMAX,468
IRM00040831,2013-09-18,TMAX,438
IRM00040831,2010-03-15,TMAX,392
IRM00040798,2015-06-16,TMIN,61
IRM00040831,2015-03-24,TMAX,238
IRM00040831,2015-03-24,TMIN,106
IRM00040798,2006-04-24,TMAX,226
IRM00040798,2011-02-02,TMIN,-54
IRM00040831,2014-12-18,TMAX,204
IRM00040811,2006-11-01,TMAX,344
IRM00040831,2015-02-05,TMIN,102
IRM00040798,2011-06-05,TMAX,306
IRM00040798,2013-07-09,TMIN,104
IRM00040811,2011-09-10,TMIN,252
IRM00040811,2005-03-14,TMAX,216
IRM00040800,2007-09-27,TMAX,290
IRM00040800,2012-09-11,TMAX,336
IRM00040811,2006-03-08,TMIN,138
IRM00040831,2009-07-16,TMIN,276
IRM00040798,2015-06-16,TMAX,298
IRM00040811,2012-10-14,TMAX,362
IRM00040798,2010-01-30,TMAX,122
IRM00040798,2012-07-06,TMIN,88
IRM00040831,2012-02-15,TMAX,190
IRM00040831,2011-03-18,TMIN,110
IRM00040811,2009-02-09,TMIN,116
IRM00040800,2013-08-07,TMAX,380
IRM00040800,2011-02-22,TMAX,154
IRM00040831,2014-09-12,TMAX,442
IRM00040800,2014-06-24,TMAX,378
IRM00040798,2011-12-10,TMAX,124
IRM00040831,2015-11-29,TMIN,138
IRM00040800,2010-05-22,TMAX,330
IRM00040811,2006-10-31,TMIN,200
IRM00040831,2014-03-09,TMIN,210
IRM00040811,2009-05-04,TMIN,210
IRM00040811,2015-07-10,TMIN,314
IRM00040831,2009-05-17,TMAX,402
IRM00040811,2014-09-19,TMAX,416
IRM00040798,2006-10-14,TMAX,252
IRM00040798,2010-11-19,TMIN,-74
IRM00040798,2007-10-31,TMIN,-24
IRM00040811,2006-10-31,TMAX,284
IRM00040831,2012-01-06,TMAX,212
IRM00040811,2015-11-18,TMAX,266
IRM00040798,2007-12-25,TMAX,-2
IRM00040798,2008-09-08,TMIN,122
IRM00040798,2011-05-25,TMAX,270
IRM00040831,2014-03-10,TMAX,274
IRM00040800,2009-08-19,TMAX,394
IRM00040831,2006-04-10,TMAX,326
IRM00040798,2005-10-18,TMIN,6
IRM00040831,2014-01-07,TMAX,132
IRM00040811,2007-03-19,TMIN,96
IRM00040800,2006-01-28,TMAX,100
IRM00040798,2009-01-30,TMAX,94
IRM00040800,2011-08-25,TMAX,382
IRM00040831,2007-09-28,TMIN,196
IRM00040831,2008-06-13,TMAX,404
IRM00040800,2006-10-06,TMAX,302
IRM00040798,2013-01-20,TMIN,-82
IRM00040798,2013-07-26,TMAX,386
IRM00040831,2012-01-30,TMAX,200
IRM00040831,2012-01-30,TMIN,62
IRM00040798,2009-08-24,TMIN,104
IRM00040811,2007-05-06,TMIN,234
IRM00040800,2006-01-26,TMAX,154
IRM00040811,2015-08-24,TMIN,310
IRM00040811,2012-11-11,TMAX,344
IRM00040798,2011-05-31,TMIN,124
IRM00040798,2011-08-02,TMAX,326
IRM00040811,2005-10-18,TMAX,394
IRM00040831,2012-09-20,TMAX,426
IRM00040831,2014-05-21,TMAX,378
IRM00040798,2006-01-18,TMAX,-16
IRM00040798,2011-08-02,TMIN,100
IRM00040831,2011-08-28,TMAX,470
IRM00040811,2007-03-19,TMAX,220
IRM00040798,2005-10-18,TMAX,236
IRM00040800,2013-10-12,TMAX,246
IRM00040798,2006-01-18,TMIN,-212
IRM00040811,2011-04-20,TMAX,336
IRM00040831,2014-06-01,TMIN,280
IRM00040800,2012-07-25,TMAX,336
IRM00040798,2007-11-28,TMAX,140
IRM00040800,2009-02-05,TMAX,86
IRM00040811,2015-07-10,TMAX,470
IRM00040831,2012-07-07,TMAX,452
IRM00040800,2011-05-28,TMAX,336
IRM00040811,2007-07-22,TMAX,476
IRM00040831,2013-09-14,TMAX,432
IRM00040798,2015-07-12,TMAX,345
IRM00040800,2014-05-28,TMAX,334
IRM00040811,2015-08-24,TMAX,476
IRM00040831,2012-03-28,TMAX,294
IRM00040798,2009-12-23,TMAX,6
IRM00040798,2009-12-23,TMIN,-122
IRM00040811,2007-03-26,TMAX,264
IRM00040811,2009-06-15,TMAX,442
IRM00040831,2009-03-19,TMAX,316
IRM00040811,2009-09-12,TMAX,426
IRM00040811,2007-04-22,TMIN,172
IRM00040798,2014-03-04,TMAX,144
IRM00040798,2007-02-23,TMAX,92
IRM00040798,2006-11-29,TMAX,92
IRM00040811,2005-02-13,TMAX,176
IRM00040798,2012-07-04,TMIN,94
IRM00040798,2007-11-28,TMIN,-104
IRM00040831,2007-07-01,TMIN,298
IRM00040798,2013-07-26,TMIN,124
IRM00040831,2009-05-17,TMIN,236
IRM00040798,2007-12-01,TMIN,-122
IRM00040831,2010-12-21,TMAX,236
IRM00040831,2011-11-08,TMAX,228
IRM00040798,2013-10-16,TMAX,212
IRM00040811,2009-01-16,TMAX,195
IRM00040831,2015-01-24,TMAX,222
IRM00040811,2009-09-28,TMIN,220
IRM00040798,2015-05-28,TMIN,56
IRM00040831,2009-09-14,TMAX,464
IRM00040811,2009-05-28,TMIN,280
IRM00040831,2009-06-22,TMIN,278
IRM00040811,2008-04-20,TMAX,362
IRM00040798,2008-07-03,TMAX,320
IRM00040811,2005-11-12,TMAX,254
IRM00040811,2007-07-22,TMIN,310
IRM00040798,2015-07-12,TMIN,106
IRM00040800,2010-05-02,TMAX,242
IRM00040798,2013-06-05,TMAX,324
IRM00040798,2013-10-16,TMIN,0
IRM00040811,2015-01-30,TMAX,254
IRM00040831,2012-01-05,TMAX,188
IRM00040800,2014-10-05,TMAX,302
IRM00040831,2013-08-06,TMAX,452
IRM00040798,2007-09-03,TMAX,304
IRM00040811,2005-10-18,TMIN,218
IRM00040831,2005-10-25,TMAX,300
IRM00040811,2005-10-29,TMIN,180
IRM00040831,2007-04-15,TMAX,270
IRM00040831,2015-07-08,TMAX,460
IRM00040811,2011-02-22,TMAX,232
IRM00040798,2014-11-30,TMIN,-124
IRM00040831,2010-08-23,TMAX,486
IRM00040798,2007-07-31,TMIN,130
IRM00040798,2013-05-08,TMIN,14
IRM00040831,2011-06-19,TMIN,294
IRM00040811,2012-04-05,TMIN,200
IRM00040831,2012-08-12,TMAX,482
IRM00040811,2015-10-10,TMAX,374
IRM00040798,2007-05-18,TMIN,60
IRM00040798,2009-05-12,TMIN,62
IRM00040811,2011-12-27,TMAX,174
IRM00040811,2013-04-04,TMIN,212
IRM00040798,2009-01-30,TMIN,-78
IRM00040798,2014-11-30,TMAX,52
IRM00040798,2010-11-21,TMAX,138
IRM00040831,2013-09-22,TMAX,428
IRM00040831,2006-04-10,TMIN,166
IRM00040811,2012-03-27,TMIN,146
IRM00040831,2010-11-28,TMIN,80
IRM00040811,2012-02-12,TMIN,80
IRM00040831,2006-05-14,TMAX,424
IRM00040831,2014-08-30,TMAX,438
IRM00040798,2010-01-29,TMAX,90
IRM00040798,2015-06-14,TMIN,99
IRM00040831,2006-04-28,TMAX,324
IRM00040831,2013-01-21,TMAX,206
IRM00040811,2008-09-26,TMAX,394
IRM00040811,2008-09-26,TMIN,260
IRM00040811,2009-07-14,TMAX,444
IRM00040798,2010-01-29,TMIN,-82
IRM00040811,2009-10-29,TMIN,220
IRM00040798,2007-07-08,TMAX,348
IRM00040831,2006-01-26,TMAX,200
IRM00040800,2015-05-31,TMAX,352
IRM00040798,2011-09-10,TMIN,70
IRM00040800,2006-01-18,TMAX,58
IRM00040811,2014-04-29,TMIN,246
IRM00040800,2008-12-08,TMAX,106
IRM00040831,2015-07-08,TMIN,296
IRM00040798,2012-09-17,TMIN,62
IRM00040800,2015-10-03,TMAX,316
IRM00040798,2010-10-10,TMIN,30
IRM00040831,2012-05-15,TMAX,414
IRM00040831,2015-01-17,TMAX,192
IRM00040811,2009-10-29,TMAX,336
IRM00040800,2008-10-17,TMAX,284
IRM00040831,2009-09-10,TMIN,288
IRM00040811,2006-08-14,TMIN,320
IRM00040800,2007-01-18,TMAX,36
IRM00040831,2008-06-13,TMIN,246
IRM00040798,2009-03-18,TMAX,166
IRM00040811,2006-08-14,TMAX,488
IRM00040800,2010-02-06,TMAX,86
IRM00040811,2005-10-29,TMAX,356
IRM00040811,2011-11-29,TMAX,172
IRM00040798,2005-08-28,TMAX,330
IRM00040798,2012-10-06,TMIN,30
IRM00040811,2015-07-14,TMIN,298
IRM00040831,2010-11-28,TMAX,282
IRM00040811,2015-07-14,TMAX,476
IRM00040800,2013-05-21,TMAX,276
IRM00040800,2013-09-06,TMAX,354
IRM00040831,2005-09-25,TMIN,210
IRM00040800,2010-07-26,TMAX,384
IRM00040800,2010-06-23,TMAX,368
IRM00040831,2007-09-28,TMAX,384
IRM00040811,2011-03-28,TMAX,282
IRM00040798,2007-04-14,TMAX,142
IRM00040831,2012-05-18,TMAX,432
IRM00040811,2009-11-27,TMAX,228
IRM00040798,2012-05-24,TMAX,230
IRM00040800,2012-12-16,TMAX,62
IRM00040831,2012-01-06,TMIN,38
IRM00040798,2014-11-08,TMAX,125
IRM00040798,2007-06-17,TMAX,336
IRM00040798,2013-08-13,TMAX,330
IRM00040798,2011-02-15,TMAX,58
IRM00040811,2013-04-04,TMAX,368
IRM00040811,2014-09-03,TMIN,280
IRM00040811,2011-07-29,TMIN,320
IRM00040811,2014-12-19,TMIN,88
IRM00040831,2014-06-01,TMAX,450
IRM00040800,2014-01-12,TMAX,82
IRM00040831,2009-09-10,TMAX,444
IRM00040798,2013-08-13,TMIN,134
IRM00040798,2014-09-14,TMAX,314
IRM00040800,2007-03-02,TMAX,128
IRM00040800,2013-08-11,TMAX,354
IRM00040800,2013-04-24,TMAX,212
IRM00040811,2011-05-10,TMAX,400
IRM00040798,2007-07-08,TMIN,140
IRM00040811,2013-12-05,TMAX,240
IRM00040798,2007-06-17,TMIN,114
IRM00040811,2011-03-28,TMIN,140
IRM00040831,2015-04-29,TMIN,210
IRM00040798,2013-11-16,TMIN,-42
IRM00040798,2013-07-09,TMAX,366
IRM00040831,2010-02-27,TMAX,250
IRM00040811,2008-09-16,TMAX,408
IRM00040831,2010-12-21,TMIN,108
IRM00040798,2012-10-06,TMAX,264
IRM00040831,2011-06-04,TMIN,280
IRM00040831,2015-06-28,TMIN,254
IRM00040831,2009-12-01,TMAX,196
IRM00040831,2008-10-23,TMAX,354
IRM00040800,2007-03-04,TMAX,166
IRM00040831,2007-03-30,TMAX,280
IRM00040800,2012-01-22,TMAX,50
IRM00040798,2010-08-31,TMAX,302
IRM00040798,2006-12-08,TMIN,-56
IRM00040800,2007-12-18,TMAX,138
IRM00040831,2014-05-24,TMAX,438
IRM00040811,2006-04-04,TMAX,296
IRM00040811,2006-04-04,TMIN,160
IRM00040831,2008-10-23,TMIN,230
IRM00040811,2013-03-22,TMAX,294
IRM00040800,2014-02-21,TMAX,202
IRM00040800,2014-01-02,TMAX,60
IRM00040798,2010-08-31,TMIN,66
IRM00040811,2009-01-11,TMAX,186
IRM00040831,2014-05-24,TMIN,274
IRM00040811,2015-11-01,TMAX,268
IRM00040800,2008-06-26,TMIN,220
IRM00040798,2006-04-08,TMIN,-4
IRM00040811,2011-04-20,TMIN,218
IRM00040800,2007-12-23,TMIN,-81
IRM00040800,2008-09-04,TMAX,350
IRM00040798,2007-02-10,TMIN,-100
IRM00040831,2012-02-03,TMIN,44
IRM00040798,2006-10-25,TMAX,212
IRM00040811,2008-05-27,TMIN,270
IRM00040831,2012-01-01,TMAX,226
IRM00040831,2007-09-14,TMAX,422
IRM00040831,2011-03-18,TMAX,294
IRM00040831,2013-07-11,TMAX,474
IRM00040811,2008-08-11,TMAX,466
IRM00040798,2006-03-27,TMAX,158
IRM00040800,2013-02-23,TMAX,146
IRM00040798,2006-04-01,TMAX,166
IRM00040800,2011-10-19,TMAX,300
IRM00040798,2012-11-09,TMAX,202
IRM00040798,2010-08-08,TMAX,306
IRM00040811,2014-10-11,TMAX,388
IRM00040798,2006-04-01,TMIN,-8
IRM00040811,2013-04-02,TMIN,152
IRM00040798,2007-11-27,TMAX,126
IRM00040811,2014-04-15,TMIN,208
IRM00040811,2009-08-29,TMAX,466
IRM00040800,2010-08-24,TMAX,356
IRM00040798,2006-03-27,TMIN,30
IRM00040811,2008-05-27,TMAX,444
IRM00040798,2008-02-01,TMAX,-2
IRM00040798,2015-05-28,TMAX,278
IRM00040798,2007-02-10,TMAX,68
IRM00040831,2011-07-04,TMIN,264
IRM00040798,2009-08-24,TMAX,326
IRM00040811,2014-05-01,TMAX,396
IRM00040811,2011-01-31,TMIN,142
IRM00040811,2008-07-20,TMAX,484
IRM00040831,2011-06-04,TMAX,436
IRM00040811,2015-01-11,TMAX,154
IRM00040800,2012-04-16,TMAX,186
IRM00040798,2007-10-30,TMAX,214
IRM00040831,2013-11-03,TMAX,262
IRM00040831,2012-04-06,TMAX,330
IRM00040798,2012-02-25,TMAX,34
IRM00040831,2014-03-15,TMAX,192
IRM00040831,2014-06-22,TMAX,466
IRM00040811,2010-06-05,TMIN,286
IRM00040798,2006-05-14,TMAX,268
IRM00040798,2006-02-07,TMAX,124
IRM00040798,2005-11-01,TMAX,208
IRM00040800,2008-10-08,TMAX,300
IRM00040811,2008-08-21,TMIN,300
IRM00040831,2012-10-22,TMIN,260
IRM00040831,2008-07-04,TMAX,468
IRM00040811,2011-09-12,TMAX,414
IRM00040811,2005-05-08,TMIN,182
IRM00040831,2015-11-13,TMAX,246
IRM00040831,2008-08-28,TMAX,500
IRM00040811,2009-01-16,TMIN,52
IRM00040800,2005-09-10,TMAX,350
IRM00040800,2009-09-24,TMAX,314
IRM00040800,2014-04-16,TMAX,270
IRM00040831,2013-07-29,TMIN,256
IRM00040811,2011-01-11,TMIN,66
IRM00040811,2014-06-10,TMAX,480
IRM00040811,2005-05-08,TMAX,366
IRM00040800,2005-12-08,TMAX,192
IRM00040811,2009-02-09,TMAX,244
IRM00040798,2012-01-28,TMAX,104
IRM00040798,2006-08-16,TMAX,306
IRM00040831,2013-01-08,TMAX,192
IRM00040800,2006-05-06,TMAX,302
IRM00040798,2007-09-26,TMAX,280
IRM00040831,2014-06-22,TMIN,320
IRM00040798,2006-08-16,TMIN,118
IRM00040831,2011-10-23,TMAX,300
IRM00040831,2005-09-19,TMIN,240
IRM00040798,2011-03-11,TMAX,142
IRM00040811,2007-04-14,TMIN,178
IRM00040800,2009-12-03,TMAX,88
IRM00040798,2013-11-27,TMIN,-44
IRM00040798,2012-02-25,TMIN,-10
IRM00040831,2005-09-19,TMAX,446
IRM00040811,2007-04-14,TMAX,292
IRM00040831,2007-09-18,TMIN,228
IRM00040798,2008-01-08,TMIN,-284
IRM00040831,2007-09-18,TMAX,432
IRM00040811,2008-04-20,TMIN,196
IRM00040800,2011-07-16,TMAX,354
IRM00040798,2009-10-24,TMIN,12
IRM00040800,2013-02-12,TMAX,174
IRM00040800,2014-05-12,TMAX,312
IRM00040798,2010-10-29,TMIN,-6
IRM00040798,2014-04-14,TMIN,32
IRM00040800,2007-07-23,TMAX,360
IRM00040831,2010-07-25,TMAX,474
IRM00040831,2008-10-20,TMAX,358
IRM00040811,2014-12-19,TMAX,166
IRM00040811,2007-03-26,TMIN,164
IRM00040811,2011-08-30,TMIN,262
IRM00040811,2007-04-22,TMAX,340
IRM00040811,2011-03-17,TMIN,108
IRM00040811,2007-01-08,TMAX,170
IRM00040831,2013-07-26,TMIN,280
IRM00040811,2007-04-20,TMAX,312
IRM00040798,2011-09-10,TMAX,302
IRM00040798,2008-06-13,TMAX,314
IRM00040798,2011-03-11,TMIN,34
IRM00040800,2007-07-31,TMAX,364
IRM00040831,2009-06-15,TMAX,450
IRM00040800,2011-02-10,TMAX,98
IRM00040811,2011-11-29,TMIN,98
IRM00040798,2012-06-18,TMAX,306
IRM00040811,2007-01-05,TMAX,152
IRM00040811,2005-09-02,TMAX,468
IRM00040798,2008-10-21,TMAX,226
IRM00040800,2010-10-02,TMAX,316
IRM00040811,2012-02-12,TMAX,200
IRM00040831,2014-01-07,TMIN,60
IRM00040831,2012-09-20,TMIN,220
IRM00040800,2008-12-29,TMAX,126
IRM00040811,2015-10-31,TMIN,198
IRM00040800,2005-11-29,TMAX,186
IRM00040831,2007-10-18,TMAX,380
IRM00040811,2011-05-01,TMAX,316
IRM00040811,2011-03-17,TMAX,260
IRM00040811,2014-02-25,TMIN,110
IRM00040798,2013-01-10,TMAX,36
IRM00040798,2010-11-19,TMAX,174
IRM00040811,2011-05-01,TMIN,214
IRM00040798,2012-05-06,TMAX,224
IRM00040800,2015-11-27,TMAX,156
IRM00040831,2008-03-16,TMAX,274
IRM00040798,2007-10-02,TMIN,62
IRM00040798,2007-12-05,TMAX,114
IRM00040811,2008-08-23,TMIN,310
IRM00040798,2012-09-28,TMIN,34
IRM00040831,2006-05-20,TMIN,228
IRM00040811,2012-11-06,TMIN,170
IRM00040800,2014-07-07,TMAX,382
IRM00040831,2014-12-26,TMAX,188
IRM00040798,2011-05-04,TMIN,-2
IRM00040798,2015-02-14,TMIN,37
IRM00040798,2015-02-14,TMAX,125
IRM00040831,2012-03-28,TMIN,170
IRM00040811,2011-03-22,TMIN,174
IRM00040811,2007-03-28,TMAX,256
IRM00040798,2009-09-05,TMAX,306
IRM00040800,2013-09-16,TMAX,336
IRM00040811,2007-03-08,TMIN,96
IRM00040800,2006-04-06,TMAX,230
IRM00040811,2012-10-28,TMAX,326
IRM00040800,2014-12-12,TMAX,138
IRM00040811,2013-06-17,TMAX,450
IRM00040798,2014-05-14,TMIN,30
IRM00040831,2011-12-04,TMAX,180
IRM00040798,2014-05-29,TMAX,275
IRM00040831,2008-01-29,TMAX,192
IRM00040811,2015-07-09,TMIN,322
IRM00040811,2008-05-25,TMAX,454
IRM00040811,2008-08-23,TMAX,466
IRM00040798,2010-10-29,TMAX,194
IRM00040798,2013-09-23,TMAX,264
IRM00040798,2013-09-23,TMIN,44
IRM00040831,2015-01-24,TMIN,50
IRM00040800,2011-05-13,TMAX,330
IRM00040831,2009-06-22,TMAX,464
IRM00040831,2012-08-16,TMAX,464
IRM00040811,2007-03-08,TMAX,250
IRM00040798,2014-12-01,TMAX,46
IRM00040831,2012-08-16,TMIN,264
IRM00040831,2007-08-20,TMAX,468
IRM00040811,2009-01-02,TMAX,85
IRM00040811,2012-09-24,TMIN,252
IRM00040831,2012-06-24,TMAX,440
IRM00040798,2008-08-31,TMIN,120
IRM00040811,2007-05-13,TMIN,284
IRM00040811,2005-09-02,TMIN,268
IRM00040831,2013-01-14,TMAX,164
IRM00040811,2007-05-13,TMAX,422
IRM00040798,2011-05-24,TMAX,258
IRM00040798,2010-04-02,TMAX,174
IRM00040800,2013-12-29,TMAX,90
IRM00040811,2012-10-28,TMIN,202
IRM00040811,2011-03-26,TMIN,120
IRM00040811,2012-03-27,TMAX,262
IRM00040811,2015-07-09,TMAX,466
IRM00040831,2007-04-04,TMIN,186
IRM00040831,2007-04-04,TMAX,294
IRM00040798,2007-02-20,TMAX,34
IRM00040831,2012-10-22,TMAX,358
IRM00040811,2012-11-06,TMAX,340
IRM00040800,2010-07-24,TMAX,380
IRM00040798,2013-11-04,TMIN,0
IRM00040798,2009-10-24,TMAX,194
IRM00040798,2008-06-13,TMIN,42
IRM00040831,2012-06-24,TMIN,300
IRM00040831,2007-08-31,TMAX,474
IRM00040811,2012-09-29,TMIN,226
IRM00040800,2005-11-15,TMAX,142
IRM00040800,2007-01-03,TMAX,52
IRM00040811,2013-02-21,TMIN,98
IRM00040811,2007-02-23,TMAX,250
IRM00040831,2011-03-10,TMAX,258
IRM00040800,2006-06-06,TMIN,132
IRM00040798,2012-05-09,TMIN,30
IRM00040811,2007-02-23,TMIN,124
IRM00040798,2012-08-01,TMAX,348
IRM00040798,2012-09-06,TMIN,72
IRM00040798,2007-06-19,TMAX,322
IRM00040831,2009-05-27,TMIN,298
IRM00040831,2011-02-15,TMAX,200
IRM00040798,2010-04-03,TMAX,192
IRM00040798,2007-01-06,TMAX,34
IRM00040798,2010-07-15,TMAX,332
IRM00040811,2007-10-30,TMAX,354
IRM00040811,2012-02-20,TMIN,66
IRM00040798,2006-09-03,TMAX,304
IRM00040811,2007-04-02,TMAX,260
IRM00040800,2012-01-18,TMAX,100
IRM00040811,2010-08-04,TMAX,456
IRM00040798,2008-03-17,TMAX,186
IRM00040800,2005-11-15,TMIN,-2
IRM00040811,2014-07-25,TMAX,478
IRM00040831,2011-04-26,TMIN,216
IRM00040811,2006-05-17,TMAX,440
IRM00040798,2014-10-21,TMAX,165
IRM00040811,2011-06-04,TMAX,438
IRM00040798,2008-07-24,TMIN,126
IRM00040800,2012-03-21,TMAX,168
IRM00040811,2015-05-26,TMIN,248
IRM00040798,2010-11-16,TMAX,148
IRM00040811,2008-05-11,TMIN,232
IRM00040811,2011-07-16,TMAX,492
IRM00040831,2007-04-24,TMIN,240
IRM00040800,2015-06-20,TMAX,374
IRM00040811,2011-09-12,TMIN,256
IRM00040798,2008-06-10,TMIN,80
IRM00040811,2012-07-11,TMAX,474
IRM00040831,2012-12-27,TMAX,174
IRM00040798,2005-11-08,TMAX,130
IRM00040831,2008-09-05,TMIN,300
IRM00040811,2008-05-11,TMAX,358
IRM00040800,2013-05-11,TMAX,292
IRM00040811,2006-11-21,TMAX,216
IRM00040831,2007-04-24,TMAX,320
IRM00040798,2007-01-06,TMIN,-104
IRM00040811,2013-07-01,TMIN,298
IRM00040798,2014-10-14,TMIN,8
IRM00040811,2012-02-20,TMAX,174
IRM00040800,2012-10-19,TMAX,236
IRM00040798,2009-06-15,TMAX,286
IRM00040831,2012-07-06,TMAX,444
IRM00040800,2008-07-04,TMAX,376
IRM00040800,2008-07-04,TMIN,210
IRM00040811,2012-06-10,TMAX,450
IRM00040800,2015-07-14,TMAX,386
IRM00040798,2012-09-05,TMIN,92
IRM00040831,2010-11-16,TMIN,130
IRM00040798,2014-11-14,TMAX,155
IRM00040811,2015-08-16,TMAX,480
IRM00040798,2006-12-10,TMIN,-90
IRM00040811,2015-05-23,TMIN,298
IRM00040798,2011-06-02,TMAX,316
IRM00040831,2015-09-08,TMAX,456
IRM00040831,2012-05-28,TMAX,402
IRM00040831,2013-05-26,TMAX,446
IRM00040798,2006-12-13,TMAX,-6
IRM00040831,2009-04-26,TMAX,386
IRM00040800,2011-11-17,TMAX,200
IRM00040811,2012-11-04,TMAX,344
IRM00040831,2015-08-10,TMIN,306
IRM00040800,2013-03-27,TMAX,232
IRM00040811,2011-02-20,TMAX,212
IRM00040798,2011-01-04,TMIN,-138
IRM00040800,2012-12-22,TMAX,166
IRM00040811,2009-03-01,TMAX,236
IRM00040800,2013-11-17,TMAX,162
IRM00040831,2014-09-13,TMAX,426
IRM00040831,2015-08-10,TMAX,488
IRM00040811,2007-08-03,TMAX,492
IRM00040811,2015-05-23,TMAX,452
IRM00040811,2008-02-02,TMAX,140
IRM00040811,2007-07-11,TMAX,480
IRM00040811,2013-02-21,TMAX,236
IRM00040831,2012-07-06,TMIN,290
IRM00040811,2012-11-04,TMIN,160
IRM00040831,2013-02-02,TMIN,98
IRM00040831,2013-01-01,TMIN,98
IRM00040800,2012-01-26,TMAX,130
IRM00040831,2008-12-15,TMAX,186
IRM00040831,2011-01-13,TMIN,16
IRM00040811,2010-10-31,TMIN,196
IRM00040798,2014-07-03,TMAX,336
IRM00040800,2007-03-22,TMAX,150
IRM00040831,2005-10-19,TMIN,180
IRM00040798,2008-06-10,TMAX,314
IRM00040811,2012-06-10,TMIN,284
IRM00040811,2011-11-11,TMIN,86
IRM00040798,2006-11-08,TMAX,186
IRM00040831,2010-01-09,TMAX,214
IRM00040798,2015-11-03,TMAX,156
IRM00040798,2014-05-27,TMAX,267
IRM00040831,2008-10-10,TMAX,410
IRM00040811,2012-08-01,TMAX,502
IRM00040800,2013-04-09,TMAX,258
IRM00040798,2007-05-29,TMAX,280
IRM00040811,2009-08-14,TMIN,282
IRM00040800,2009-12-29,TMAX,122
IRM00040811,2007-03-22,TMIN,110
IRM00040811,2009-02-05,TMAX,215
IRM00040831,2014-08-03,TMIN,298
IRM00040800,2007-01-08,TMAX,86
IRM00040811,2010-08-03,TMIN,294
IRM00040798,2010-12-28,TMIN,-126
IRM00040811,2013-04-30,TMAX,336
IRM00040811,2014-08-23,TMIN,270
IRM00040811,2010-04-26,TMAX,336
IRM00040831,2015-12-31,TMAX,168
IRM00040798,2010-10-02,TMIN,48
IRM00040811,2012-09-17,TMIN,238
IRM00040800,2007-09-09,TMAX,322
IRM00040831,2011-07-01,TMAX,430
IRM00040831,2012-12-15,TMIN,80
IRM00040800,2011-08-29,TMAX,286
IRM00040831,2012-12-15,TMAX,184
IRM00040811,2006-02-19,TMAX,166
IRM00040831,2013-06-07,TMAX,410
IRM00040798,2014-10-14,TMAX,244
IRM00040831,2010-10-20,TMAX,388
IRM00040798,2011-12-09,TMIN,-122
IRM00040811,2009-09-13,TMIN,230
IRM00040798,2013-09-02,TMIN,84
IRM00040798,2010-10-08,TMAX,264
IRM00040798,2012-01-17,TMAX,78
IRM00040811,2011-03-02,TMAX,238
IRM00040811,2011-04-16,TMAX,334
IRM00040831,2006-09-28,TMAX,390
IRM00040811,2008-08-08,TMAX,458
IRM00040831,2013-07-29,TMAX,436
IRM00040811,2013-03-03,TMIN,140
IRM00040831,2010-10-13,TMIN,180
IRM00040831,2006-09-08,TMIN,260
IRM00040811,2008-08-24,TMAX,466
IRM00040800,2013-08-19,TMAX,356
IRM00040831,2009-01-08,TMAX,186
IRM00040831,2006-09-28,TMIN,218
IRM00040831,2007-03-17,TMAX,224
IRM00040798,2011-04-15,TMIN,-64
IRM00040800,2006-08-05,TMIN,216
IRM00040798,2012-05-09,TMAX,244
IRM00040831,2015-04-06,TMAX,336
IRM00040831,2007-09-30,TMAX,388
IRM00040831,2007-06-30,TMIN,288
IRM00040831,2014-07-04,TMAX,468
IRM00040831,2009-03-28,TMIN,126
IRM00040811,2015-11-04,TMAX,276
IRM00040811,2012-10-11,TMIN,224
IRM00040831,2007-10-23,TMAX,352
IRM00040811,2008-10-20,TMAX,352
IRM00040798,2011-12-09,TMAX,120
IRM00040800,2009-09-28,TMAX,308
IRM00040798,2014-04-21,TMAX,237
IRM00040798,2011-04-15,TMAX,178
IRM00040811,2012-10-11,TMAX,404
IRM00040811,2005-12-17,TMAX,226
IRM00040811,2015-11-28,TMIN,120
IRM00040811,2013-07-01,TMAX,476
IRM00040798,2009-09-12,TMAX,292
IRM00040831,2007-10-08,TMAX,390
IRM00040831,2013-07-18,TMIN,308
IRM00040811,2006-07-24,TMAX,500
IRM00040811,2015-05-26,TMAX,420
IRM00040800,2013-06-06,TMAX,382
IRM00040798,2012-01-30,TMAX,100
IRM00040798,2008-07-24,TMAX,318
IRM00040831,2013-01-13,TMAX,144
IRM00040811,2006-03-10,TMAX,262
IRM00040831,2011-12-29,TMAX,188
IRM00040831,2006-11-12,TMAX,262
IRM00040811,2011-01-17,TMAX,170
IRM00040798,2008-09-15,TMAX,288
IRM00040831,2013-03-05,TMAX,312
IRM00040798,2014-05-28,TMIN,92
IRM00040798,2013-04-16,TMAX,190
IRM00040811,2012-07-11,TMIN,296
IRM00040811,2007-03-22,TMAX,282
IRM00040811,2012-09-08,TMIN,276
IRM00040811,2009-07-10,TMAX,456
IRM00040811,2005-11-15,TMIN,140
IRM00040831,2011-04-25,TMAX,344
IRM00040811,2005-12-03,TMAX,240
IRM00040798,2014-08-13,TMAX,354
IRM00040831,2015-01-01,TMAX,224
IRM00040811,2014-01-25,TMAX,186
IRM00040831,2014-05-11,TMAX,388
IRM00040811,2012-12-06,TMAX,216
IRM00040800,2007-11-19,TMAX,204
IRM00040811,2012-09-08,TMAX,438
IRM00040800,2008-07-07,TMAX,396
IRM00040811,2007-11-25,TMAX,214
IRM00040798,2009-10-26,TMAX,170
IRM00040798,2012-10-16,TMIN,14
IRM00040831,2012-09-01,TMAX,450
IRM00040811,2006-02-19,TMIN,46
IRM00040798,2013-08-18,TMAX,334
IRM00040831,2010-12-16,TMAX,222
IRM00040800,2007-12-23,TMAX,60
IRM00040831,2011-10-13,TMAX,364
IRM00040811,2006-05-10,TMIN,275
IRM00040798,2012-04-23,TMAX,216
IRM00040811,2006-05-10,TMAX,432
IRM00040831,2013-11-06,TMAX,296
IRM00040831,2007-04-14,TMAX,294
IRM00040831,2006-09-08,TMAX,450
IRM00040798,2013-04-16,TMIN,10
IRM00040811,2005-11-15,TMAX,246
IRM00040831,2007-02-16,TMAX,242
IRM00040811,2011-09-21,TMAX,412
IRM00040831,2014-08-03,TMAX,480
IRM00040811,2006-06-29,TMIN,290
IRM00040831,2014-03-19,TMAX,284
IRM00040798,2006-04-04,TMIN,0
IRM00040798,2010-12-21,TMAX,138
IRM00040811,2013-11-25,TMAX,232
IRM00040798,2007-09-13,TMAX,294
IRM00040811,2006-12-26,TMAX,152
IRM00040798,2015-04-04,TMAX,194
IRM00040811,2010-07-15,TMAX,472
IRM00040811,2011-09-14,TMIN,260
IRM00040800,2009-09-09,TMAX,322
IRM00040800,2009-09-09,TMIN,138
IRM00040800,2010-08-26,TMAX,352
IRM00040798,2014-12-16,TMAX,96
IRM00040811,2006-03-24,TMAX,298
IRM00040798,2008-06-06,TMIN,54
IRM00040798,2007-10-14,TMIN,20
IRM00040831,2012-09-12,TMAX,440
IRM00040800,2006-05-14,TMAX,322
IRM00040798,2014-05-29,TMIN,58
IRM00040811,2011-01-19,TMIN,66
IRM00040811,2005-12-04,TMAX,242
IRM00040798,2014-07-26,TMAX,356
IRM00040831,2013-03-04,TMAX,308
IRM00040800,2014-02-07,TMAX,50
IRM00040811,2015-03-13,TMAX,272
IRM00040798,2009-08-07,TMAX,320
IRM00040798,2009-08-07,TMIN,100
IRM00040798,2007-09-15,TMIN,66
IRM00040811,2012-08-28,TMIN,270
IRM00040831,2007-08-26,TMIN,260
IRM00040798,2007-04-20,TMAX,178
IRM00040831,2013-11-22,TMAX,214
IRM00040831,2012-05-28,TMIN,270
IRM00040798,2014-11-22,TMAX,125
IRM00040831,2009-02-13,TMAX,226
IRM00040831,2011-08-13,TMIN,276
IRM00040800,2010-01-15,TMAX,154
IRM00040831,2015-09-08,TMIN,292
IRM00040811,2013-06-09,TMAX,420
IRM00040800,2008-02-18,TMAX,200
IRM00040831,2007-12-19,TMIN,70
IRM00040831,2011-02-03,TMAX,136
IRM00040798,2014-08-08,TMAX,368
IRM00040811,2011-11-16,TMAX,242
IRM00040800,2011-08-28,TMAX,330
IRM00040811,2011-09-14,TMAX,430
IRM00040798,2014-11-22,TMIN,5
IRM00040831,2013-12-21,TMAX,162
IRM00040811,2015-07-15,TMIN,300
IRM00040811,2011-11-16,TMIN,170
IRM00040831,2009-03-28,TMAX,292
IRM00040831,2009-02-13,TMIN,80
IRM00040811,2011-08-11,TMAX,454
IRM00040811,2010-08-16,TMAX,468
IRM00040800,2005-10-25,TMAX,206
IRM00040811,2006-06-29,TMAX,460
IRM00040811,2006-07-01,TMIN,286
IRM00040800,2007-03-12,TMAX,156
IRM00040798,2005-08-07,TMAX,360
IRM00040831,2005-10-22,TMAX,300
IRM00040798,2014-07-26,TMIN,122
IRM00040831,2012-06-04,TMIN,240
IRM00040798,2009-05-17,TMAX,210
IRM00040811,2006-07-01,TMAX,446
IRM00040798,2015-11-21,TMAX,113
IRM00040800,2014-02-01,TMAX,84
IRM00040831,2005-10-22,TMIN,178
IRM00040811,2006-09-24,TMIN,230
IRM00040798,2014-12-05,TMIN,-74
IRM00040831,2013-02-02,TMAX,196
IRM00040831,2006-10-15,TMIN,248
IRM00040831,2011-07-20,TMAX,476
IRM00040798,2014-12-05,TMAX,102
IRM00040811,2013-12-31,TMIN,114
IRM00040798,2015-09-26,TMAX,282
IRM00040811,2009-08-17,TMAX,470
IRM00040831,2011-04-26,TMAX,354
IRM00040798,2014-01-21,TMIN,-200
IRM00040831,2011-05-08,TMAX,416
IRM00040811,2010-03-02,TMAX,230
IRM00040811,2013-11-25,TMIN,110
IRM00040811,2014-11-21,TMAX,232
IRM00040811,2011-04-16,TMIN,140
IRM00040811,2013-10-27,TMAX,304
IRM00040800,2010-03-22,TMAX,194
IRM00040800,2011-07-02,TMAX,402
IRM00040811,2011-01-19,TMAX,186
IRM00040811,2006-09-24,TMAX,434
IRM00040831,2011-08-13,TMAX,478
IRM00040811,2013-12-24,TMIN,60
IRM00040831,2005-12-03,TMAX,250
IRM00040811,2014-11-13,TMAX,280
IRM00040831,2013-01-13,TMIN,20
IRM00040798,2009-05-17,TMIN,40
IRM00040800,2010-04-22,TMAX,288
IRM00040811,2012-01-09,TMAX,214
IRM00040798,2009-11-18,TMAX,82
IRM00040798,2006-04-04,TMAX,144
IRM00040831,2012-06-04,TMAX,472
IRM00040800,2005-10-25,TMIN,20
IRM00040811,2014-04-26,TMIN,218
IRM00040811,2006-03-24,TMIN,142
IRM00040811,2014-11-21,TMIN,122
IRM00040811,2005-03-06,TMAX,226
IRM00040811,2009-08-17,TMIN,230
IRM00040831,2007-12-26,TMAX,146
IRM00040831,2013-05-26,TMIN,248
IRM00040798,2014-06-17,TMAX,326
IRM00040831,2006-08-20,TMIN,304
IRM00040811,2015-06-01,TMAX,476
IRM00040800,2008-06-04,TMAX,362
IRM00040798,2005-11-10,TMAX,98
IRM00040831,2014-10-29,TMAX,322
IRM00040798,2009-03-01,TMIN,-4
IRM00040798,2012-04-22,TMIN,14
IRM00040798,2005-11-10,TMIN,-14
IRM00040800,2006-06-06,TMAX,308
IRM00040798,2014-04-21,TMIN,9
IRM00040800,2010-03-28,TMAX,180
IRM00040831,2015-07-21,TMIN,310
IRM00040811,2015-06-01,TMIN,286
IRM00040811,2013-03-01,TMIN,180
IRM00040800,2013-07-18,TMAX,404
IRM00040798,2014-04-13,TMIN,55
IRM00040811,2014-05-08,TMAX,420
IRM00040798,2006-05-06,TMIN,58
IRM00040798,2006-05-06,TMAX,244
IRM00040798,2015-11-03,TMIN,-8
IRM00040798,2015-11-04,TMIN,-30
IRM00040798,2005-11-23,TMIN,-10
IRM00040798,2015-10-31,TMAX,173
IRM00040798,2006-09-07,TMAX,290
IRM00040831,2008-05-18,TMAX,424
IRM00040798,2007-09-15,TMAX,290
IRM00040798,2006-09-03,TMIN,62
IRM00040811,2010-11-02,TMAX,324
IRM00040811,2006-07-25,TMAX,498
IRM00040798,2008-08-05,TMAX,336
IRM00040811,2013-06-11,TMAX,412
IRM00040811,2009-09-13,TMAX,440
IRM00040798,2007-07-17,TMAX,344
IRM00040800,2013-04-23,TMAX,190
IRM00040798,2014-02-20,TMAX,96
IRM00040798,2009-11-05,TMAX,196
IRM00040798,2009-11-05,TMIN,10
IRM00040831,2008-09-06,TMAX,474
IRM00040811,2015-08-05,TMAX,474
IRM00040831,2015-06-11,TMIN,288
IRM00040798,2013-10-04,TMAX,266
IRM00040800,2011-09-23,TMAX,300
IRM00040831,2010-02-16,TMAX,298
IRM00040811,2012-09-16,TMAX,416
IRM00040811,2015-07-05,TMIN,338
IRM00040811,2011-03-19,TMIN,138
IRM00040831,2010-02-01,TMAX,254
IRM00040811,2011-06-04,TMIN,272
IRM00040811,2012-03-04,TMIN,46
IRM00040798,2015-09-26,TMIN,46
IRM00040831,2015-11-30,TMAX,266
IRM00040831,2006-05-28,TMAX,448
IRM00040800,2013-01-03,TMAX,110
IRM00040798,2011-06-27,TMIN,96
IRM00040800,2013-02-07,TMAX,206
IRM00040798,2007-07-17,TMIN,124
IRM00040811,2014-05-01,TMIN,244
IRM00040831,2010-12-16,TMIN,32
IRM00040811,2008-01-27,TMAX,124
IRM00040811,2014-11-13,TMIN,80
IRM00040831,2013-09-16,TMAX,448
IRM00040798,2012-06-04,TMAX,286
IRM00040798,2007-01-12,TMAX,12
IRM00040831,2007-09-06,TMAX,470
IRM00040798,2006-01-15,TMAX,-4
IRM00040831,2009-09-21,TMAX,388
IRM00040798,2009-03-01,TMAX,114
IRM00040798,2012-06-17,TMIN,76
IRM00040811,2015-07-15,TMAX,488
IRM00040798,2006-09-07,TMIN,54
IRM00040811,2008-08-14,TMAX,446
IRM00040800,2009-08-13,TMAX,392
IRM00040798,2005-11-23,TMAX,152
IRM00040831,2011-05-16,TMIN,264
IRM00040798,2010-09-16,TMAX,290
IRM00040800,2007-12-28,TMAX,52
IRM00040798,2014-04-13,TMAX,209
IRM00040831,2007-08-26,TMAX,482
IRM00040831,2014-05-29,TMAX,436
IRM00040798,2013-08-27,TMIN,98
IRM00040798,2007-04-10,TMAX,186
IRM00040798,2012-09-21,TMIN,84
IRM00040798,2008-06-06,TMAX,318
IRM00040831,2011-10-23,TMIN,118
IRM00040798,2015-11-04,TMAX,183
IRM00040831,2011-05-16,TMAX,422
IRM00040831,2008-05-09,TMAX,386
IRM00040798,2007-08-02,TMIN,110
IRM00040811,2008-06-27,TMAX,478
IRM00040811,2010-08-04,TMIN,318
IRM00040800,2008-06-17,TMAX,390
IRM00040798,2007-08-02,TMAX,332
IRM00040811,2015-07-02,TMAX,480
IRM00040798,2007-09-13,TMIN,34
IRM00040798,2009-02-05,TMAX,68
IRM00040811,2005-01-30,TMAX,192
IRM00040800,2011-01-31,TMIN,14
IRM00040831,2011-12-03,TMAX,178
IRM00040798,2014-11-14,TMIN,-59
IRM00040800,2013-11-03,TMAX,170
IRM00040831,2015-06-11,TMAX,482
IRM00040798,2006-12-10,TMAX,42
IRM00040800,2008-06-01,TMAX,328
IRM00040831,2008-10-10,TMIN,200
IRM00040811,2010-12-23,TMAX,210
IRM00040831,2006-04-24,TMAX,344
IRM00040798,2012-06-17,TMAX,294
IRM00040811,2015-07-02,TMIN,300
IRM00040831,2006-04-24,TMIN,216
IRM00040811,2010-08-16,TMIN,320
IRM00040800,2015-01-26,TMAX,150
IRM00040798,2007-09-14,TMAX,292
IRM00040831,2013-07-05,TMAX,468
IRM00040798,2012-09-14,TMIN,62
IRM00040800,2005-08-13,TMIN,220
IRM00040831,2013-05-08,TMIN,228
IRM00040798,2010-02-24,TMAX,134
IRM00040831,2010-04-02,TMAX,332
IRM00040811,2007-08-21,TMIN,306
IRM00040831,2012-11-27,TMAX,188
IRM00040798,2008-02-29,TMIN,-70
IRM00040800,2011-05-10,TMAX,298
IRM00040811,2011-02-25,TMAX,260
IRM00040798,2012-09-15,TMAX,292
IRM00040811,2010-07-06,TMAX,490
IRM00040811,2006-10-21,TMIN,220
IRM00040811,2007-11-17,TMAX,314
IRM00040811,2013-07-25,TMAX,468
IRM00040798,2008-02-29,TMAX,160
IRM00040811,2013-06-26,TMAX,450
IRM00040800,2014-03-05,TMAX,224
IRM00040798,2014-02-16,TMIN,-21
IRM00040811,2007-11-17,TMIN,158
IRM00040811,2006-07-19,TMAX,475
IRM00040798,2013-07-17,TMAX,382
IRM00040831,2006-10-31,TMAX,320
IRM00040811,2011-01-17,TMIN,56
IRM00040811,2011-08-13,TMIN,300
IRM00040831,2010-01-01,TMAX,160
IRM00040800,2005-06-12,TMAX,314
IRM00040831,2011-10-19,TMAX,390
IRM00040798,2009-10-03,TMIN,20
IRM00040798,2007-03-30,TMAX,106
IRM00040811,2010-09-29,TMAX,392
IRM00040831,2008-03-02,TMIN,148
IRM00040811,2006-10-06,TMAX,352
IRM00040811,2014-11-29,TMIN,120
IRM00040798,2010-01-18,TMAX,104
IRM00040831,2007-08-29,TMIN,282
IRM00040831,2012-05-07,TMIN,250
IRM00040800,2007-02-23,TMAX,150
IRM00040811,2010-08-30,TMAX,456
IRM00040798,2012-04-09,TMAX,206
IRM00040831,2012-02-20,TMAX,182
IRM00040811,2010-08-30,TMIN,284
IRM00040811,2006-12-16,TMAX,154
IRM00040798,2014-09-16,TMIN,58
IRM00040798,2008-03-28,TMAX,216
IRM00040831,2013-05-08,TMAX,342
IRM00040798,2014-09-16,TMAX,280
IRM00040811,2009-08-29,TMIN,264
IRM00040798,2009-08-04,TMIN,110
IRM00040831,2008-03-02,TMAX,278
IRM00040831,2010-09-16,TMAX,428
IRM00040811,2006-10-06,TMIN,220
IRM00040811,2009-08-25,TMIN,298
IRM00040811,2007-09-23,TMAX,434
IRM00040798,2006-11-15,TMAX,98
IRM00040831,2015-06-20,TMIN,276
IRM00040798,2013-01-06,TMAX,74
IRM00040811,2014-04-20,TMAX,386
IRM00040831,2015-09-24,TMIN,270
IRM00040798,2013-04-22,TMAX,150
IRM00040811,2013-07-12,TMAX,472
IRM00040798,2006-08-01,TMIN,104
IRM00040800,2012-03-26,TMAX,196
IRM00040798,2011-05-15,TMAX,186
IRM00040811,2012-09-17,TMAX,426
IRM00040811,2005-08-25,TMAX,464
IRM00040798,2010-11-22,TMAX,142
IRM00040798,2012-04-09,TMIN,20
IRM00040811,2006-01-04,TMAX,206
IRM00040811,2013-05-30,TMAX,386
IRM00040811,2005-01-17,TMIN,76
IRM00040831,2007-04-17,TMIN,180
IRM00040831,2012-05-07,TMAX,394
IRM00040831,2012-02-09,TMAX,198
IRM00040798,2011-09-02,TMIN,48
IRM00040800,2013-06-17,TMAX,366
IRM00040831,2012-11-18,TMAX,272
IRM00040831,2014-06-24,TMAX,454
IRM00040798,2008-05-03,TMAX,200
IRM00040798,2015-01-03,TMAX,141
IRM00040811,2014-01-15,TMAX,146
IRM00040798,2005-03-20,TMIN,-60
IRM00040811,2010-09-23,TMIN,256
IRM00040811,2007-08-21,TMAX,468
IRM00040831,2012-11-19,TMAX,232
IRM00040798,2009-10-03,TMAX,256
IRM00040811,2009-05-28,TMAX,476
IRM00040798,2014-08-27,TMAX,308
IRM00040798,2009-01-29,TMAX,140
IRM00040811,2006-12-16,TMIN,58
IRM00040800,2005-09-19,TMAX,324
IRM00040800,2015-11-28,TMAX,184
IRM00040800,2005-11-23,TMAX,198
IRM00040800,2010-12-04,TMAX,190
IRM00040798,2012-09-04,TMIN,60
IRM00040800,2015-09-26,TMAX,306
IRM00040800,2013-03-16,TMAX,252
IRM00040798,2009-01-29,TMIN,-104
IRM00040831,2007-08-29,TMAX,490
IRM00040798,2012-09-05,TMAX,282
IRM00040811,2006-08-27,TMAX,476
IRM00040831,2014-06-15,TMIN,256
IRM00040800,2012-10-14,TMAX,260
IRM00040798,2014-05-14,TMAX,222
IRM00040798,2012-09-04,TMAX,308
IRM00040831,2015-09-24,TMAX,430
IRM00040831,2013-10-29,TMAX,306
IRM00040811,2006-08-27,TMIN,296
IRM00040831,2014-06-18,TMAX,442
IRM00040811,2014-05-26,TMAX,412
IRM00040811,2008-12-03,TMAX,174
IRM00040811,2014-04-29,TMAX,390
IRM00040798,2007-03-30,TMIN,-30
IRM00040811,2013-05-14,TMAX,352
IRM00040831,2015-11-04,TMAX,280
IRM00040798,2012-11-19,TMIN,-14
IRM00040811,2010-04-23,TMAX,342
IRM00040800,2009-03-03,TMAX,130
IRM00040800,2013-01-22,TMAX,162
IRM00040811,2014-04-18,TMAX,410
IRM00040811,2007-06-16,TMIN,296
IRM00040811,2011-04-02,TMAX,350
IRM00040798,2015-12-06,TMAX,65
IRM00040798,2014-10-16,TMAX,231
IRM00040800,2011-09-12,TMAX,334
IRM00040831,2012-01-02,TMIN,106
IRM00040811,2005-02-13,TMIN,44
IRM00040800,2010-12-05,TMAX,172
IRM00040798,2009-06-09,TMIN,44
IRM00040831,2012-10-06,TMIN,214
IRM00040811,2012-10-14,TMIN,196
IRM00040831,2011-12-01,TMAX,182
IRM00040811,2015-11-16,TMIN,116
IRM00040811,2006-12-27,TMAX,184
IRM00040798,2011-05-15,TMIN,104
IRM00040831,2009-08-28,TMIN,304
IRM00040811,2007-06-16,TMAX,482
IRM00040800,2013-05-06,TMAX,218
IRM00040798,2014-10-20,TMAX,199
IRM00040800,2008-06-24,TMAX,360
IRM00040811,2008-10-14,TMAX,400
IRM00040831,2006-01-24,TMAX,208
IRM00040831,2010-07-30,TMAX,468
IRM00040800,2011-12-04,TMAX,102
IRM00040798,2005-12-13,TMAX,122
IRM00040800,2012-06-26,TMAX,334
IRM00040831,2015-02-12,TMAX,240
IRM00040831,2011-10-19,TMIN,194
IRM00040831,2008-11-13,TMIN,128
IRM00040800,2009-06-04,TMAX,301
IRM00040798,2010-12-06,TMAX,148
IRM00040798,2009-11-08,TMIN,-7
IRM00040800,2009-10-28,TMAX,226
IRM00040798,2005-08-21,TMIN,120
IRM00040800,2009-06-02,TMAX,274
IRM00040831,2015-06-29,TMAX,460
IRM00040798,2014-03-15,TMIN,-21
IRM00040811,2009-11-05,TMAX,286
IRM00040831,2011-03-09,TMIN,156
IRM00040811,2006-10-21,TMAX,386
IRM00040798,2009-06-09,TMAX,272
IRM00040800,2006-01-05,TMAX,96
IRM00040831,2011-05-06,TMIN,236
IRM00040798,2005-08-21,TMAX,334
IRM00040798,2012-05-13,TMIN,26
IRM00040798,2007-05-18,TMAX,202
IRM00040800,2011-02-08,TMAX,102
IRM00040798,2007-10-30,TMIN,-22
IRM00040811,2013-10-14,TMAX,344
IRM00040800,2006-10-30,TMAX,230
IRM00040811,2010-11-27,TMAX,276
IRM00040798,2014-08-20,TMAX,322
IRM00040800,2015-03-13,TMAX,172
IRM00040811,2010-03-09,TMAX,322
IRM00040800,2006-08-22,TMAX,340
IRM00040831,2006-03-08,TMAX,286
IRM00040811,2007-07-21,TMAX,472
IRM00040798,2006-05-25,TMIN,76
IRM00040798,2012-07-27,TMIN,98
IRM00040831,2009-01-25,TMIN,80
IRM00040811,2010-04-21,TMAX,370
IRM00040798,2008-11-01,TMAX,128
IRM00040798,2006-05-05,TMAX,250
IRM00040800,2006-05-20,TMAX,310
IRM00040798,2013-09-28,TMAX,272
IRM00040811,2014-04-18,TMIN,206
IRM00040798,2011-09-03,TMIN,32
IRM00040800,2005-06-29,TMAX,364
IRM00040811,2012-08-28,TMAX,456
IRM00040798,2014-03-15,TMAX,62
IRM00040798,2008-09-30,TMAX,272
IRM00040811,2014-11-29,TMAX,188
IRM00040811,2007-07-21,TMIN,310
IRM00040800,2014-10-03,TMAX,310
IRM00040798,2012-11-19,TMAX,80
IRM00040800,2008-09-02,TMAX,350
IRM00040811,2006-12-27,TMIN,74
IRM00040800,2014-01-10,TMAX,4
IRM00040811,2007-12-16,TMAX,254
IRM00040798,2013-09-02,TMAX,314
IRM00040811,2014-12-17,TMAX,192
IRM00040800,2015-04-08,TMAX,260
IRM00040831,2012-01-02,TMAX,206
IRM00040811,2010-09-23,TMAX,430
IRM00040831,2012-02-15,TMIN,110
IRM00040831,2008-11-13,TMAX,270
IRM00040811,2005-12-23,TMIN,124
IRM00040800,2011-12-19,TMAX,124
IRM00040798,2012-08-28,TMIN,96
IRM00040831,2015-07-27,TMAX,498
IRM00040798,2012-07-27,TMAX,308
IRM00040811,2015-02-25,TMIN,90
IRM00040798,2014-04-03,TMAX,124
IRM00040798,2013-10-14,TMAX,216
IRM00040800,2008-09-12,TMAX,310
IRM00040831,2011-05-14,TMIN,270
IRM00040800,2005-12-28,TMAX,68
IRM00040831,2015-01-03,TMAX,230
IRM00040811,2007-06-10,TMAX,450
IRM00040798,2006-05-05,TMIN,70
IRM00040831,2014-06-17,TMAX,442
IRM00040831,2012-02-09,TMIN,142
IRM00040811,2007-10-08,TMAX,390
IRM00040811,2007-10-27,TMAX,360
IRM00040798,2012-06-04,TMIN,116
IRM00040831,2012-11-22,TMAX,242
IRM00040811,2014-04-20,TMIN,218
IRM00040800,2011-05-06,TMAX,280
IRM00040798,2014-06-23,TMIN,116
IRM00040798,2014-07-04,TMAX,302
IRM00040811,2008-01-04,TMAX,210
IRM00040811,2007-06-26,TMAX,468
IRM00040831,2009-05-27,TMAX,460
IRM00040831,2012-08-09,TMIN,324
IRM00040811,2014-08-12,TMAX,476
IRM00040831,2006-07-19,TMIN,270
IRM00040831,2013-06-07,TMIN,268
IRM00040831,2013-12-04,TMAX,228
IRM00040831,2012-08-09,TMAX,498
IRM00040811,2006-06-26,TMAX,468
IRM00040831,2007-08-07,TMIN,306
IRM00040798,2015-11-26,TMIN,-104
IRM00040811,2006-05-15,TMAX,415
IRM00040811,2013-12-29,TMIN,36
IRM00040800,2006-11-30,TMAX,110
IRM00040798,2014-06-23,TMAX,342
IRM00040831,2006-10-16,TMAX,368
IRM00040811,2015-08-26,TMAX,478
IRM00040800,2015-01-30,TMAX,166
IRM00040831,2013-03-28,TMAX,320
IRM00040831,2009-04-24,TMAX,384
IRM00040831,2006-12-09,TMAX,192
IRM00040798,2014-12-22,TMAX,93
IRM00040831,2010-10-13,TMAX,326
IRM00040831,2015-12-15,TMAX,160
IRM00040811,2007-06-26,TMIN,298
IRM00040811,2009-04-21,TMIN,172
IRM00040800,2015-01-11,TMAX,90
IRM00040811,2011-08-30,TMAX,434
IRM00040800,2012-06-18,TMAX,354
IRM00040800,2014-11-18,TMAX,164
IRM00040798,2014-09-08,TMIN,60
IRM00040800,2011-03-22,TMAX,240
IRM00040800,2008-05-31,TMAX,328
IRM00040798,2007-04-08,TMAX,178
IRM00040811,2008-07-04,TMAX,462
IRM00040831,2009-12-01,TMIN,80
IRM00040831,2013-03-28,TMIN,180
IRM00040811,2010-09-02,TMAX,474
IRM00040798,2012-01-17,TMIN,-150
IRM00040800,2008-02-11,TMAX,136
IRM00040831,2006-04-01,TMAX,302
IRM00040831,2007-11-22,TMAX,240
IRM00040831,2009-04-24,TMIN,214
IRM00040831,2015-04-13,TMAX,366
IRM00040811,2007-03-09,TMAX,240
IRM00040831,2011-06-19,TMAX,480
IRM00040800,2013-03-08,TMAX,94
IRM00040831,2012-01-10,TMAX,208
IRM00040800,2008-10-06,TMAX,300
IRM00040811,2012-10-15,TMAX,376
IRM00040811,2006-05-17,TMIN,268
IRM00040798,2010-11-16,TMIN,-78
IRM00040811,2012-10-15,TMIN,174
IRM00040831,2007-03-17,TMIN,100
IRM00040800,2012-02-19,TMAX,102
IRM00040798,2013-08-18,TMIN,98
IRM00040800,2005-08-13,TMAX,332
IRM00040831,2011-03-28,TMIN,128
IRM00040798,2012-09-14,TMAX,300
IRM00040811,2006-06-26,TMIN,286
IRM00040811,2008-03-22,TMAX,356
IRM00040798,2012-12-08,TMAX,102
IRM00040798,2009-09-30,TMAX,236
IRM00040831,2009-04-29,TMIN,248
IRM00040811,2013-03-16,TMAX,336
IRM00040798,2006-08-01,TMAX,344
IRM00040811,2015-07-06,TMAX,474
IRM00040798,2012-12-08,TMIN,-52
IRM00040831,2009-01-03,TMAX,114
IRM00040831,2011-09-07,TMAX,450
IRM00040798,2008-08-01,TMIN,110
IRM00040800,2006-08-05,TMAX,400
IRM00040798,2011-06-27,TMAX,334
IRM00040798,2014-05-01,TMAX,237
IRM00040831,2006-11-09,TMIN,138
IRM00040811,2011-07-20,TMIN,286
IRM00040811,2005-09-20,TMAX,434
IRM00040800,2007-08-23,TMIN,212
IRM00040800,2010-06-03,TMAX,342
IRM00040800,2010-08-21,TMAX,374
IRM00040831,2013-02-28,TMIN,150
IRM00040798,2005-09-07,TMAX,310
IRM00040811,2010-04-26,TMIN,180
IRM00040798,2012-04-18,TMAX,142
IRM00040831,2013-12-04,TMIN,150
IRM00040811,2006-08-23,TMAX,482
IRM00040798,2012-05-27,TMIN,56
IRM00040831,2008-08-21,TMAX,474
IRM00040798,2012-05-27,TMAX,262
IRM00040831,2010-09-16,TMIN,240
IRM00040811,2012-03-11,TMAX,212
IRM00040831,2005-09-12,TMIN,230
IRM00040798,2007-02-06,TMIN,-98
IRM00040831,2014-02-09,TMIN,60
IRM00040831,2011-01-13,TMAX,170
IRM00040811,2008-07-04,TMIN,282
IRM00040831,2005-09-12,TMAX,448
IRM00040831,2014-06-15,TMAX,424
IRM00040831,2006-11-09,TMAX,240
IRM00040800,2005-12-27,TMAX,88
IRM00040811,2011-08-02,TMAX,500
IRM00040831,2013-04-24,TMIN,170
IRM00040798,2008-06-26,TMAX,342
IRM00040811,2013-12-24,TMAX,206
IRM00040798,2012-07-12,TMIN,118
IRM00040811,2014-10-24,TMIN,158
IRM00040831,2009-10-20,TMAX,384
IRM00040798,2010-10-08,TMIN,18
IRM00040811,2006-07-19,TMIN,300
IRM00040798,2014-05-30,TMIN,44
IRM00040798,2013-07-12,TMIN,118
IRM00040831,2009-07-04,TMAX,458
IRM00040831,2006-10-19,TMAX,400
IRM00040811,2015-06-06,TMAX,466
IRM00040798,2012-05-13,TMAX,266
IRM00040831,2015-04-17,TMIN,222
IRM00040831,2007-04-17,TMAX,330
IRM00040831,2014-06-18,TMIN,270
IRM00040831,2007-10-30,TMIN,168
IRM00040798,2011-03-07,TMIN,-128
IRM00040811,2007-08-10,TMIN,288
IRM00040831,2010-04-02,TMIN,154
IRM00040798,2012-11-26,TMAX,44
IRM00040798,2007-08-26,TMAX,314
IRM00040798,2007-08-26,TMIN,100
IRM00040798,2006-08-02,TMAX,362
IRM00040811,2014-09-13,TMAX,434
IRM00040811,2007-08-10,TMAX,468
IRM00040798,2012-08-07,TMIN,96
IRM00040811,2010-02-01,TMAX,252
IRM00040831,2014-11-30,TMAX,188
IRM00040831,2008-01-02,TMAX,210
IRM00040811,2011-01-29,TMAX,184
IRM00040811,2015-05-29,TMAX,466
IRM00040798,2006-10-15,TMIN,66
IRM00040811,2015-05-01,TMAX,422
IRM00040798,2013-07-12,TMAX,352
IRM00040831,2014-05-12,TMAX,418
IRM00040798,2010-02-24,TMIN,38
IRM00040798,2005-03-20,TMAX,142
IRM00040811,2015-03-13,TMIN,154
IRM00040800,2006-03-30,TMAX,134
IRM00040800,2012-07-29,TMAX,362
IRM00040831,2011-02-05,TMAX,114
IRM00040800,2015-12-20,TMAX,110
IRM00040831,2009-10-09,TMAX,398
IRM00040811,2014-01-07,TMAX,104
IRM00040811,2011-01-25,TMIN,42
IRM00040831,2008-08-19,TMAX,460
IRM00040798,2015-04-01,TMAX,174
IRM00040811,2006-01-05,TMAX,210
IRM00040831,2015-09-26,TMAX,418
IRM00040798,2014-05-01,TMIN,24
IRM00040798,2014-11-13,TMAX,148
IRM00040798,2014-05-27,TMIN,75
IRM00040831,2010-05-01,TMAX,370
IRM00040798,2008-02-28,TMAX,128
IRM00040798,2007-02-06,TMAX,96
IRM00040798,2006-06-13,TMAX,304
IRM00040811,2007-08-07,TMIN,306
IRM00040831,2015-10-29,TMAX,294
IRM00040811,2015-09-19,TMIN,260
IRM00040811,2008-03-19,TMAX,322
IRM00040800,2015-12-08,TMAX,84
IRM00040811,2009-04-21,TMAX,312
IRM00040831,2015-09-01,TMAX,438
IRM00040831,2006-11-12,TMIN,160
IRM00040811,2012-03-11,TMIN,120
IRM00040811,2015-09-19,TMAX,440
IRM00040811,2006-01-09,TMAX,194
IRM00040800,2014-05-17,TMAX,276
IRM00040811,2012-08-24,TMAX,448
IRM00040831,2007-08-07,TMAX,482
IRM00040831,2009-01-10,TMAX,190
IRM00040831,2011-06-28,TMIN,270
IRM00040798,2006-10-02,TMIN,22
IRM00040811,2008-03-19,TMIN,154
IRM00040811,2012-02-24,TMAX,222
IRM00040798,2010-09-08,TMIN,78
IRM00040798,2013-07-23,TMIN,120
IRM00040800,2010-09-13,TMAX,314
IRM00040798,2006-10-02,TMAX,270
IRM00040798,2014-09-08,TMAX,314
IRM00040798,2011-04-01,TMIN,-54
IRM00040798,2008-08-01,TMAX,330
IRM00040831,2013-12-21,TMIN,66
IRM00040800,2013-04-05,TMAX,234
IRM00040831,2006-05-06,TMIN,250
IRM00040831,2012-09-10,TMAX,454
IRM00040798,2006-06-13,TMIN,88
IRM00040831,2008-08-22,TMAX,480
IRM00040831,2009-01-25,TMAX,176
IRM00040831,2011-03-28,TMAX,284
IRM00040798,2008-05-03,TMIN,-20
IRM00040798,2006-10-07,TMIN,-26
IRM00040798,2006-08-02,TMIN,128
IRM00040798,2006-10-07,TMAX,250
IRM00040831,2007-11-26,TMAX,212
IRM00040798,2014-11-13,TMIN,-41
IRM00040831,2006-05-06,TMAX,384
IRM00040811,2007-08-07,TMAX,480
IRM00040811,2011-07-16,TMIN,330
IRM00040831,2009-04-03,TMAX,212
IRM00040811,2013-03-03,TMAX,292
IRM00040811,2010-07-05,TMIN,298
IRM00040831,2013-08-30,TMIN,270
IRM00040811,2006-10-02,TMIN,226
IRM00040811,2006-10-02,TMAX,398
IRM00040800,2007-10-12,TMAX,262
IRM00040831,2015-09-26,TMIN,230
IRM00040811,2005-09-20,TMIN,252
IRM00040798,2012-08-30,TMIN,96
IRM00040800,2006-08-01,TMAX,388
IRM00040831,2005-12-31,TMAX,176
IRM00040798,2015-12-05,TMAX,127
IRM00040831,2014-11-05,TMAX,246
IRM00040800,2013-09-19,TMAX,336
IRM00040831,2007-07-03,TMAX,444
IRM00040831,2012-07-28,TMIN,310
IRM00040831,2009-11-28,TMAX,164
IRM00040800,2015-06-19,TMAX,354
IRM00040831,2010-09-27,TMAX,442
IRM00040811,2008-10-26,TMIN,216
IRM00040800,2014-10-31,TMAX,118
IRM00040811,2007-12-05,TMAX,226
IRM00040798,2014-03-21,TMAX,141
IRM00040800,2011-10-11,TMAX,262
IRM00040798,2007-12-25,TMIN,-186
IRM00040811,2009-02-13,TMIN,110
IRM00040831,2010-08-25,TMIN,300
IRM00040831,2008-08-21,TMIN,286
IRM00040800,2010-10-21,TMAX,292
IRM00040811,2007-01-04,TMAX,162
IRM00040811,2009-10-17,TMAX,374
IRM00040811,2009-05-18,TMIN,254
IRM00040831,2015-02-10,TMAX,262
IRM00040798,2014-09-05,TMAX,314
IRM00040800,2013-09-01,TMAX,340
IRM00040811,2012-02-08,TMAX,166
IRM00040798,2009-03-04,TMIN,-32
IRM00040831,2007-10-26,TMAX,360
IRM00040811,2012-09-25,TMIN,234
IRM00040831,2006-06-23,TMIN,284
IRM00040831,2012-04-16,TMAX,326
IRM00040831,2010-12-18,TMIN,134
IRM00040811,2010-05-06,TMAX,352
IRM00040831,2010-12-18,TMAX,280
IRM00040798,2007-05-31,TMAX,246
IRM00040798,2005-07-03,TMAX,326
IRM00040831,2014-05-31,TMAX,444
IRM00040811,2013-04-17,TMIN,228
IRM00040798,2013-12-15,TMAX,64
IRM00040831,2015-04-17,TMAX,322
IRM00040811,2014-12-27,TMIN,80
IRM00040831,2014-03-26,TMAX,288
IRM00040798,2014-01-22,TMAX,18
IRM00040811,2009-02-15,TMAX,214
IRM00040831,2007-02-20,TMAX,226
IRM00040798,2008-04-13,TMAX,202
IRM00040831,2012-05-23,TMAX,364
IRM00040800,2012-07-22,TMAX,354
IRM00040811,2012-02-08,TMIN,104
IRM00040811,2014-03-16,TMAX,212
IRM00040798,2014-03-21,TMIN,-49
IRM00040798,2013-05-14,TMAX,234
IRM00040811,2013-03-29,TMAX,316
IRM00040811,2008-10-30,TMAX,266
IRM00040831,2012-01-13,TMAX,162
IRM00040798,2006-12-02,TMIN,-50
IRM00040831,2010-11-24,TMAX,276
IRM00040831,2014-05-05,TMAX,388
IRM00040811,2011-01-22,TMIN,66
IRM00040831,2012-07-22,TMAX,506
IRM00040800,2014-05-02,TMAX,272
IRM00040831,2014-06-23,TMAX,444
IRM00040831,2008-12-18,TMIN,20
IRM00040811,2008-04-17,TMAX,366
IRM00040798,2014-04-15,TMAX,203
IRM00040831,2012-12-17,TMAX,200
IRM00040811,2011-01-22,TMAX,204
IRM00040831,2008-12-18,TMAX,152
IRM00040831,2008-06-07,TMIN,288
IRM00040811,2015-10-19,TMIN,210
IRM00040798,2013-06-08,TMAX,304
IRM00040831,2014-03-28,TMAX,316
IRM00040798,2010-12-28,TMAX,102
IRM00040811,2007-12-17,TMAX,222
IRM00040831,2008-06-07,TMAX,446
IRM00040811,2010-10-21,TMAX,402
IRM00040811,2015-10-19,TMAX,376
IRM00040811,2010-10-21,TMIN,194
IRM00040800,2011-07-31,TMAX,360
IRM00040831,2008-05-14,TMAX,426
IRM00040831,2013-05-29,TMIN,258
IRM00040811,2012-02-16,TMAX,204
IRM00040811,2005-12-27,TMIN,46
IRM00040800,2011-12-29,TMAX,90
IRM00040800,2012-08-20,TMAX,358
IRM00040811,2014-06-11,TMAX,480
IRM00040831,2006-12-23,TMIN,36
IRM00040811,2009-02-13,TMAX,218
IRM00040811,2012-02-19,TMAX,182
IRM00040798,2012-01-11,TMAX,130
IRM00040831,2013-03-17,TMAX,306
IRM00040811,2011-09-05,TMAX,460
IRM00040831,2015-11-30,TMIN,120
IRM00040811,2014-12-27,TMAX,222
IRM00040798,2013-07-18,TMIN,146
IRM00040811,2007-12-05,TMIN,126
IRM00040831,2009-02-07,TMAX,216
IRM00040811,2007-07-24,TMIN,298
IRM00040811,2011-10-24,TMAX,328
IRM00040798,2014-01-22,TMIN,-212
IRM00040831,2012-07-22,TMIN,290
IRM00040831,2008-01-09,TMIN,10
IRM00040831,2009-01-04,TMIN,-12
IRM00040800,2007-04-21,TMAX,242
IRM00040831,2005-12-09,TMAX,270
IRM00040811,2005-12-27,TMAX,156
IRM00040811,2013-07-15,TMIN,270
IRM00040798,2011-03-20,TMIN,-52
IRM00040811,2007-07-24,TMAX,464
IRM00040800,2006-03-08,TMAX,192
IRM00040811,2009-01-07,TMAX,180
IRM00040811,2006-02-26,TMIN,110
IRM00040798,2012-09-26,TMIN,42
IRM00040800,2010-05-12,TMAX,314
IRM00040798,2011-07-20,TMAX,316
IRM00040831,2015-03-15,TMIN,160
IRM00040831,2006-06-23,TMAX,482
IRM00040811,2013-06-15,TMAX,446
IRM00040831,2014-05-11,TMIN,260
IRM00040811,2006-12-03,TMIN,76
IRM00040831,2014-11-23,TMAX,268
IRM00040811,2014-04-26,TMAX,402
IRM00040798,2012-10-04,TMIN,26
IRM00040811,2008-10-26,TMAX,302
IRM00040831,2007-10-06,TMIN,226
IRM00040798,2015-09-09,TMIN,89
IRM00040798,2009-01-03,TMAX,68
IRM00040831,2013-07-25,TMAX,462
IRM00040811,2011-02-18,TMIN,104
IRM00040831,2014-11-23,TMIN,170
IRM00040800,2008-03-09,TMAX,190
IRM00040800,2011-01-20,TMAX,96
IRM00040798,2014-08-26,TMAX,306
IRM00040831,2009-02-26,TMIN,126
IRM00040798,2014-03-22,TMAX,129
IRM00040831,2008-04-15,TMAX,386
IRM00040800,2012-04-21,TMAX,224
IRM00040831,2010-09-22,TMIN,244
IRM00040798,2006-09-24,TMAX,284
IRM00040798,2007-05-31,TMIN,76
IRM00040831,2005-03-30,TMIN,130
IRM00040811,2015-09-04,TMAX,452
IRM00040811,2011-02-18,TMAX,224
IRM00040800,2013-06-25,TMAX,372
IRM00040798,2009-04-23,TMAX,206
IRM00040798,2007-12-28,TMAX,10
IRM00040800,2008-07-19,TMIN,248
IRM00040831,2010-11-14,TMAX,306
IRM00040798,2008-04-13,TMIN,40
IRM00040798,2015-08-06,TMAX,322
IRM00040811,2007-06-28,TMAX,440
IRM00040811,2010-12-09,TMAX,250
IRM00040831,2009-02-26,TMAX,272
IRM00040811,2013-04-17,TMAX,364
IRM00040831,2015-06-09,TMIN,290
IRM00040831,2009-10-03,TMAX,388
IRM00040811,2013-06-29,TMAX,460
IRM00040831,2009-03-23,TMIN,120
IRM00040831,2009-03-23,TMAX,284
IRM00040811,2008-07-09,TMAX,426
IRM00040831,2005-01-23,TMAX,152
IRM00040831,2007-10-06,TMAX,386
IRM00040831,2005-03-30,TMAX,320
IRM00040831,2014-08-17,TMIN,300
IRM00040800,2009-06-29,TMAX,376
IRM00040800,2008-04-15,TMAX,240
IRM00040800,2005-09-02,TMAX,346
IRM00040831,2005-01-31,TMAX,210
IRM00040798,2009-11-01,TMIN,52
IRM00040811,2015-01-07,TMAX,228
IRM00040798,2011-07-04,TMIN,148
IRM00040831,2011-01-05,TMIN,140
IRM00040811,2013-06-01,TMAX,432
IRM00040811,2010-12-09,TMIN,70
IRM00040800,2013-07-31,TMAX,392
IRM00040811,2007-06-28,TMIN,280
IRM00040798,2013-05-19,TMIN,20
IRM00040831,2011-04-16,TMAX,340
IRM00040798,2008-11-28,TMIN,-68
IRM00040798,2005-07-03,TMIN,100
IRM00040811,2012-08-30,TMAX,470
IRM00040811,2015-09-02,TMIN,290
IRM00040831,2012-04-16,TMIN,190
IRM00040798,2005-06-04,TMAX,274
IRM00040831,2014-07-13,TMIN,286
IRM00040798,2013-04-23,TMAX,150
IRM00040798,2008-05-23,TMAX,284
IRM00040811,2011-04-27,TMAX,344
IRM00040811,2015-04-25,TMIN,160
IRM00040811,2009-02-17,TMAX,278
IRM00040831,2012-05-23,TMIN,240
IRM00040798,2011-05-04,TMAX,190
IRM00040831,2010-09-27,TMIN,260
IRM00040798,2008-01-04,TMAX,80
IRM00040811,2007-01-09,TMAX,144
IRM00040798,2008-01-04,TMIN,-130
IRM00040800,2010-06-26,TMAX,362
IRM00040798,2015-04-22,TMAX,222
IRM00040811,2009-06-12,TMAX,474
IRM00040800,2013-01-23,TMAX,164
IRM00040800,2007-08-16,TMAX,354
IRM00040798,2012-12-25,TMIN,-28
IRM00040798,2011-03-21,TMIN,-28
IRM00040798,2008-11-05,TMAX,138
IRM00040811,2012-09-16,TMIN,258
IRM00040811,2011-10-30,TMAX,300
IRM00040811,2014-08-19,TMAX,442
IRM00040798,2009-11-01,TMAX,169
IRM00040798,2005-06-04,TMIN,52
IRM00040831,2007-10-28,TMAX,366
IRM00040800,2012-12-03,TMAX,134
IRM00040798,2013-05-19,TMAX,244
IRM00040831,2011-06-12,TMAX,452
IRM00040811,2012-06-11,TMAX,458
IRM00040831,2011-05-18,TMAX,420
IRM00040831,2006-12-23,TMAX,144
IRM00040798,2013-11-10,TMAX,192
IRM00040798,2008-11-28,TMAX,118
IRM00040811,2009-04-04,TMIN,156
IRM00040798,2007-05-07,TMAX,238
IRM00040831,2011-05-18,TMIN,294
IRM00040811,2009-12-31,TMAX,158
IRM00040811,2006-02-26,TMAX,250
IRM00040811,2013-01-18,TMIN,64
IRM00040831,2011-11-18,TMIN,136
IRM00040831,2013-12-05,TMAX,246
IRM00040811,2008-05-24,TMIN,246
IRM00040798,2012-07-10,TMAX,334
IRM00040811,2007-08-27,TMAX,464
IRM00040811,2014-10-30,TMAX,296
IRM00040811,2014-10-30,TMIN,160
IRM00040831,2007-12-02,TMIN,120
IRM00040811,2009-01-18,TMAX,194
IRM00040811,2010-05-19,TMAX,444
IRM00040831,2011-11-18,TMAX,260
IRM00040811,2007-08-27,TMIN,286
IRM00040811,2013-08-16,TMAX,468
IRM00040811,2013-10-29,TMAX,302
IRM00040811,2009-06-12,TMIN,280
IRM00040831,2007-06-05,TMIN,260
IRM00040798,2008-02-03,TMAX,24
IRM00040811,2013-09-03,TMAX,452
IRM00040811,2014-11-22,TMIN,140
IRM00040811,2015-05-10,TMIN,244
IRM00040798,2015-09-29,TMAX,256
IRM00040831,2015-03-05,TMAX,252
IRM00040831,2010-08-04,TMAX,464
IRM00040831,2013-02-03,TMAX,194
IRM00040811,2010-02-09,TMIN,50
IRM00040811,2010-02-09,TMAX,174
IRM00040800,2006-04-30,TMAX,266
IRM00040811,2009-12-03,TMIN,84
IRM00040811,2012-05-24,TMIN,246
IRM00040831,2008-11-04,TMIN,148
IRM00040800,2009-01-22,TMAX,82
IRM00040798,2012-07-10,TMIN,80
IRM00040811,2012-11-07,TMAX,338
IRM00040800,2012-09-29,TMAX,266
IRM00040831,2009-11-12,TMAX,298
IRM00040831,2014-03-25,TMAX,278
IRM00040798,2015-06-23,TMIN,98
IRM00040811,2010-05-26,TMAX,406
IRM00040831,2007-07-05,TMIN,270
IRM00040811,2009-12-09,TMAX,188
IRM00040798,2011-03-08,TMAX,140
IRM00040831,2008-12-17,TMAX,170
IRM00040811,2012-05-24,TMAX,374
IRM00040798,2008-02-03,TMIN,-180
IRM00040800,2013-07-14,TMAX,386
IRM00040798,2015-11-14,TMAX,165
IRM00040798,2010-11-10,TMAX,172
IRM00040831,2007-06-05,TMAX,448
IRM00040831,2013-01-01,TMAX,208
IRM00040800,2012-04-27,TMAX,252
IRM00040811,2015-01-09,TMAX,150
IRM00040811,2010-02-16,TMAX,276
IRM00040811,2008-06-19,TMAX,450
IRM00040800,2006-07-22,TMAX,350
IRM00040798,2011-09-26,TMAX,276
IRM00040831,2007-06-29,TMIN,278
IRM00040831,2014-03-26,TMIN,154
IRM00040798,2007-10-10,TMAX,216
IRM00040831,2008-11-05,TMAX,266
IRM00040798,2005-06-29,TMAX,324
IRM00040811,2012-08-23,TMAX,460
IRM00040798,2005-06-29,TMIN,118
IRM00040811,2015-09-18,TMAX,426
IRM00040831,2008-07-05,TMAX,472
IRM00040811,2010-05-19,TMIN,300
IRM00040798,2010-07-26,TMAX,346
IRM00040798,2009-01-26,TMAX,104
IRM00040800,2007-12-30,TMAX,50
IRM00040798,2015-05-10,TMAX,218
IRM00040831,2008-08-02,TMIN,298
IRM00040831,2008-08-02,TMAX,502
IRM00040798,2012-08-05,TMIN,102
IRM00040798,2012-08-05,TMAX,316
IRM00040831,2013-03-22,TMIN,120
IRM00040831,2012-06-14,TMIN,258
IRM00040831,2015-06-21,TMAX,438
IRM00040811,2009-07-13,TMAX,486
IRM00040811,2011-09-27,TMAX,420
IRM00040811,2005-10-22,TMAX,302
IRM00040800,2013-03-28,TMAX,242
IRM00040798,2015-05-05,TMIN,52
IRM00040811,2009-12-03,TMAX,200
IRM00040798,2007-10-21,TMAX,220
IRM00040831,2013-07-07,TMIN,280
IRM00040798,2012-03-12,TMAX,178
IRM00040811,2014-11-17,TMAX,274
IRM00040811,2007-08-06,TMIN,312
IRM00040798,2006-04-14,TMIN,8
IRM00040800,2014-09-25,TMAX,336
IRM00040811,2011-06-27,TMAX,454
IRM00040811,2009-07-13,TMIN,326
IRM00040811,2011-04-24,TMAX,316
IRM00040831,2005-01-17,TMAX,178
IRM00040831,2005-08-21,TMIN,248
IRM00040831,2009-08-31,TMIN,286
IRM00040811,2011-09-06,TMAX,456
IRM00040811,2007-07-01,TMIN,320
IRM00040811,2011-11-03,TMAX,258
IRM00040811,2015-09-27,TMAX,416
IRM00040831,2013-07-07,TMAX,504
IRM00040798,2008-08-29,TMAX,314
IRM00040831,2010-11-27,TMAX,270
IRM00040800,2006-02-03,TMAX,184
IRM00040831,2008-11-05,TMIN,158
IRM00040831,2013-05-06,TMAX,346
IRM00040798,2014-09-30,TMAX,286
IRM00040831,2007-06-15,TMIN,280
IRM00040798,2015-05-10,TMIN,61
IRM00040798,2010-07-26,TMIN,96
IRM00040798,2010-03-17,TMIN,74
IRM00040798,2010-11-10,TMIN,-30
IRM00040811,2006-08-13,TMAX,490
IRM00040811,2015-09-08,TMAX,442
IRM00040831,2014-08-17,TMAX,480
IRM00040798,2013-07-18,TMAX,378
IRM00040811,2009-03-07,TMIN,124
IRM00040831,2006-06-09,TMAX,450
IRM00040798,2010-12-13,TMAX,92
IRM00040811,2008-04-17,TMIN,200
IRM00040811,2009-03-07,TMAX,280
IRM00040798,2012-09-19,TMAX,298
IRM00040831,2007-07-14,TMIN,268
IRM00040798,2006-04-30,TMAX,210
IRM00040831,2007-07-14,TMAX,460
IRM00040831,2006-01-15,TMAX,172
IRM00040798,2015-11-14,TMIN,-64
IRM00040811,2009-06-04,TMIN,270
IRM00040811,2009-06-04,TMAX,440
IRM00040831,2010-08-25,TMAX,498
IRM00040800,2015-06-17,TMAX,348
IRM00040800,2014-10-28,TMAX,212
IRM00040811,2015-09-21,TMAX,438
IRM00040811,2015-04-25,TMAX,298
IRM00040798,2006-10-27,TMAX,200
IRM00040811,2005-04-03,TMAX,340
IRM00040811,2011-02-27,TMAX,246
IRM00040800,2005-11-01,TMAX,236
IRM00040811,2015-11-17,TMIN,150
IRM00040798,2008-10-11,TMIN,24
IRM00040798,2011-11-25,TMAX,66
IRM00040811,2009-09-29,TMAX,372
IRM00040798,2007-06-30,TMAX,320
IRM00040811,2013-12-16,TMAX,154
IRM00040800,2012-02-18,TMAX,134
IRM00040831,2010-03-11,TMAX,368
IRM00040831,2010-12-06,TMAX,272
IRM00040798,2007-06-30,TMIN,146
IRM00040800,2008-01-04,TMAX,100
IRM00040831,2009-01-04,TMAX,138
IRM00040811,2006-08-09,TMAX,475
IRM00040811,2007-05-07,TMIN,248
IRM00040798,2012-02-11,TMAX,88
IRM00040831,2012-12-17,TMIN,88
IRM00040831,2011-12-17,TMAX,224
IRM00040831,2008-05-14,TMIN,226
IRM00040798,2008-08-22,TMIN,100
IRM00040798,2013-08-25,TMAX,336
IRM00040831,2009-01-09,TMAX,190
IRM00040811,2013-12-16,TMIN,48
IRM00040798,2014-12-29,TMAX,129
IRM00040831,2014-11-14,TMAX,278
IRM00040798,2012-09-19,TMIN,60
IRM00040831,2009-04-01,TMAX,232
IRM00040798,2014-12-24,TMAX,84
IRM00040811,2009-08-03,TMAX,460
IRM00040811,2015-09-04,TMIN,294
IRM00040811,2013-01-18,TMAX,174
IRM00040811,2010-07-10,TMIN,290
IRM00040798,2011-01-21,TMAX,44
IRM00040831,2005-08-21,TMAX,460
IRM00040798,2015-01-28,TMIN,-51
IRM00040831,2015-05-20,TMAX,438
IRM00040811,2010-07-10,TMAX,470
IRM00040800,2014-06-05,TMAX,296
IRM00040811,2012-03-19,TMAX,252
IRM00040831,2009-05-07,TMAX,364
IRM00040811,2011-02-10,TMAX,180
IRM00040811,2007-05-07,TMAX,420
IRM00040811,2015-10-12,TMIN,198
IRM00040798,2014-10-29,TMAX,179
IRM00040800,2011-02-06,TMAX,120
IRM00040811,2015-10-12,TMAX,360
IRM00040811,2012-12-14,TMIN,90
IRM00040831,2010-11-24,TMIN,90
IRM00040831,2011-09-02,TMAX,434
IRM00040800,2011-04-07,TMAX,242
IRM00040798,2010-03-17,TMAX,226
IRM00040831,2010-10-24,TMAX,386
IRM00040798,2007-10-21,TMIN,36
IRM00040800,2012-08-05,TMAX,346
IRM00040831,2009-08-31,TMAX,442
IRM00040811,2006-10-04,TMAX,410
IRM00040800,2008-09-09,TMAX,330
IRM00040831,2014-09-13,TMIN,258
IRM00040811,2011-11-07,TMIN,102
IRM00040800,2011-05-22,TMAX,340
IRM00040798,2014-11-23,TMAX,137
IRM00040831,2008-05-11,TMAX,360
IRM00040798,2014-05-15,TMIN,10
IRM00040831,2013-12-28,TMAX,180
IRM00040811,2009-03-10,TMAX,278
IRM00040811,2015-02-13,TMAX,208
IRM00040798,2014-10-29,TMIN,6
IRM00040831,2008-05-11,TMIN,236
IRM00040798,2011-03-20,TMAX,212
IRM00040798,2012-04-13,TMAX,174
IRM00040831,2012-10-06,TMAX,414
IRM00040831,2010-12-06,TMIN,68
IRM00040798,2007-09-28,TMAX,274
IRM00040798,2007-05-07,TMIN,26
IRM00040800,2015-12-02,TMIN,16
IRM00040798,2015-01-28,TMAX,133
IRM00040831,2006-06-09,TMIN,246
IRM00040800,2007-02-13,TMAX,148
IRM00040811,2012-03-19,TMIN,54
IRM00040811,2015-09-27,TMIN,228
IRM00040800,2009-02-14,TMAX,170
IRM00040800,2013-07-30,TMAX,392
IRM00040800,2013-05-12,TMAX,308
IRM00040831,2007-07-05,TMAX,440
IRM00040811,2006-07-03,TMIN,310
IRM00040831,2008-03-29,TMAX,350
IRM00040800,2009-02-17,TMAX,172
IRM00040811,2007-02-10,TMAX,200
IRM00040798,2011-08-24,TMIN,138
IRM00040811,2010-09-05,TMAX,450
IRM00040800,2012-09-08,TMAX,330
IRM00040798,2010-08-29,TMIN,80
IRM00040800,2009-10-18,TMAX,250
IRM00040798,2011-06-10,TMIN,72
IRM00040811,2009-03-19,TMAX,302
IRM00040811,2009-12-04,TMAX,204
IRM00040798,2006-08-31,TMAX,318
IRM00040798,2006-08-31,TMIN,80
IRM00040831,2008-05-15,TMAX,388
IRM00040800,2013-01-06,TMAX,106
IRM00040798,2011-11-13,TMIN,44
IRM00040811,2009-03-19,TMIN,120
IRM00040798,2012-01-13,TMIN,18
IRM00040800,2012-11-12,TMAX,226
IRM00040811,2008-05-16,TMIN,240
IRM00040811,2009-11-20,TMAX,222
IRM00040831,2005-10-24,TMAX,294
IRM00040800,2009-06-22,TMAX,316
IRM00040798,2011-06-10,TMAX,276
IRM00040811,2012-07-21,TMAX,490
IRM00040798,2007-12-31,TMAX,62
IRM00040798,2013-07-02,TMAX,332
IRM00040798,2010-05-25,TMAX,280
IRM00040798,2007-12-31,TMIN,-160
IRM00040798,2010-04-14,TMIN,40
IRM00040831,2005-09-30,TMIN,206
IRM00040831,2014-05-07,TMAX,400
IRM00040800,2007-12-09,TMAX,124
IRM00040798,2012-05-07,TMAX,222
IRM00040798,2008-01-12,TMAX,36
IRM00040811,2010-10-27,TMIN,220
IRM00040798,2007-11-24,TMAX,136
IRM00040811,2009-01-21,TMAX,180
IRM00040811,2015-12-02,TMIN,156
IRM00040798,2010-03-05,TMAX,130
IRM00040798,2008-08-22,TMAX,310
IRM00040831,2006-01-09,TMAX,204
IRM00040800,2015-08-07,TMAX,362
IRM00040831,2008-08-30,TMAX,478
IRM00040811,2012-06-04,TMAX,462
IRM00040800,2010-01-24,TMAX,134
IRM00040811,2014-12-21,TMAX,198
IRM00040798,2014-10-28,TMIN,-20
IRM00040831,2015-08-09,TMIN,320
IRM00040798,2007-11-19,TMIN,50
IRM00040831,2005-12-25,TMAX,170
IRM00040798,2015-09-14,TMIN,84
IRM00040831,2012-09-07,TMAX,448
IRM00040798,2014-10-28,TMAX,193
IRM00040811,2012-06-04,TMIN,250
IRM00040798,2006-04-16,TMIN,34
IRM00040811,2012-04-24,TMIN,164
IRM00040831,2007-10-22,TMAX,380
IRM00040831,2008-07-02,TMAX,440
IRM00040831,2013-04-09,TMIN,212
IRM00040800,2006-02-02,TMAX,138
IRM00040800,2009-07-04,TMAX,368
IRM00040800,2010-06-06,TMAX,340
IRM00040800,2009-11-20,TMAX,152
IRM00040798,2015-06-23,TMAX,354
IRM00040811,2005-09-28,TMIN,220
IRM00040831,2011-05-15,TMAX,364
IRM00040798,2008-07-05,TMAX,312
IRM00040811,2008-09-05,TMIN,336
IRM00040831,2013-04-09,TMAX,368
IRM00040811,2015-12-02,TMAX,252
IRM00040800,2013-01-05,TMAX,86
IRM00040811,2012-09-13,TMIN,284
IRM00040811,2008-02-06,TMAX,186
IRM00040800,2014-09-24,TMAX,334
IRM00040811,2013-02-14,TMAX,238
IRM00040831,2015-02-10,TMIN,188
IRM00040811,2009-09-17,TMAX,394
IRM00040831,2012-03-05,TMAX,188
IRM00040811,2015-11-17,TMAX,266
IRM00040811,2012-10-24,TMAX,364
IRM00040798,2011-08-24,TMAX,344
IRM00040811,2013-01-22,TMAX,222
IRM00040811,2014-08-01,TMAX,474
IRM00040811,2011-09-05,TMIN,244
IRM00040831,2013-10-22,TMIN,146
IRM00040798,2015-02-25,TMAX,102
IRM00040798,2009-01-08,TMIN,-110
IRM00040831,2010-04-23,TMAX,324
IRM00040800,2015-05-18,TMAX,302
IRM00040831,2012-11-11,TMIN,220
IRM00040831,2007-06-19,TMAX,440
IRM00040800,2006-01-07,TMAX,102
IRM00040831,2005-12-13,TMAX,264
IRM00040800,2006-05-01,TMAX,268
IRM00040811,2008-12-28,TMIN,82
IRM00040798,2009-09-15,TMIN,40
IRM00040831,2015-04-15,TMIN,178
IRM00040831,2013-09-12,TMAX,426
IRM00040811,2012-04-30,TMAX,350
IRM00040811,2008-12-09,TMAX,226
IRM00040811,2008-12-09,TMIN,70
IRM00040798,2010-01-03,TMAX,124
IRM00040811,2010-08-10,TMIN,318
IRM00040811,2013-01-07,TMIN,90
IRM00040811,2008-05-16,TMAX,412
IRM00040798,2015-02-23,TMAX,15
IRM00040831,2008-01-13,TMAX,82
IRM00040831,2015-06-01,TMAX,480
IRM00040831,2011-04-12,TMAX,322
IRM00040798,2008-05-23,TMIN,56
IRM00040800,2006-08-12,TMAX,342
IRM00040798,2013-04-06,TMIN,28
IRM00040831,2012-08-27,TMIN,256
IRM00040798,2014-01-03,TMAX,-8
IRM00040831,2010-11-12,TMAX,302
IRM00040831,2006-07-28,TMAX,474
IRM00040798,2012-01-13,TMAX,86
IRM00040800,2010-01-09,TMAX,114
IRM00040800,2014-12-11,TMAX,168
IRM00040800,2011-05-20,TMAX,350
IRM00040811,2011-01-16,TMAX,134
IRM00040831,2012-08-27,TMAX,466
IRM00040831,2011-09-01,TMIN,264
IRM00040831,2010-10-16,TMAX,390
IRM00040798,2011-07-17,TMIN,144
IRM00040811,2007-10-06,TMAX,396
IRM00040831,2015-12-10,TMIN,50
IRM00040831,2013-06-09,TMAX,426
IRM00040798,2013-08-24,TMIN,100
IRM00040831,2015-12-11,TMAX,192
IRM00040811,2007-10-06,TMIN,246
IRM00040798,2009-04-08,TMIN,34
IRM00040831,2007-09-30,TMIN,214
IRM00040831,2009-06-29,TMAX,468
IRM00040831,2015-11-23,TMAX,216
IRM00040798,2009-12-29,TMAX,50
IRM00040811,2011-11-09,TMAX,212
IRM00040831,2013-06-09,TMIN,250
IRM00040798,2009-04-08,TMAX,164
IRM00040798,2008-04-09,TMAX,150
IRM00040831,2014-05-07,TMIN,224
IRM00040798,2013-12-30,TMAX,68
IRM00040831,2007-01-06,TMAX,170
IRM00040811,2012-11-11,TMIN,214
IRM00040811,2013-11-18,TMAX,238
IRM00040800,2013-04-17,TMAX,260
IRM00040831,2010-10-16,TMIN,206
IRM00040811,2010-04-06,TMAX,330
IRM00040798,2010-11-20,TMIN,-74
IRM00040798,2007-01-13,TMAX,58
IRM00040798,2014-01-03,TMIN,-180
IRM00040798,2008-02-13,TMAX,96
IRM00040811,2008-06-25,TMIN,280
IRM00040811,2008-06-25,TMAX,455
IRM00040800,2009-02-28,TMAX,164
IRM00040800,2008-09-24,TMAX,334
IRM00040798,2009-01-08,TMAX,74
IRM00040798,2011-01-27,TMAX,58
IRM00040811,2010-12-07,TMIN,76
IRM00040800,2010-01-01,TMAX,120
IRM00040811,2007-09-06,TMIN,276
IRM00040811,2012-04-24,TMAX,358
IRM00040798,2015-05-16,TMAX,244
IRM00040800,2010-07-25,TMAX,380
IRM00040798,2011-07-17,TMAX,328
IRM00040831,2008-08-30,TMIN,266
IRM00040811,2006-06-13,TMAX,454
IRM00040798,2007-11-19,TMAX,156
IRM00040800,2005-12-01,TMAX,190
IRM00040800,2011-06-11,TMAX,338
IRM00040831,2007-06-19,TMIN,254
IRM00040831,2006-10-07,TMIN,186
IRM00040798,2014-09-15,TMAX,308
IRM00040831,2006-10-07,TMAX,366
IRM00040798,2007-05-23,TMAX,260
IRM00040800,2010-04-19,TMAX,210
IRM00040831,2012-05-22,TMAX,398
IRM00040798,2007-09-07,TMAX,274
IRM00040798,2010-11-30,TMIN,-118
IRM00040798,2007-02-14,TMAX,66
IRM00040800,2013-02-19,TMAX,172
IRM00040798,2009-09-15,TMAX,298
IRM00040831,2012-07-01,TMIN,260
IRM00040831,2005-12-15,TMAX,260
IRM00040798,2013-08-29,TMIN,74
IRM00040811,2009-02-03,TMAX,204
IRM00040798,2014-04-15,TMIN,60
IRM00040798,2013-12-16,TMAX,64
IRM00040798,2013-12-16,TMIN,-102
IRM00040798,2008-11-06,TMAX,114
IRM00040800,2013-01-19,TMAX,150
IRM00040811,2010-10-27,TMAX,322
IRM00040798,2014-03-06,TMAX,182
IRM00040831,2006-09-19,TMAX,398
IRM00040831,2014-03-13,TMAX,254
IRM00040811,2012-09-13,TMAX,420
IRM00040811,2007-11-05,TMAX,306
IRM00040798,2010-03-05,TMIN,-50
IRM00040831,2015-10-31,TMAX,282
IRM00040798,2010-11-30,TMAX,166
IRM00040831,2006-11-20,TMAX,194
IRM00040811,2009-02-03,TMIN,98
IRM00040811,2007-09-06,TMAX,462
IRM00040831,2015-08-09,TMAX,486
IRM00040800,2014-02-18,TMAX,134
IRM00040811,2005-08-28,TMIN,266
IRM00040800,2007-06-01,TMAX,294
IRM00040831,2015-12-11,TMIN,60
IRM00040811,2013-08-26,TMIN,288
IRM00040831,2005-06-04,TMIN,258
IRM00040811,2014-07-27,TMAX,466
IRM00040811,2013-03-29,TMIN,150
IRM00040798,2014-03-06,TMIN,-24
IRM00040798,2008-08-03,TMIN,122
IRM00040798,2008-08-03,TMAX,326
IRM00040831,2013-08-07,TMAX,452
IRM00040811,2013-08-26,TMAX,444
IRM00040798,2014-11-01,TMAX,143
IRM00040831,2012-07-01,TMAX,482
IRM00040831,2006-05-05,TMAX,352
IRM00040831,2014-03-13,TMIN,140
IRM00040798,2008-05-15,TMAX,244
IRM00040798,2006-06-04,TMAX,270
IRM00040811,2012-09-26,TMIN,206
IRM00040831,2007-01-13,TMAX,140
IRM00040800,2011-08-11,TMAX,382
IRM00040811,2008-04-12,TMAX,342
IRM00040798,2006-04-16,TMAX,224
IRM00040831,2007-08-22,TMIN,280
IRM00040831,2008-09-22,TMIN,220
IRM00040831,2014-08-18,TMAX,440
IRM00040800,2014-01-31,TMAX,168
IRM00040831,2007-08-22,TMAX,458
IRM00040811,2007-05-30,TMAX,396
IRM00040831,2005-12-02,TMAX,252
IRM00040800,2013-09-04,TMAX,342
IRM00040831,2011-04-16,TMIN,142
IRM00040811,2011-10-06,TMAX,342
IRM00040800,2006-09-22,TMAX,304
IRM00040800,2007-02-26,TMAX,152
IRM00040798,2006-09-24,TMIN,42
IRM00040831,2009-11-02,TMAX,324
IRM00040831,2012-06-16,TMIN,286
IRM00040811,2008-04-12,TMIN,196
IRM00040798,2006-06-06,TMIN,74
IRM00040800,2005-06-26,TMAX,394
IRM00040831,2011-03-21,TMAX,336
IRM00040800,2013-10-16,TMAX,238
IRM00040811,2012-12-14,TMAX,172
IRM00040811,2008-07-09,TMIN,310
IRM00040811,2012-06-17,TMAX,476
IRM00040831,2009-09-16,TMIN,234
IRM00040831,2012-02-17,TMAX,226
IRM00040798,2008-12-25,TMIN,38
IRM00040800,2011-02-17,TMAX,144
IRM00040811,2015-03-26,TMAX,272
IRM00040800,2014-01-09,TMAX,32
IRM00040798,2014-05-15,TMAX,199
IRM00040798,2009-04-03,TMAX,132
IRM00040811,2014-08-01,TMIN,300
IRM00040798,2007-07-22,TMIN,140
IRM00040798,2014-11-07,TMAX,102
IRM00040811,2012-04-30,TMIN,244
IRM00040800,2011-03-28,TMAX,188
IRM00040831,2013-10-22,TMAX,320
IRM00040800,2014-04-12,TMAX,250
IRM00040811,2009-04-02,TMAX,260
IRM00040800,2007-06-22,TMAX,390
IRM00040800,2012-03-12,TMAX,160
IRM00040831,2015-03-15,TMAX,276
IRM00040798,2007-03-11,TMAX,120
IRM00040798,2006-07-01,TMAX,332
IRM00040798,2006-07-01,TMIN,108
IRM00040798,2010-04-14,TMAX,168
IRM00040811,2009-08-03,TMIN,280
IRM00040831,2014-12-16,TMAX,200
IRM00040800,2006-05-18,TMAX,322
IRM00040798,2010-01-24,TMAX,126
IRM00040831,2006-10-02,TMAX,400
IRM00040798,2012-01-11,TMIN,-102
IRM00040811,2006-02-17,TMAX,174
IRM00040798,2012-01-05,TMIN,-142
IRM00040831,2015-04-15,TMAX,282
IRM00040798,2012-10-04,TMAX,244
IRM00040831,2011-03-21,TMIN,138
IRM00040811,2006-01-31,TMIN,36
IRM00040831,2010-04-24,TMAX,330
IRM00040811,2012-10-22,TMAX,354
IRM00040811,2013-05-04,TMIN,198
IRM00040798,2014-08-26,TMIN,86
IRM00040831,2009-09-16,TMAX,408
IRM00040800,2015-11-22,TMAX,156
IRM00040798,2005-12-29,TMIN,-100
IRM00040798,2006-09-27,TMIN,34
IRM00040831,2011-04-12,TMIN,210
IRM00040831,2015-06-09,TMAX,480
IRM00040811,2012-10-03,TMIN,210
IRM00040831,2007-05-04,TMAX,396
IRM00040800,2010-12-11,TMAX,124
IRM00040831,2012-09-02,TMIN,248
IRM00040831,2009-01-20,TMAX,194
IRM00040831,2013-12-29,TMAX,220
IRM00040831,2012-11-10,TMIN,188
IRM00040831,2005-01-31,TMIN,90
IRM00040811,2010-02-22,TMIN,136
IRM00040831,2013-05-01,TMAX,274
IRM00040798,2012-01-05,TMAX,116
IRM00040811,2013-05-20,TMAX,392
IRM00040798,2010-01-24,TMIN,-74
IRM00040831,2011-10-07,TMAX,368
IRM00040798,2011-07-20,TMIN,104
IRM00040831,2014-02-07,TMAX,158
IRM00040831,2012-06-16,TMAX,480
IRM00040811,2010-07-26,TMAX,460
IRM00040811,2006-07-16,TMAX,446
IRM00040811,2015-12-29,TMIN,76
IRM00040800,2011-08-16,TMAX,390
IRM00040811,2006-01-31,TMAX,142
IRM00040798,2006-09-27,TMAX,268
IRM00040798,2008-02-13,TMIN,0
IRM00040800,2008-07-24,TMIN,228
IRM00040811,2006-02-17,TMIN,78
IRM00040831,2013-06-03,TMAX,440
IRM00040798,2007-08-08,TMAX,316
IRM00040831,2013-12-29,TMIN,58
IRM00040811,2012-10-03,TMAX,404
IRM00040811,2013-05-06,TMIN,210
IRM00040798,2012-08-30,TMAX,314
IRM00040798,2012-04-03,TMAX,126
IRM00040811,2014-11-19,TMAX,256
IRM00040811,2012-10-22,TMIN,236
IRM00040798,2009-03-25,TMAX,116
IRM00040831,2011-10-07,TMIN,168
IRM00040800,2012-12-25,TMAX,62
IRM00040798,2011-06-20,TMAX,344
IRM00040811,2013-03-16,TMIN,160
IRM00040811,2015-12-24,TMIN,110
IRM00040800,2005-03-28,TMAX,202
IRM00040798,2011-07-23,TMAX,326
IRM00040811,2012-09-09,TMIN,256
IRM00040798,2009-05-31,TMAX,286
IRM00040811,2008-09-23,TMAX,424
IRM00040798,2011-07-23,TMIN,138
IRM00040811,2005-01-23,TMAX,148
IRM00040831,2005-11-15,TMIN,138
IRM00040811,2008-09-06,TMAX,468
IRM00040831,2010-02-21,TMAX,262
IRM00040831,2015-07-12,TMAX,484
IRM00040798,2008-09-13,TMIN,34
IRM00040800,2011-04-22,TMAX,290
IRM00040811,2011-11-19,TMAX,262
IRM00040798,2008-09-13,TMAX,296
IRM00040800,2015-09-17,TMAX,326
IRM00040811,2012-09-09,TMAX,436
IRM00040831,2009-10-23,TMAX,340
IRM00040811,2009-04-02,TMIN,130
IRM00040811,2011-03-26,TMAX,214
IRM00040811,2013-09-13,TMIN,220
IRM00040811,2011-11-14,TMIN,140
IRM00040798,2011-08-19,TMIN,114
IRM00040798,2014-04-08,TMIN,-20
IRM00040798,2008-09-24,TMIN,48
IRM00040811,2013-06-17,TMIN,276
IRM00040800,2008-07-21,TMAX,364
IRM00040811,2012-11-09,TMIN,170
IRM00040800,2012-07-12,TMAX,412
IRM00040811,2008-07-25,TMAX,480
IRM00040798,2005-12-29,TMAX,20
IRM00040800,2012-09-24,TMAX,316
IRM00040811,2012-11-09,TMAX,346
IRM00040798,2013-07-04,TMAX,354
IRM00040798,2007-07-14,TMIN,146
IRM00040798,2008-10-27,TMAX,180
IRM00040811,2011-06-19,TMAX,476
IRM00040798,2013-09-07,TMIN,66
IRM00040798,2007-07-14,TMAX,364
IRM00040811,2008-02-10,TMAX,254
IRM00040798,2008-04-11,TMAX,192
IRM00040798,2015-09-14,TMAX,306
IRM00040800,2015-05-01,TMAX,316
IRM00040800,2011-10-03,TMAX,304
IRM00040811,2007-04-09,TMAX,336
IRM00040811,2013-01-07,TMAX,220
IRM00040811,2014-10-20,TMAX,346
IRM00040798,2006-12-12,TMAX,26
IRM00040798,2015-10-17,TMAX,227
IRM00040800,2010-08-12,TMAX,350
IRM00040831,2006-05-17,TMAX,438
IRM00040800,2012-03-19,TMAX,106
IRM00040811,2006-06-13,TMIN,280
IRM00040811,2007-05-01,TMAX,346
IRM00040811,2007-05-01,TMIN,212
IRM00040811,2007-03-06,TMAX,256
IRM00040798,2015-12-26,TMAX,1
IRM00040798,2005-12-03,TMAX,180
IRM00040798,2010-01-19,TMAX,143
IRM00040798,2009-04-03,TMIN,-38
IRM00040811,2007-07-01,TMAX,476
IRM00040800,2008-11-25,TMAX,176
IRM00040831,2012-11-25,TMAX,222
IRM00040800,2011-12-06,TMAX,82
IRM00040800,2015-10-15,TMAX,282
IRM00040798,2007-06-22,TMAX,320
IRM00040798,2005-12-03,TMIN,-58
IRM00040831,2008-09-22,TMAX,432
IRM00040811,2011-04-27,TMIN,216
IRM00040811,2012-09-26,TMAX,406
IRM00040798,2011-07-04,TMAX,344
IRM00040800,2005-05-08,TMAX,270
IRM00040811,2011-10-06,TMIN,174
IRM00040831,2014-06-06,TMAX,452
IRM00040831,2008-06-06,TMAX,420
IRM00040831,2008-01-21,TMAX,172
IRM00040798,2010-08-29,TMAX,308
IRM00040798,2012-03-17,TMAX,108
IRM00040831,2014-11-01,TMAX,322
IRM00040798,2007-06-22,TMIN,68
IRM00040800,2007-05-02,TMIN,108
IRM00040798,2007-08-05,TMAX,318
IRM00040798,2013-03-05,TMAX,154
IRM00040798,2011-08-19,TMAX,348
IRM00040831,2006-05-17,TMIN,260
IRM00040831,2012-09-02,TMAX,444
IRM00040798,2015-09-09,TMAX,277
IRM00040798,2015-04-13,TMAX,170
IRM00040800,2014-03-20,TMAX,180
IRM00040831,2013-01-25,TMAX,246
IRM00040798,2008-07-08,TMIN,104
IRM00040798,2007-08-05,TMIN,74
IRM00040800,2014-08-09,TMAX,392
IRM00040798,2008-07-08,TMAX,330
IRM00040831,2005-12-01,TMAX,270
IRM00040811,2013-09-13,TMAX,416
IRM00040800,2012-04-20,TMAX,240
IRM00040811,2012-12-11,TMAX,232
IRM00040831,2007-12-20,TMAX,172
IRM00040811,2011-11-14,TMAX,286
IRM00040811,2011-11-19,TMIN,146
IRM00040831,2013-11-15,TMAX,256
IRM00040798,2015-10-17,TMIN,19
IRM00040831,2013-06-03,TMIN,290
IRM00040811,2015-11-13,TMAX,248
IRM00040831,2007-08-14,TMAX,478
IRM00040800,2009-04-14,TMAX,176
IRM00040811,2015-12-08,TMAX,152
IRM00040831,2012-06-14,TMAX,472
IRM00040800,2015-06-23,TMAX,396
IRM00040811,2009-02-12,TMAX,198
IRM00040831,2009-04-11,TMAX,320
IRM00040798,2005-05-08,TMAX,228
IRM00040811,2010-12-27,TMAX,224
IRM00040811,2013-10-27,TMIN,130
IRM00040798,2014-06-03,TMIN,74
IRM00040831,2007-04-10,TMAX,326
IRM00040798,2009-02-13,TMAX,136
IRM00040811,2015-06-17,TMIN,286
IRM00040811,2010-06-15,TMAX,498
IRM00040800,2012-03-28,TMAX,212
IRM00040811,2009-01-03,TMIN,-6
IRM00040831,2014-05-06,TMIN,210
IRM00040831,2011-08-17,TMIN,290
IRM00040811,2013-09-07,TMAX,404
IRM00040811,2015-06-17,TMAX,442
IRM00040800,2008-02-29,TMAX,184
IRM00040811,2008-07-05,TMAX,456
IRM00040811,2006-07-11,TMIN,282
IRM00040798,2014-10-08,TMAX,242
IRM00040800,2010-07-15,TMAX,394
IRM00040798,2005-06-26,TMIN,72
IRM00040800,2007-11-08,TMIN,8
IRM00040798,2005-06-26,TMAX,332
IRM00040831,2006-05-20,TMAX,406
IRM00040831,2006-04-08,TMIN,150
IRM00040831,2007-07-23,TMIN,266
IRM00040811,2005-01-31,TMIN,88
IRM00040798,2008-09-24,TMAX,292
IRM00040798,2008-06-09,TMAX,318
IRM00040811,2011-10-29,TMIN,234
IRM00040831,2013-08-21,TMAX,490
IRM00040811,2007-02-04,TMAX,202
IRM00040831,2008-03-15,TMIN,150
IRM00040800,2015-09-16,TMAX,324
IRM00040798,2010-08-10,TMIN,76
IRM00040800,2012-07-03,TMAX,380
IRM00040831,2011-12-20,TMIN,42
IRM00040831,2008-02-19,TMAX,242
IRM00040798,2014-12-15,TMAX,142
IRM00040831,2011-12-20,TMAX,210
IRM00040831,2011-08-17,TMAX,454
IRM00040831,2008-03-15,TMAX,296
IRM00040811,2007-10-07,TMAX,380
IRM00040831,2006-04-08,TMAX,288
IRM00040831,2012-07-19,TMAX,506
IRM00040800,2010-06-28,TMAX,386
IRM00040831,2005-09-27,TMAX,392
IRM00040811,2014-08-11,TMAX,466
IRM00040831,2005-09-25,TMAX,430
IRM00040811,2015-08-02,TMIN,310
IRM00040831,2007-03-12,TMAX,290
IRM00040798,2012-08-12,TMAX,330
IRM00040798,2009-03-21,TMAX,182
IRM00040831,2010-05-06,TMAX,362
IRM00040811,2014-12-25,TMAX,196
IRM00040800,2006-02-19,TMAX,136
IRM00040811,2008-12-30,TMAX,186
IRM00040811,2010-08-03,TMAX,460
IRM00040798,2009-05-01,TMAX,178
IRM00040831,2005-06-29,TMAX,450
IRM00040800,2013-01-17,TMAX,70
IRM00040831,2010-09-24,TMAX,454
IRM00040831,2005-06-29,TMIN,238
IRM00040800,2009-08-21,TMAX,386
IRM00040811,2010-05-21,TMAX,396
IRM00040811,2005-12-13,TMAX,250
IRM00040800,2009-11-02,TMAX,230
IRM00040798,2011-06-09,TMAX,306
IRM00040811,2011-08-13,TMAX,460
IRM00040798,2007-11-18,TMIN,-18
IRM00040798,2015-11-22,TMAX,139
IRM00040800,2007-06-06,TMAX,322
IRM00040831,2014-10-26,TMAX,346
IRM00040811,2014-05-22,TMIN,218
IRM00040798,2015-04-07,TMAX,224
IRM00040798,2013-07-20,TMAX,370
IRM00040831,2011-09-19,TMAX,432
IRM00040811,2008-09-05,TMAX,464
IRM00040831,2012-03-23,TMIN,118
IRM00040798,2011-05-21,TMAX,300
IRM00040798,2008-06-28,TMIN,150
IRM00040800,2013-05-08,TMAX,242
IRM00040811,2006-04-16,TMIN,216
IRM00040798,2009-02-13,TMIN,-66
IRM00040831,2015-06-22,TMAX,446
IRM00040831,2015-04-10,TMAX,354
IRM00040798,2012-06-24,TMIN,98
IRM00040798,2013-06-05,TMIN,48
IRM00040831,2006-04-28,TMIN,204
IRM00040798,2015-04-07,TMIN,-20
IRM00040831,2015-11-17,TMIN,154
IRM00040831,2013-05-06,TMIN,192
IRM00040798,2007-10-02,TMAX,232
IRM00040811,2015-07-01,TMAX,462
IRM00040811,2013-11-30,TMAX,260
IRM00040811,2012-08-16,TMAX,468
IRM00040811,2009-06-16,TMAX,452
IRM00040798,2012-10-10,TMAX,248
IRM00040831,2007-04-19,TMAX,330
IRM00040811,2006-04-16,TMAX,366
IRM00040811,2010-04-16,TMAX,342
IRM00040831,2006-09-16,TMAX,432
IRM00040798,2006-08-05,TMAX,382
IRM00040831,2013-05-04,TMAX,336
IRM00040811,2011-12-25,TMAX,224
IRM00040811,2009-04-24,TMAX,384
IRM00040831,2008-02-12,TMAX,234
IRM00040831,2011-08-28,TMIN,270
IRM00040811,2011-10-29,TMAX,320
IRM00040831,2012-06-19,TMAX,438
IRM00040800,2011-03-03,TMAX,114
IRM00040798,2015-09-27,TMIN,37
IRM00040831,2014-12-19,TMAX,194
IRM00040800,2008-12-31,TMIN,-12
IRM00040811,2008-12-01,TMIN,96
IRM00040811,2013-09-07,TMIN,268
IRM00040811,2014-04-15,TMAX,342
IRM00040831,2014-05-18,TMAX,422
IRM00040798,2008-09-18,TMAX,290
IRM00040798,2014-12-13,TMIN,-65
IRM00040831,2013-04-22,TMIN,150
IRM00040798,2015-02-25,TMIN,-85
IRM00040811,2009-01-14,TMIN,50
IRM00040798,2015-09-27,TMAX,264
IRM00040798,2008-09-18,TMIN,80
IRM00040800,2010-10-31,TMAX,242
IRM00040798,2007-05-14,TMAX,240
IRM00040811,2015-11-28,TMAX,262
IRM00040798,2007-05-14,TMIN,56
IRM00040800,2006-06-15,TMIN,148
IRM00040800,2011-07-12,TMAX,374
IRM00040831,2014-05-12,TMIN,260
IRM00040798,2012-08-24,TMAX,310
IRM00040811,2011-11-07,TMAX,220
IRM00040800,2010-04-24,TMAX,272
IRM00040811,2005-01-31,TMAX,192
IRM00040800,2006-06-15,TMAX,352
IRM00040798,2011-08-07,TMIN,116
IRM00040798,2014-12-13,TMAX,150
IRM00040811,2006-05-18,TMAX,430
IRM00040811,2006-05-13,TMAX,408
IRM00040811,2005-10-30,TMAX,360
IRM00040798,2013-04-27,TMIN,-40
IRM00040800,2012-12-23,TMAX,136
IRM00040831,2009-11-09,TMAX,320
IRM00040811,2012-02-17,TMAX,212
IRM00040831,2009-06-02,TMAX,436
IRM00040831,2013-12-14,TMAX,182
IRM00040831,2008-01-23,TMAX,130
IRM00040831,2013-06-12,TMAX,416
IRM00040798,2009-09-06,TMAX,296
IRM00040831,2010-08-09,TMAX,476
IRM00040831,2015-04-05,TMIN,206
IRM00040831,2013-12-17,TMIN,46
IRM00040800,2014-04-04,TMAX,164
IRM00040798,2007-04-16,TMAX,162
IRM00040831,2015-04-05,TMAX,350
IRM00040800,2007-02-18,TMAX,144
IRM00040811,2007-01-18,TMAX,110
IRM00040811,2009-09-25,TMAX,366
IRM00040831,2006-11-08,TMAX,260
IRM00040798,2007-02-12,TMIN,-68
IRM00040831,2010-02-22,TMIN,138
IRM00040831,2015-11-25,TMAX,262
IRM00040798,2010-02-16,TMAX,175
IRM00040811,2008-04-03,TMAX,302
IRM00040831,2006-05-01,TMIN,250
IRM00040811,2007-01-25,TMAX,202
IRM00040811,2005-03-13,TMAX,216
IRM00040831,2012-06-19,TMIN,302
IRM00040798,2006-12-21,TMIN,-222
IRM00040798,2007-08-27,TMIN,94
IRM00040831,2007-05-07,TMAX,408
IRM00040798,2010-08-10,TMAX,306
IRM00040811,2011-10-10,TMAX,364
IRM00040811,2015-07-01,TMIN,298
IRM00040811,2008-04-14,TMAX,366
IRM00040811,2011-12-25,TMIN,106
IRM00040831,2005-10-29,TMAX,376
IRM00040831,2014-04-23,TMAX,374
IRM00040831,2008-08-18,TMAX,472
IRM00040798,2005-09-28,TMIN,2
IRM00040831,2013-12-17,TMAX,146
IRM00040811,2009-01-03,TMAX,106
IRM00040798,2008-06-28,TMAX,352
IRM00040831,2014-04-19,TMIN,230
IRM00040831,2008-10-27,TMAX,302
IRM00040831,2014-06-08,TMIN,290
IRM00040798,2013-08-23,TMAX,334
IRM00040831,2014-06-08,TMAX,476
IRM00040800,2007-04-04,TMAX,198
IRM00040811,2015-08-02,TMAX,486
IRM00040798,2010-01-25,TMAX,72
IRM00040831,2006-08-08,TMIN,286
IRM00040798,2007-08-27,TMAX,332
IRM00040811,2007-01-26,TMAX,205
IRM00040831,2006-05-01,TMAX,394
IRM00040798,2014-11-05,TMAX,105
IRM00040798,2010-03-18,TMAX,232
IRM00040798,2015-09-24,TMAX,286
IRM00040811,2006-02-14,TMAX,230
IRM00040798,2006-12-21,TMAX,-60
IRM00040798,2010-03-07,TMAX,168
IRM00040811,2007-03-30,TMAX,268
IRM00040811,2007-06-27,TMAX,440
IRM00040798,2012-09-23,TMAX,286
IRM00040831,2006-08-08,TMAX,476
IRM00040811,2009-05-22,TMAX,456
IRM00040811,2011-05-16,TMAX,396
IRM00040800,2012-05-18,TMAX,308
IRM00040811,2007-03-30,TMIN,126
IRM00040811,2009-01-14,TMAX,202
IRM00040798,2007-04-16,TMIN,-16
IRM00040800,2010-02-23,TMAX,214
IRM00040798,2015-09-24,TMIN,50
IRM00040811,2014-11-16,TMIN,106
IRM00040811,2007-06-24,TMAX,454
IRM00040831,2009-04-11,TMIN,188
IRM00040800,2012-12-15,TMAX,84
IRM00040798,2007-05-13,TMAX,274
IRM00040831,2013-05-29,TMAX,406
IRM00040831,2007-07-23,TMAX,464
IRM00040831,2014-10-26,TMIN,200
IRM00040798,2006-09-16,TMAX,268
IRM00040831,2014-08-22,TMIN,300
IRM00040811,2009-03-11,TMIN,124
IRM00040811,2011-07-29,TMAX,468
IRM00040798,2008-06-26,TMIN,146
IRM00040831,2005-01-17,TMIN,88
IRM00040831,2006-04-25,TMAX,314
IRM00040831,2008-09-28,TMAX,400
IRM00040811,2007-05-19,TMAX,406
IRM00040798,2006-11-17,TMAX,58
IRM00040811,2009-03-09,TMIN,150
IRM00040798,2010-11-04,TMAX,132
IRM00040831,2013-11-07,TMIN,150
IRM00040800,2012-08-27,TMAX,328
IRM00040811,2008-10-09,TMIN,226
IRM00040831,2010-09-22,TMAX,430
IRM00040831,2011-02-17,TMAX,232
IRM00040811,2008-10-09,TMAX,406
IRM00040811,2011-05-16,TMIN,258
IRM00040831,2006-06-10,TMAX,456
IRM00040831,2013-09-14,TMIN,218
IRM00040811,2009-02-27,TMAX,286
IRM00040831,2005-09-02,TMIN,260
IRM00040811,2015-03-12,TMAX,276
IRM00040798,2010-12-01,TMAX,178
IRM00040811,2013-06-25,TMAX,450
IRM00040798,2009-05-18,TMIN,14
IRM00040831,2011-04-14,TMAX,282
IRM00040831,2011-04-14,TMIN,136
IRM00040811,2006-09-25,TMAX,440
IRM00040831,2015-09-27,TMIN,228
IRM00040831,2015-05-08,TMAX,358
IRM00040831,2014-08-22,TMAX,470
IRM00040811,2010-03-25,TMAX,308
IRM00040798,2009-05-12,TMAX,198
IRM00040798,2008-11-18,TMIN,-52
IRM00040798,2009-04-14,TMAX,140
IRM00040831,2011-12-19,TMAX,210
IRM00040831,2005-09-02,TMAX,472
IRM00040798,2013-05-01,TMAX,188
IRM00040798,2010-12-27,TMAX,86
IRM00040800,2007-02-06,TMAX,148
IRM00040800,2009-04-20,TMAX,220
IRM00040798,2015-02-19,TMIN,-30
IRM00040831,2014-03-09,TMAX,294
IRM00040831,2011-07-04,TMAX,444
IRM00040831,2011-12-19,TMIN,60
IRM00040800,2008-01-14,TMAX,-30
IRM00040798,2009-05-18,TMAX,226
IRM00040811,2015-01-27,TMAX,226
IRM00040811,2015-09-02,TMAX,426
IRM00040831,2006-01-14,TMAX,176
IRM00040800,2013-10-25,TMAX,210
IRM00040800,2013-11-12,TMAX,206
IRM00040831,2011-01-29,TMAX,206
IRM00040811,2015-07-03,TMAX,496
IRM00040811,2013-04-02,TMAX,350
IRM00040831,2014-05-21,TMIN,260
IRM00040811,2015-06-14,TMAX,462
IRM00040831,2011-02-18,TMAX,224
IRM00040798,2015-10-03,TMIN,55
IRM00040831,2015-04-29,TMAX,400
IRM00040811,2015-06-14,TMIN,278
IRM00040798,2006-05-15,TMAX,264
IRM00040811,2015-11-20,TMAX,226
IRM00040798,2012-08-12,TMIN,114
IRM00040798,2015-07-17,TMIN,120
IRM00040831,2007-04-15,TMIN,170
IRM00040798,2006-03-30,TMAX,94
IRM00040811,2011-05-23,TMAX,426
IRM00040831,2014-09-08,TMAX,462
IRM00040811,2007-12-20,TMAX,170
IRM00040800,2012-09-13,TMAX,334
IRM00040798,2015-02-08,TMIN,-5
IRM00040811,2011-05-10,TMIN,204
IRM00040798,2006-10-09,TMAX,250
IRM00040798,2009-04-14,TMIN,-10
IRM00040798,2007-07-31,TMAX,326
IRM00040831,2009-07-23,TMIN,290
IRM00040798,2015-06-14,TMAX,346
IRM00040811,2007-05-06,TMAX,404
IRM00040798,2013-05-02,TMAX,166
IRM00040800,2011-08-09,TMAX,376
IRM00040798,2005-10-30,TMIN,-20
IRM00040831,2009-06-29,TMIN,304
IRM00040831,2012-05-18,TMIN,290
IRM00040798,2014-12-28,TMIN,-71
IRM00040798,2013-04-08,TMAX,194
IRM00040798,2005-10-30,TMAX,210
IRM00040831,2009-02-14,TMIN,66
IRM00040798,2006-11-29,TMIN,-72
IRM00040831,2012-03-23,TMAX,280
IRM00040798,2015-02-08,TMAX,90
IRM00040798,2008-01-09,TMAX,6
IRM00040811,2015-01-27,TMIN,118
IRM00040811,2008-01-25,TMAX,126
IRM00040831,2009-02-14,TMAX,228
IRM00040831,2011-11-08,TMIN,90
IRM00040811,2009-03-09,TMAX,304
IRM00040811,2012-04-05,TMAX,334
IRM00040831,2005-08-13,TMIN,294
IRM00040798,2015-07-17,TMAX,348
IRM00040798,2006-11-17,TMIN,-74
IRM00040831,2010-08-23,TMIN,306
IRM00040798,2015-10-03,TMAX,290
IRM00040831,2015-01-17,TMIN,90
IRM00040798,2006-05-15,TMIN,54
IRM00040798,2007-05-25,TMIN,60
IRM00040798,2013-05-09,TMIN,10
IRM00040798,2011-06-09,TMIN,84
IRM00040800,2010-10-08,TMAX,294
IRM00040798,2014-12-28,TMAX,142
IRM00040831,2011-11-03,TMAX,254
IRM00040811,2011-03-27,TMIN,134
IRM00040798,2008-04-11,TMIN,-30
IRM00040798,2013-04-27,TMAX,210
IRM00040831,2015-05-20,TMIN,248
IRM00040811,2008-05-05,TMAX,388
IRM00040800,2009-01-19,TMAX,110
IRM00040831,2012-02-01,TMAX,206
IRM00040798,2012-01-18,TMIN,-148
IRM00040798,2015-04-18,TMAX,163
IRM00040800,2010-11-26,TMAX,176
IRM00040811,2012-05-17,TMIN,256
IRM00040811,2011-03-27,TMAX,270
IRM00040798,2015-08-07,TMIN,89
IRM00040831,2008-07-15,TMAX,478
IRM00040831,2012-11-29,TMAX,184
IRM00040811,2007-01-28,TMAX,214
IRM00040811,2006-09-12,TMAX,456
IRM00040831,2009-05-20,TMAX,430
IRM00040800,2009-01-19,TMIN,-59
IRM00040798,2012-06-16,TMIN,82
IRM00040831,2008-07-15,TMIN,322
IRM00040811,2012-07-26,TMIN,314
IRM00040811,2007-04-25,TMIN,208
IRM00040798,2006-02-03,TMAX,122
IRM00040798,2015-11-13,TMAX,171
IRM00040798,2009-03-10,TMIN,48
IRM00040800,2012-09-01,TMAX,356
IRM00040798,2009-06-27,TMIN,76
IRM00040831,2008-05-31,TMIN,270
IRM00040831,2013-06-18,TMIN,258
IRM00040831,2015-11-17,TMAX,268
IRM00040798,2010-03-18,TMIN,74
IRM00040831,2010-09-08,TMAX,476
IRM00040811,2007-06-25,TMIN,270
IRM00040831,2011-06-17,TMAX,470
IRM00040798,2012-06-24,TMAX,316
IRM00040798,2009-03-10,TMAX,176
IRM00040800,2008-05-20,TMAX,316
IRM00040800,2013-11-10,TMAX,214
IRM00040811,2009-04-04,TMAX,250
IRM00040831,2007-04-19,TMIN,216
IRM00040800,2011-12-10,TMAX,116
IRM00040831,2012-10-28,TMAX,324
IRM00040831,2015-02-18,TMAX,220
IRM00040811,2014-02-05,TMAX,132
IRM00040811,2007-06-25,TMAX,458
IRM00040800,2012-08-02,TMAX,380
IRM00040798,2012-01-18,TMAX,82
IRM00040831,2013-01-12,TMIN,38
IRM00040831,2006-08-21,TMIN,288
IRM00040798,2010-08-04,TMIN,122
IRM00040798,2007-03-20,TMAX,104
IRM00040831,2012-11-29,TMIN,116
IRM00040811,2014-05-22,TMAX,402
IRM00040831,2012-04-03,TMIN,210
IRM00040798,2010-07-31,TMIN,138
IRM00040800,2015-10-19,TMAX,248
IRM00040798,2009-12-13,TMAX,64
IRM00040811,2013-05-25,TMIN,254
IRM00040831,2009-05-20,TMIN,239
IRM00040831,2006-05-04,TMAX,384
IRM00040800,2005-10-24,TMAX,204
IRM00040811,2012-08-16,TMIN,296
IRM00040831,2006-06-30,TMIN,268
IRM00040831,2006-04-04,TMIN,176
IRM00040798,2015-08-25,TMIN,88
IRM00040831,2006-08-21,TMAX,496
IRM00040831,2015-09-27,TMAX,422
IRM00040798,2009-12-16,TMAX,96
IRM00040800,2012-03-08,TMAX,174
IRM00040811,2008-04-16,TMAX,374
IRM00040800,2011-07-17,TMAX,364
IRM00040831,2015-05-10,TMIN,240
IRM00040811,2006-09-25,TMIN,255
IRM00040811,2009-02-27,TMIN,128
IRM00040831,2006-04-04,TMAX,300
IRM00040798,2015-05-15,TMAX,222
IRM00040798,2010-09-19,TMIN,42
IRM00040831,2006-06-30,TMAX,450
IRM00040800,2008-11-21,TMAX,186
IRM00040811,2011-11-08,TMAX,226
IRM00040798,2008-01-25,TMAX,18
IRM00040831,2009-10-20,TMIN,178
IRM00040800,2006-11-15,TMAX,122
IRM00040798,2012-06-16,TMAX,296
IRM00040831,2015-05-10,TMAX,386
IRM00040798,2006-02-03,TMIN,-32
IRM00040798,2010-07-31,TMAX,296
IRM00040831,2013-06-18,TMAX,430
IRM00040800,2009-12-25,TMAX,136
IRM00040811,2012-07-26,TMAX,476
IRM00040811,2011-02-03,TMAX,122
IRM00040831,2010-09-08,TMIN,266
IRM00040831,2012-04-03,TMAX,330
IRM00040811,2007-09-19,TMAX,438
IRM00040811,2007-09-19,TMIN,230
IRM00040798,2015-08-25,TMAX,322
IRM00040831,2011-09-19,TMIN,228
IRM00040831,2007-12-04,TMIN,60
IRM00040811,2005-03-28,TMAX,284
IRM00040811,2015-12-14,TMAX,176
IRM00040811,2014-09-03,TMAX,474
IRM00040811,2007-04-25,TMAX,284
IRM00040800,2012-10-24,TMAX,246
IRM00040811,2011-06-06,TMIN,286
IRM00040798,2011-04-20,TMAX,206
IRM00040811,2010-03-25,TMIN,160
IRM00040811,2006-12-25,TMAX,164
IRM00040798,2011-03-08,TMIN,-48
IRM00040798,2011-06-30,TMAX,382
IRM00040798,2009-06-26,TMIN,74
IRM00040831,2011-01-05,TMAX,236
IRM00040811,2009-04-29,TMIN,250
IRM00040798,2010-07-25,TMAX,330
IRM00040800,2015-05-29,TMAX,340
IRM00040831,2009-07-03,TMIN,314
IRM00040831,2012-06-13,TMIN,320
IRM00040811,2013-06-27,TMAX,450
IRM00040831,2012-06-13,TMAX,482
IRM00040831,2013-01-30,TMAX,192
IRM00040831,2005-03-27,TMIN,100
IRM00040798,2006-12-04,TMAX,26
IRM00040798,2013-08-29,TMAX,310
IRM00040831,2013-09-08,TMIN,220
IRM00040800,2013-11-25,TMAX,142
IRM00040811,2006-10-26,TMAX,356
IRM00040800,2008-10-09,TMAX,298
IRM00040800,2013-07-07,TMAX,394
IRM00040800,2010-08-29,TMAX,342
IRM00040831,2011-07-14,TMIN,290
IRM00040800,2012-10-05,TMAX,280
IRM00040811,2012-09-10,TMIN,250
IRM00040798,2013-08-24,TMAX,334
IRM00040811,2010-06-16,TMIN,306
IRM00040798,2010-08-04,TMAX,302
IRM00040811,2012-05-14,TMIN,278
IRM00040800,2008-10-10,TMAX,300
IRM00040798,2009-01-10,TMAX,54
IRM00040831,2014-03-07,TMIN,170
IRM00040798,2012-03-08,TMAX,138
IRM00040831,2006-08-10,TMIN,276
IRM00040798,2015-11-15,TMAX,169
IRM00040831,2014-01-09,TMAX,122
IRM00040831,2006-03-30,TMAX,288
IRM00040831,2008-03-08,TMAX,300
IRM00040831,2008-03-08,TMIN,110
IRM00040811,2005-09-24,TMAX,432
IRM00040798,2011-02-15,TMIN,-122
IRM00040798,2010-07-25,TMIN,116
IRM00040800,2012-06-23,TMAX,344
IRM00040811,2014-12-06,TMAX,238
IRM00040800,2006-12-24,TMAX,60
IRM00040811,2014-12-06,TMIN,110
IRM00040811,2006-10-26,TMIN,226
IRM00040811,2010-05-02,TMAX,272
IRM00040800,2014-03-30,TMAX,194
IRM00040798,2008-12-20,TMAX,80
IRM00040798,2005-03-06,TMIN,-86
IRM00040831,2009-04-01,TMIN,102
IRM00040798,2015-08-07,TMAX,336
IRM00040800,2008-12-02,TMAX,96
IRM00040798,2015-07-25,TMAX,297
IRM00040800,2012-11-30,TMAX,122
IRM00040831,2014-08-06,TMAX,444
IRM00040798,2015-06-20,TMIN,71
IRM00040798,2007-05-23,TMIN,52
IRM00040811,2012-07-14,TMIN,298
IRM00040831,2009-01-16,TMAX,180
IRM00040798,2011-02-10,TMIN,-126
IRM00040811,2014-11-16,TMAX,284
IRM00040798,2009-09-16,TMAX,280
IRM00040811,2007-05-19,TMIN,254
IRM00040811,2012-09-10,TMAX,436
IRM00040800,2012-01-16,TMAX,96
IRM00040831,2014-04-23,TMIN,252
IRM00040800,2008-09-28,TMAX,322
IRM00040831,2011-07-23,TMIN,306
IRM00040800,2011-10-25,TMAX,242
IRM00040811,2015-06-19,TMIN,288
IRM00040811,2015-06-19,TMAX,446
IRM00040831,2015-07-01,TMAX,442
IRM00040798,2012-03-08,TMIN,-106
IRM00040800,2014-05-18,TMAX,274
IRM00040811,2012-08-25,TMIN,290
IRM00040798,2006-08-29,TMAX,300
IRM00040798,2011-02-10,TMAX,16
IRM00040831,2015-06-22,TMIN,290
IRM00040798,2012-12-01,TMAX,116
IRM00040800,2009-05-19,TMAX,294
IRM00040798,2013-09-19,TMAX,284
IRM00040831,2007-09-13,TMIN,248
IRM00040831,2011-07-23,TMAX,460
IRM00040811,2005-10-22,TMIN,178
IRM00040811,2015-01-12,TMAX,164
IRM00040831,2012-10-20,TMAX,350
IRM00040798,2015-06-09,TMIN,118
IRM00040800,2015-04-26,TMAX,222
IRM00040798,2011-01-09,TMAX,86
IRM00040800,2009-07-26,TMIN,180
IRM00040798,2014-07-27,TMAX,370
IRM00040798,2011-08-21,TMAX,338
IRM00040798,2015-06-09,TMAX,335
IRM00040798,2015-06-20,TMAX,333
IRM00040811,2013-06-14,TMIN,276
IRM00040811,2006-05-06,TMAX,380
IRM00040811,2011-11-13,TMAX,280
IRM00040811,2012-08-25,TMAX,452
IRM00040798,2015-02-01,TMAX,143
IRM00040811,2012-03-20,TMIN,74
IRM00040798,2014-07-27,TMIN,116
IRM00040811,2010-08-05,TMAX,468
IRM00040798,2013-03-29,TMAX,180
IRM00040831,2007-09-13,TMAX,438
IRM00040800,2011-04-21,TMAX,262
IRM00040798,2013-07-24,TMIN,120
IRM00040800,2009-10-21,TMAX,220
IRM00040811,2014-02-12,TMIN,50
IRM00040811,2008-01-17,TMAX,138
IRM00040798,2005-09-25,TMIN,50
IRM00040811,2005-08-21,TMAX,460
IRM00040831,2015-02-07,TMAX,234
IRM00040800,2011-10-20,TMAX,270
IRM00040811,2007-08-06,TMAX,472
IRM00040831,2008-01-09,TMAX,114
IRM00040800,2010-10-18,TMAX,300
IRM00040811,2014-02-26,TMAX,290
IRM00040811,2012-06-24,TMAX,432
IRM00040800,2010-10-29,TMAX,227
IRM00040798,2015-03-13,TMIN,-60
IRM00040811,2006-07-03,TMAX,450
IRM00040831,2015-12-10,TMAX,192
IRM00040831,2009-12-06,TMAX,242
IRM00040831,2009-06-28,TMAX,504
IRM00040831,2012-03-12,TMAX,254
IRM00040798,2009-03-04,TMAX,88
IRM00040800,2011-04-11,TMAX,232
IRM00040831,2015-06-21,TMIN,300
IRM00040800,2014-09-29,TMAX,332
IRM00040800,2006-09-24,TMAX,328
IRM00040831,2015-04-01,TMAX,296
IRM00040811,2012-11-07,TMIN,160
IRM00040811,2015-03-26,TMIN,160
IRM00040811,2012-05-14,TMAX,420
IRM00040800,2013-11-09,TMAX,214
IRM00040800,2010-05-31,TMAX,338
IRM00040800,2011-07-14,TMAX,374
IRM00040811,2007-01-25,TMIN,66
IRM00040800,2013-02-28,TMAX,204
IRM00040831,2007-12-24,TMAX,150
IRM00040831,2007-06-15,TMAX,460
IRM00040798,2013-05-29,TMAX,260
IRM00040800,2015-04-18,TMAX,224
IRM00040798,2014-12-25,TMAX,120
IRM00040811,2011-10-10,TMIN,202
IRM00040798,2011-09-05,TMIN,56
IRM00040800,2013-07-15,TMAX,394
IRM00040798,2011-04-06,TMAX,158
IRM00040800,2009-06-19,TMAX,334
IRM00040811,2015-02-02,TMAX,250
IRM00040811,2014-01-21,TMIN,78
IRM00040800,2015-03-16,TMAX,210
IRM00040800,2015-01-20,TMAX,86
IRM00040811,2014-01-26,TMAX,184
IRM00040798,2012-12-12,TMAX,86
IRM00040800,2012-07-08,TMAX,396
IRM00040811,2006-05-20,TMIN,230
IRM00040811,2015-12-29,TMAX,204
IRM00040798,2010-08-02,TMIN,92
IRM00040811,2015-05-10,TMAX,386
IRM00040800,2010-12-21,TMAX,158
IRM00040798,2014-09-30,TMIN,39
IRM00040811,2015-02-02,TMIN,94
IRM00040798,2010-08-02,TMAX,290
IRM00040798,2010-12-04,TMAX,162
IRM00040831,2011-09-01,TMAX,460
IRM00040800,2011-03-04,TMAX,76
IRM00040798,2010-09-19,TMAX,276
IRM00040800,2014-02-14,TMAX,138
IRM00040811,2014-03-04,TMIN,106
IRM00040798,2006-08-17,TMAX,286
IRM00040831,2006-08-27,TMAX,482
IRM00040831,2012-02-25,TMAX,150
IRM00040831,2015-01-18,TMAX,162
IRM00040798,2013-07-24,TMAX,378
IRM00040798,2006-08-17,TMIN,98
IRM00040811,2012-08-12,TMIN,296
IRM00040798,2009-04-04,TMAX,90
IRM00040798,2006-04-14,TMAX,210
IRM00040811,2013-05-10,TMIN,216
IRM00040811,2012-08-12,TMAX,480
IRM00040831,2007-01-01,TMAX,122
IRM00040831,2009-02-06,TMAX,234
IRM00040800,2008-10-10,TMIN,116
IRM00040831,2013-03-22,TMAX,298
IRM00040811,2011-12-26,TMIN,108
IRM00040831,2008-06-02,TMIN,320
IRM00040811,2005-09-24,TMIN,216
IRM00040800,2009-02-09,TMAX,160
IRM00040831,2008-06-02,TMAX,466
IRM00040831,2011-01-12,TMAX,170
IRM00040811,2014-06-11,TMIN,300
IRM00040800,2013-12-04,TMAX,204
IRM00040798,2009-01-10,TMIN,-88
IRM00040811,2011-12-26,TMAX,218
IRM00040831,2011-07-14,TMAX,516
IRM00040831,2012-09-11,TMAX,458
IRM00040831,2006-08-27,TMIN,294
IRM00040798,2008-06-24,TMAX,294
IRM00040811,2015-12-24,TMAX,150
IRM00040811,2012-04-15,TMAX,290
IRM00040811,2007-01-13,TMAX,182
IRM00040831,2012-09-11,TMIN,260
IRM00040811,2012-12-22,TMAX,200
IRM00040800,2008-12-07,TMAX,120
IRM00040811,2014-03-04,TMAX,256
IRM00040831,2006-05-15,TMAX,424
IRM00040831,2009-03-01,TMAX,236
IRM00040811,2008-05-24,TMAX,454
IRM00040811,2012-02-05,TMIN,46
IRM00040798,2007-09-07,TMIN,52
IRM00040800,2012-07-31,TMAX,374
IRM00040811,2014-08-11,TMIN,298
IRM00040811,2006-02-03,TMIN,132
IRM00040800,2006-04-25,TMAX,232
IRM00040811,2013-02-26,TMAX,254
IRM00040831,2006-08-10,TMAX,486
IRM00040800,2014-07-19,TMAX,390
IRM00040811,2006-02-03,TMAX,222
IRM00040800,2011-06-22,TMAX,386
IRM00040800,2011-02-28,TMAX,176
IRM00040831,2009-08-05,TMIN,308
IRM00040831,2008-09-25,TMIN,260
IRM00040831,2014-03-07,TMAX,302
IRM00040811,2012-08-18,TMIN,284
IRM00040811,2011-03-04,TMAX,180
IRM00040831,2006-07-20,TMAX,484
IRM00040811,2006-05-14,TMIN,250
IRM00040800,2015-11-08,TMAX,180
IRM00040798,2011-06-20,TMIN,112
IRM00040798,2010-04-06,TMIN,74
IRM00040831,2011-07-05,TMIN,254
IRM00040831,2006-07-20,TMIN,280
IRM00040798,2007-08-14,TMIN,88
IRM00040798,2015-02-24,TMAX,69
IRM00040800,2007-03-30,TMAX,142
IRM00040831,2007-12-11,TMIN,88
IRM00040831,2007-06-02,TMIN,274
IRM00040798,2005-03-06,TMAX,104
IRM00040798,2008-01-24,TMAX,36
IRM00040811,2014-05-30,TMIN,260
IRM00040811,2008-01-05,TMAX,206
IRM00040800,2009-11-23,TMAX,124
IRM00040811,2014-07-07,TMIN,282
IRM00040798,2005-09-25,TMAX,298
IRM00040798,2012-08-24,TMIN,102
IRM00040798,2007-08-14,TMAX,322
IRM00040831,2011-01-08,TMAX,206
IRM00040831,2013-03-18,TMAX,274
IRM00040811,2009-08-11,TMIN,302
IRM00040831,2007-06-02,TMAX,446
IRM00040831,2015-03-30,TMAX,308
IRM00040811,2013-02-18,TMAX,222
IRM00040800,2015-11-04,TMAX,178
IRM00040831,2008-06-27,TMIN,268
IRM00040811,2007-12-22,TMAX,132
IRM00040798,2015-12-04,TMAX,107
IRM00040798,2012-04-21,TMAX,182
IRM00040798,2012-12-16,TMAX,46
IRM00040811,2008-12-03,TMIN,100
IRM00040811,2012-06-28,TMIN,298
IRM00040811,2008-04-24,TMAX,404
IRM00040798,2007-12-22,TMAX,50
IRM00040811,2013-02-18,TMIN,104
IRM00040798,2011-03-29,TMAX,152
IRM00040800,2012-02-05,TMAX,42
IRM00040831,2013-04-30,TMAX,292
IRM00040800,2012-05-16,TMAX,286
IRM00040811,2013-01-26,TMAX,188
IRM00040831,2010-08-09,TMIN,314
IRM00040831,2009-08-06,TMIN,290
IRM00040811,2009-08-11,TMAX,442
IRM00040798,2009-01-03,TMIN,-98
IRM00040798,2012-09-15,TMIN,76
IRM00040831,2009-08-06,TMAX,474
IRM00040800,2008-01-21,TMAX,82
IRM00040831,2009-07-19,TMAX,458
IRM00040811,2011-12-30,TMAX,214
IRM00040831,2008-06-27,TMAX,476
IRM00040831,2015-04-23,TMAX,360
IRM00040811,2015-03-11,TMAX,264
IRM00040798,2010-12-27,TMIN,-120
IRM00040811,2010-02-23,TMAX,194
IRM00040831,2015-11-29,TMAX,252
IRM00040798,2014-03-22,TMIN,-52
IRM00040798,2010-04-17,TMAX,184
IRM00040831,2013-06-12,TMIN,266
IRM00040800,2010-02-27,TMAX,144
IRM00040831,2009-06-02,TMIN,236
IRM00040798,2013-09-19,TMIN,48
IRM00040798,2006-07-06,TMAX,374
IRM00040798,2011-06-30,TMIN,122
IRM00040811,2006-05-13,TMIN,216
IRM00040831,2011-06-14,TMIN,246
IRM00040798,2008-01-09,TMIN,-242
IRM00040811,2013-12-26,TMAX,180
IRM00040831,2013-04-10,TMAX,328
IRM00040798,2005-05-08,TMIN,8
IRM00040831,2013-04-10,TMIN,212
IRM00040800,2015-01-06,TMAX,150
IRM00040831,2009-02-07,TMIN,140
IRM00040798,2010-04-06,TMAX,172
IRM00040798,2007-12-29,TMAX,0
IRM00040831,2005-03-13,TMAX,212
IRM00040800,2012-10-30,TMAX,202
IRM00040798,2006-07-06,TMIN,124
IRM00040831,2006-10-03,TMAX,416
IRM00040811,2011-04-02,TMIN,148
IRM00040811,2008-01-05,TMIN,86
IRM00040831,2008-05-31,TMAX,446
IRM00040800,2009-12-01,TMAX,116
IRM00040798,2011-03-29,TMIN,-60
IRM00040811,2014-06-01,TMAX,456
IRM00040798,2015-02-16,TMIN,8
IRM00040798,2009-03-21,TMIN,-4
IRM00040800,2006-08-09,TMAX,378
IRM00040831,2015-12-13,TMAX,234
IRM00040798,2015-10-15,TMIN,12
IRM00040831,2009-07-19,TMIN,310
IRM00040811,2014-01-21,TMAX,192
IRM00040800,2012-11-22,TMAX,110
IRM00040831,2009-02-06,TMIN,80
IRM00040798,2013-07-01,TMAX,334
IRM00040798,2006-01-14,TMAX,34
IRM00040800,2006-08-09,TMIN,200
IRM00040811,2009-06-17,TMIN,300
IRM00040798,2007-02-12,TMAX,80
IRM00040831,2008-09-25,TMAX,430
IRM00040800,2008-06-08,TMAX,364
IRM00040798,2012-09-23,TMIN,56
IRM00040831,2007-12-01,TMIN,58
IRM00040798,2012-08-21,TMIN,98
IRM00040798,2012-02-19,TMAX,36
IRM00040831,2014-04-17,TMIN,244
IRM00040811,2006-02-11,TMAX,180
IRM00040798,2008-01-22,TMIN,-170
IRM00040831,2005-03-29,TMAX,308
IRM00040831,2010-11-02,TMAX,324
IRM00040831,2014-12-24,TMAX,178
IRM00040798,2009-06-26,TMAX,300
IRM00040831,2012-08-21,TMIN,310
IRM00040811,2007-08-16,TMAX,470
IRM00040811,2007-08-16,TMIN,290
IRM00040800,2008-08-25,TMAX,344
IRM00040798,2006-04-28,TMAX,170
IRM00040831,2006-07-30,TMAX,442
IRM00040798,2007-08-22,TMAX,304
IRM00040831,2013-06-05,TMIN,250
IRM00040831,2005-03-29,TMIN,128
IRM00040811,2006-07-02,TMAX,440
IRM00040831,2009-07-23,TMAX,476
IRM00040831,2015-07-04,TMAX,492
IRM00040811,2014-06-01,TMIN,286
IRM00040811,2010-03-11,TMAX,342
IRM00040811,2014-11-03,TMAX,304
IRM00040798,2006-10-16,TMIN,86
IRM00040798,2012-07-07,TMIN,102
IRM00040831,2013-06-05,TMAX,440
IRM00040798,2011-02-11,TMAX,46
IRM00040798,2008-11-06,TMIN,-10
IRM00040798,2012-12-25,TMAX,44
IRM00040798,2008-01-22,TMAX,26
IRM00040811,2008-07-28,TMAX,456
IRM00040811,2014-01-30,TMAX,224
IRM00040798,2009-06-07,TMAX,266
IRM00040811,2010-03-31,TMAX,322
IRM00040800,2006-06-09,TMAX,345
IRM00040798,2014-10-02,TMAX,270
IRM00040811,2012-03-20,TMAX,272
IRM00040800,2014-11-19,TMAX,160
IRM00040811,2008-03-28,TMAX,346
IRM00040831,2013-11-30,TMAX,266
IRM00040811,2014-02-12,TMAX,206
IRM00040811,2012-04-15,TMIN,176
IRM00040798,2013-12-12,TMIN,-6
IRM00040831,2008-09-03,TMIN,298
IRM00040831,2008-09-03,TMAX,434
IRM00040811,2005-10-23,TMAX,292
IRM00040831,2006-03-02,TMAX,296
IRM00040831,2015-07-01,TMIN,302
IRM00040798,2006-10-28,TMAX,186
IRM00040831,2005-06-26,TMIN,266
IRM00040798,2014-01-08,TMAX,-56
IRM00040798,2009-09-16,TMIN,34
IRM00040831,2005-06-26,TMAX,478
IRM00040798,2009-10-02,TMIN,7
IRM00040800,2011-07-04,TMAX,406
IRM00040798,2008-12-20,TMIN,-150
IRM00040798,2015-02-01,TMIN,-91
IRM00040798,2007-07-03,TMIN,148
IRM00040800,2009-04-03,TMAX,174
IRM00040798,2012-04-21,TMIN,16
IRM00040811,2008-02-15,TMAX,220
IRM00040831,2013-09-08,TMAX,444
IRM00040811,2012-11-19,TMIN,164
IRM00040798,2015-10-15,TMAX,234
IRM00040831,2014-04-17,TMAX,390
IRM00040798,2015-02-24,TMIN,-105
IRM00040831,2006-04-14,TMIN,188
IRM00040811,2005-12-13,TMIN,100
IRM00040798,2014-08-13,TMIN,100
IRM00040811,2006-05-14,TMAX,416
IRM00040811,2012-06-29,TMIN,304
IRM00040811,2012-08-18,TMAX,466
IRM00040831,2007-12-11,TMAX,220
IRM00040811,2012-06-28,TMAX,446
IRM00040798,2007-07-03,TMAX,342
IRM00040798,2005-08-13,TMAX,300
IRM00040811,2006-02-11,TMIN,108
IRM00040811,2014-07-07,TMAX,476
IRM00040831,2006-12-01,TMAX,192
IRM00040798,2005-08-13,TMIN,144
IRM00040811,2013-12-10,TMAX,116
IRM00040798,2006-10-16,TMAX,216
IRM00040798,2010-09-22,TMIN,50
IRM00040811,2012-06-29,TMAX,448
IRM00040811,2011-03-02,TMIN,130
IRM00040831,2007-12-01,TMAX,234
IRM00040800,2014-01-18,TMAX,14
IRM00040831,2012-08-21,TMAX,496
IRM00040811,2012-08-30,TMIN,278
IRM00040798,2007-04-09,TMAX,160
IRM00040798,2009-09-17,TMAX,260
IRM00040798,2012-11-20,TMAX,78
IRM00040800,2009-09-23,TMAX,310
IRM00040800,2012-02-26,TMAX,124
IRM00040798,2007-04-09,TMIN,30
IRM00040831,2006-03-02,TMIN,170
IRM00040811,2005-01-17,TMAX,186
IRM00040831,2012-07-28,TMAX,510
IRM00040798,2010-03-11,TMAX,210
IRM00040798,2009-09-17,TMIN,36
IRM00040811,2013-05-10,TMAX,374
IRM00040811,2009-04-29,TMAX,346
IRM00040811,2014-11-03,TMIN,154
IRM00040811,2013-03-07,TMAX,172
IRM00040831,2006-04-14,TMAX,346
IRM00040811,2008-09-25,TMIN,250
IRM00040811,2006-07-02,TMIN,294
IRM00040831,2007-02-06,TMAX,210
IRM00040831,2012-11-26,TMAX,188
IRM00040798,2012-12-16,TMIN,-80
IRM00040831,2010-09-10,TMAX,448
IRM00040811,2005-10-30,TMIN,180
IRM00040798,2009-04-01,TMAX,68
IRM00040811,2008-03-29,TMIN,198
IRM00040831,2009-04-13,TMAX,362
IRM00040800,2014-07-08,TMAX,370
IRM00040811,2011-09-04,TMAX,442
IRM00040800,2013-10-03,TMAX,314
IRM00040831,2013-01-23,TMAX,220
IRM00040831,2015-09-15,TMAX,464
IRM00040831,2010-06-20,TMAX,450
IRM00040798,2009-10-18,TMAX,228
IRM00040831,2015-09-19,TMIN,280
IRM00040811,2007-06-30,TMAX,472
IRM00040831,2015-07-10,TMIN,276
IRM00040831,2015-09-19,TMAX,442
IRM00040798,2009-10-18,TMIN,10
IRM00040800,2011-12-12,TMAX,104
IRM00040798,2011-03-24,TMAX,144
IRM00040800,2008-09-22,TMIN,140
IRM00040798,2015-11-17,TMIN,-33
IRM00040798,2014-11-04,TMIN,58
IRM00040800,2008-09-22,TMAX,326
IRM00040831,2010-08-31,TMAX,480
IRM00040798,2014-11-04,TMAX,96
IRM00040800,2013-10-18,TMAX,272
IRM00040811,2008-06-11,TMIN,256
IRM00040831,2010-07-15,TMAX,468
IRM00040831,2010-12-04,TMIN,68
IRM00040811,2010-04-28,TMIN,226
IRM00040831,2014-09-10,TMAX,442
IRM00040800,2014-04-26,TMAX,296
IRM00040800,2006-02-28,TMAX,198
IRM00040800,2012-07-21,TMAX,358
IRM00040800,2015-05-08,TMAX,268
IRM00040831,2015-07-10,TMAX,458
IRM00040831,2007-02-27,TMAX,254
IRM00040800,2010-05-26,TMAX,322
IRM00040811,2009-09-19,TMAX,412
IRM00040798,2013-10-29,TMAX,150
IRM00040811,2005-06-04,TMAX,444
IRM00040831,2010-03-03,TMAX,232
IRM00040798,2014-04-19,TMAX,227
IRM00040811,2007-08-02,TMAX,486
IRM00040831,2015-09-15,TMIN,290
IRM00040798,2010-11-14,TMIN,-44
IRM00040798,2014-02-23,TMIN,-33
IRM00040798,2015-07-27,TMIN,118
IRM00040831,2008-10-13,TMAX,392
IRM00040800,2011-05-09,TMAX,230
IRM00040831,2015-08-23,TMIN,266
IRM00040798,2010-04-27,TMAX,214
IRM00040800,2012-05-13,TMAX,314
IRM00040800,2015-02-01,TMAX,176
IRM00040831,2006-11-17,TMAX,216
IRM00040798,2010-02-21,TMAX,124
IRM00040831,2015-07-24,TMAX,480
IRM00040831,2008-12-09,TMIN,110
IRM00040800,2006-07-30,TMAX,404
IRM00040798,2014-03-19,TMAX,154
IRM00040831,2015-08-23,TMAX,488
IRM00040831,2013-04-15,TMAX,348
IRM00040800,2009-05-25,TMAX,340
IRM00040831,2006-07-14,TMAX,474
IRM00040811,2007-06-30,TMIN,306
IRM00040831,2008-10-07,TMIN,200
IRM00040811,2013-04-14,TMIN,200
IRM00040798,2015-06-17,TMAX,292
IRM00040800,2007-04-16,TMAX,202
IRM00040798,2005-02-06,TMAX,38
IRM00040831,2006-07-19,TMAX,472
IRM00040798,2013-08-20,TMAX,344
IRM00040800,2011-05-21,TMAX,354
IRM00040811,2015-10-25,TMIN,178
IRM00040811,2014-03-20,TMAX,292
IRM00040798,2008-04-15,TMIN,6
IRM00040811,2014-03-20,TMIN,170
IRM00040798,2008-04-15,TMAX,220
IRM00040811,2010-04-28,TMAX,368
IRM00040800,2009-05-18,TMAX,264
IRM00040798,2010-08-22,TMAX,354
IRM00040811,2006-03-16,TMIN,150
IRM00040798,2007-05-16,TMAX,228
IRM00040800,2013-06-23,TMAX,374
IRM00040798,2011-09-16,TMIN,42
IRM00040811,2006-03-16,TMAX,268
IRM00040811,2015-02-03,TMAX,266
IRM00040811,2015-03-02,TMAX,264
IRM00040798,2007-05-16,TMIN,62
IRM00040831,2008-10-15,TMIN,200
IRM00040800,2010-12-24,TMAX,130
IRM00040831,2008-01-24,TMAX,106
IRM00040798,2015-07-27,TMAX,325
IRM00040831,2007-10-31,TMAX,356
IRM00040798,2008-05-09,TMAX,232
IRM00040800,2009-05-18,TMIN,124
IRM00040798,2011-09-28,TMIN,44
IRM00040798,2008-05-09,TMIN,74
IRM00040800,2015-12-12,TMAX,100
IRM00040798,2010-11-18,TMAX,174
IRM00040811,2006-05-23,TMAX,395
IRM00040800,2015-04-06,TMAX,250
IRM00040798,2014-05-25,TMAX,241
IRM00040831,2011-01-14,TMIN,26
IRM00040831,2008-08-10,TMAX,462
IRM00040800,2014-08-02,TMAX,390
IRM00040800,2011-12-23,TMAX,130
IRM00040811,2010-03-03,TMAX,230
IRM00040811,2010-03-22,TMAX,278
IRM00040811,2008-07-13,TMAX,488
IRM00040798,2008-09-17,TMIN,46
IRM00040811,2008-07-13,TMIN,320
IRM00040800,2013-04-02,TMAX,230
IRM00040831,2015-04-04,TMAX,326
IRM00040811,2015-02-03,TMIN,90
IRM00040831,2010-12-04,TMAX,264
IRM00040811,2006-03-19,TMIN,132
IRM00040798,2007-06-02,TMIN,70
IRM00040798,2015-11-19,TMIN,36
IRM00040831,2015-05-01,TMAX,422
IRM00040831,2007-12-16,TMAX,276
IRM00040798,2011-09-16,TMAX,306
IRM00040831,2011-11-12,TMAX,278
IRM00040831,2015-05-01,TMIN,230
IRM00040800,2008-05-01,TMAX,274
IRM00040800,2010-04-04,TMAX,250
IRM00040811,2008-06-11,TMAX,430
IRM00040800,2005-10-29,TMAX,254
IRM00040831,2008-08-26,TMAX,482
IRM00040811,2006-03-19,TMAX,296
IRM00040800,2014-06-16,TMAX,354
IRM00040831,2011-12-10,TMAX,238
IRM00040798,2015-06-19,TMAX,313
IRM00040831,2011-04-03,TMIN,210
IRM00040811,2011-12-24,TMAX,236
IRM00040831,2006-08-17,TMIN,284
IRM00040798,2005-01-31,TMIN,-150
IRM00040811,2014-07-11,TMIN,298
IRM00040798,2011-03-03,TMIN,-72
IRM00040798,2005-01-31,TMAX,70
IRM00040831,2006-08-17,TMAX,472
IRM00040798,2006-10-24,TMAX,206
IRM00040811,2014-06-09,TMIN,328
IRM00040800,2007-10-30,TMAX,230
IRM00040831,2014-07-20,TMAX,456
IRM00040811,2007-08-02,TMIN,306
IRM00040811,2014-05-28,TMAX,422
IRM00040800,2007-04-16,TMIN,42
IRM00040831,2005-11-09,TMAX,240
IRM00040798,2008-10-22,TMAX,224
IRM00040798,2013-08-20,TMIN,92
IRM00040811,2014-02-28,TMAX,266
IRM00040798,2013-06-16,TMAX,344
IRM00040800,2007-11-10,TMAX,250
IRM00040800,2010-01-22,TMAX,152
IRM00040800,2007-01-02,TMAX,30
IRM00040831,2014-08-31,TMAX,444
IRM00040798,2015-05-24,TMIN,49
IRM00040811,2008-05-23,TMIN,258
IRM00040811,2014-05-07,TMIN,248
IRM00040798,2014-12-19,TMAX,139
IRM00040831,2011-12-10,TMIN,78
IRM00040811,2005-10-25,TMAX,310
IRM00040811,2008-08-08,TMIN,302
IRM00040800,2006-10-07,TMAX,278
IRM00040800,2011-09-07,TMAX,336
IRM00040798,2006-07-27,TMAX,364
IRM00040811,2007-05-04,TMIN,242
IRM00040798,2008-02-19,TMIN,54
IRM00040831,2014-11-27,TMAX,224
IRM00040800,2008-07-02,TMAX,340
IRM00040800,2012-04-11,TMIN,130
IRM00040798,2005-12-10,TMAX,146
IRM00040831,2007-12-15,TMAX,250
IRM00040798,2013-09-15,TMAX,304
IRM00040798,2008-02-19,TMAX,112
IRM00040798,2008-03-29,TMAX,220
IRM00040798,2008-03-29,TMIN,18
IRM00040831,2012-08-05,TMAX,492
IRM00040798,2010-05-12,TMIN,34
IRM00040800,2007-02-27,TMAX,142
IRM00040798,2006-01-11,TMAX,28
IRM00040811,2015-04-27,TMIN,208
IRM00040798,2006-09-19,TMAX,246
IRM00040798,2013-03-31,TMIN,-68
IRM00040831,2006-01-17,TMAX,144
IRM00040811,2015-04-27,TMAX,342
IRM00040798,2011-05-24,TMIN,40
IRM00040800,2014-04-07,TMAX,234
IRM00040831,2014-02-24,TMAX,274
IRM00040811,2007-04-19,TMIN,214
IRM00040811,2007-12-18,TMAX,192
IRM00040831,2014-07-04,TMIN,274
IRM00040831,2006-05-25,TMIN,246
IRM00040811,2014-05-07,TMAX,410
IRM00040800,2012-09-28,TMAX,314
IRM00040800,2010-02-16,TMAX,182
IRM00040831,2008-05-20,TMAX,422
IRM00040831,2012-02-11,TMAX,222
IRM00040811,2008-03-27,TMIN,236
IRM00040811,2008-03-27,TMAX,342
IRM00040811,2008-08-09,TMAX,476
IRM00040798,2015-08-03,TMAX,312
IRM00040811,2005-12-11,TMIN,100
IRM00040811,2007-04-19,TMAX,320
IRM00040798,2015-01-16,TMAX,97
IRM00040811,2012-03-06,TMAX,200
IRM00040800,2010-05-21,TMAX,322
IRM00040811,2008-07-03,TMIN,296
IRM00040798,2009-04-15,TMAX,172
IRM00040798,2011-05-30,TMIN,80
IRM00040811,2005-12-11,TMAX,266
IRM00040811,2015-10-25,TMAX,366
IRM00040800,2013-02-11,TMAX,188
IRM00040831,2009-11-05,TMAX,318
IRM00040811,2010-11-06,TMAX,300
IRM00040798,2012-01-12,TMAX,114
IRM00040811,2014-10-17,TMAX,320
IRM00040798,2015-06-19,TMIN,68
IRM00040798,2010-05-12,TMAX,270
IRM00040811,2006-05-23,TMIN,244
IRM00040811,2005-06-04,TMIN,264
IRM00040798,2015-11-17,TMAX,182
IRM00040811,2014-07-11,TMAX,450
IRM00040811,2011-02-15,TMIN,48
IRM00040811,2007-08-26,TMAX,476
IRM00040798,2007-05-17,TMAX,212
IRM00040798,2011-03-02,TMAX,100
IRM00040800,2012-06-10,TMAX,344
IRM00040831,2007-07-31,TMIN,270
IRM00040811,2011-05-08,TMAX,404
IRM00040831,2009-03-04,TMAX,244
IRM00040811,2010-10-23,TMAX,398
IRM00040831,2012-03-07,TMAX,238
IRM00040811,2011-03-06,TMAX,230
IRM00040831,2007-07-31,TMAX,502
IRM00040798,2010-10-14,TMAX,246
IRM00040798,2010-10-14,TMIN,4
IRM00040798,2006-02-21,TMAX,104
IRM00040831,2015-10-15,TMAX,392
IRM00040811,2011-12-08,TMIN,58
IRM00040831,2013-04-05,TMAX,290
IRM00040798,2010-07-20,TMAX,374
IRM00040831,2009-03-04,TMIN,106
IRM00040811,2011-12-08,TMAX,218
IRM00040831,2013-08-10,TMIN,270
IRM00040798,2008-10-22,TMIN,4
IRM00040800,2014-06-02,TMAX,338
IRM00040798,2013-01-22,TMAX,132
IRM00040798,2015-01-18,TMIN,-61
IRM00040798,2013-02-08,TMAX,148
IRM00040811,2012-12-03,TMAX,212
IRM00040811,2007-10-29,TMAX,354
IRM00040811,2006-04-14,TMAX,347
IRM00040811,2006-04-14,TMIN,190
IRM00040798,2010-07-20,TMIN,130
IRM00040798,2006-08-24,TMAX,320
IRM00040811,2007-10-12,TMIN,206
IRM00040800,2008-11-16,TMAX,120
IRM00040798,2015-11-08,TMIN,12
IRM00040800,2008-05-11,TMAX,286
IRM00040811,2014-08-07,TMAX,456
IRM00040831,2013-05-10,TMAX,388
IRM00040798,2010-11-14,TMAX,168
IRM00040831,2014-06-05,TMIN,226
IRM00040800,2014-10-08,TMAX,258
IRM00040811,2008-11-08,TMIN,138
IRM00040811,2015-11-14,TMAX,250
IRM00040798,2015-06-21,TMIN,83
IRM00040831,2009-08-07,TMIN,284
IRM00040831,2009-04-28,TMIN,210
IRM00040831,2009-08-07,TMAX,478
IRM00040798,2007-09-19,TMIN,44
IRM00040798,2012-06-11,TMIN,108
IRM00040831,2010-05-04,TMAX,342
IRM00040798,2012-06-11,TMAX,294
IRM00040811,2015-03-07,TMIN,136
IRM00040831,2015-04-22,TMAX,368
IRM00040811,2008-01-30,TMAX,202
IRM00040811,2010-04-04,TMAX,362
IRM00040798,2014-06-12,TMIN,96
IRM00040798,2007-09-19,TMAX,298
IRM00040831,2009-11-23,TMIN,90
IRM00040811,2010-09-25,TMAX,434
IRM00040831,2010-09-14,TMIN,242
IRM00040831,2006-03-16,TMAX,274
IRM00040811,2008-01-14,TMAX,100
IRM00040831,2007-09-01,TMAX,468
IRM00040800,2009-02-21,TMAX,160
IRM00040811,2008-05-29,TMAX,426
IRM00040811,2010-04-30,TMIN,234
IRM00040831,2009-04-28,TMAX,380
IRM00040831,2013-05-10,TMIN,240
IRM00040831,2010-02-06,TMAX,164
IRM00040798,2015-05-07,TMAX,223
IRM00040798,2014-10-12,TMIN,12
IRM00040800,2008-09-14,TMAX,340
IRM00040811,2007-05-25,TMIN,274
IRM00040811,2006-01-24,TMAX,218
IRM00040798,2015-04-06,TMIN,-13
IRM00040811,2011-02-15,TMAX,184
IRM00040798,2015-04-06,TMAX,227
IRM00040811,2009-02-23,TMIN,118
IRM00040800,2015-08-25,TMAX,372
IRM00040798,2009-06-22,TMIN,66
IRM00040798,2014-03-07,TMAX,178
IRM00040798,2013-01-17,TMIN,-150
IRM00040798,2007-10-22,TMAX,222
IRM00040798,2013-01-17,TMAX,98
IRM00040811,2008-11-08,TMAX,270
IRM00040798,2007-10-22,TMIN,16
IRM00040811,2009-02-23,TMAX,220
IRM00040798,2014-07-20,TMAX,352
IRM00040831,2007-09-03,TMIN,262
IRM00040811,2009-07-28,TMAX,450
IRM00040800,2010-05-27,TMAX,322
IRM00040800,2012-11-25,TMIN,10
IRM00040831,2010-05-04,TMIN,216
IRM00040811,2008-01-30,TMIN,78
IRM00040811,2008-08-09,TMIN,302
IRM00040831,2013-07-13,TMAX,466
IRM00040800,2013-07-13,TMAX,420
IRM00040798,2015-05-18,TMAX,265
IRM00040831,2011-08-24,TMAX,470
IRM00040831,2005-09-28,TMAX,394
IRM00040811,2009-08-22,TMAX,458
IRM00040798,2009-12-01,TMAX,20
IRM00040831,2007-02-21,TMIN,88
IRM00040800,2009-11-07,TMAX,190
IRM00040800,2009-12-26,TMIN,0
IRM00040831,2005-11-11,TMAX,248
IRM00040798,2009-08-10,TMIN,92
IRM00040798,2011-04-02,TMIN,-44
IRM00040811,2012-05-29,TMIN,244
IRM00040811,2014-05-09,TMIN,246
IRM00040831,2007-12-31,TMAX,220
IRM00040831,2008-09-23,TMAX,426
IRM00040798,2015-03-30,TMIN,8
IRM00040798,2012-02-18,TMAX,78
IRM00040831,2007-12-15,TMIN,170
IRM00040800,2013-10-14,TMAX,254
IRM00040798,2007-03-22,TMIN,-52
IRM00040798,2008-12-18,TMAX,-4
IRM00040798,2013-07-13,TMAX,366
IRM00040798,2011-01-24,TMAX,70
IRM00040798,2007-03-22,TMAX,126
IRM00040831,2010-02-14,TMIN,140
IRM00040831,2012-09-29,TMAX,410
IRM00040798,2014-04-10,TMAX,194
IRM00040831,2013-03-25,TMAX,258
IRM00040831,2013-06-11,TMAX,416
IRM00040831,2010-02-14,TMAX,278
IRM00040811,2015-07-21,TMAX,464
IRM00040800,2013-02-27,TMAX,188
IRM00040831,2007-09-01,TMIN,290
IRM00040800,2008-12-25,TMAX,194
IRM00040798,2007-09-27,TMIN,24
IRM00040811,2009-12-02,TMAX,202
IRM00040831,2005-09-28,TMIN,208
IRM00040831,2007-02-21,TMAX,222
IRM00040800,2008-05-16,TMAX,300
IRM00040811,2008-07-01,TMAX,422
IRM00040800,2009-08-27,TMAX,384
IRM00040811,2007-02-18,TMAX,218
IRM00040800,2013-05-19,TMAX,290
IRM00040798,2010-05-11,TMAX,244
IRM00040798,2013-05-03,TMAX,152
IRM00040831,2013-06-11,TMIN,270
IRM00040798,2015-06-21,TMAX,344
IRM00040798,2005-12-19,TMAX,80
IRM00040811,2008-01-14,TMIN,20
IRM00040831,2009-11-23,TMAX,230
IRM00040831,2007-03-14,TMAX,256
IRM00040798,2012-01-10,TMAX,118
IRM00040831,2006-05-25,TMAX,412
IRM00040798,2010-11-18,TMIN,-96
IRM00040811,2008-08-15,TMIN,300
IRM00040831,2011-08-24,TMIN,290
IRM00040800,2007-05-06,TMAX,280
IRM00040800,2007-11-11,TMAX,242
IRM00040811,2008-09-30,TMAX,372
IRM00040831,2012-05-16,TMIN,284
IRM00040811,2015-07-21,TMIN,318
IRM00040831,2014-06-05,TMAX,404
IRM00040798,2007-09-27,TMAX,278
IRM00040798,2010-04-15,TMIN,30
IRM00040811,2012-05-30,TMIN,260
IRM00040798,2008-10-05,TMAX,256
IRM00040800,2005-08-27,TMAX,364
IRM00040798,2008-01-11,TMIN,-92
IRM00040831,2009-12-23,TMIN,120
IRM00040800,2012-01-21,TMAX,36
IRM00040798,2011-10-19,TMAX,250
IRM00040798,2010-02-06,TMAX,44
IRM00040811,2010-06-25,TMIN,298
IRM00040798,2011-09-28,TMAX,276
IRM00040831,2007-02-14,TMAX,222
IRM00040800,2014-12-27,TMAX,134
IRM00040800,2009-07-10,TMAX,392
IRM00040800,2006-12-09,TMAX,96
IRM00040798,2011-10-19,TMIN,6
IRM00040798,2012-06-10,TMAX,310
IRM00040811,2010-01-20,TMAX,186
IRM00040811,2015-06-07,TMAX,484
IRM00040831,2014-10-31,TMAX,320
IRM00040831,2006-09-13,TMIN,240
IRM00040811,2008-10-27,TMAX,320
IRM00040798,2012-06-10,TMIN,68
IRM00040798,2010-02-06,TMIN,-58
IRM00040798,2012-09-08,TMIN,72
IRM00040831,2008-10-15,TMAX,406
IRM00040798,2005-10-19,TMIN,10
IRM00040798,2012-09-08,TMAX,302
IRM00040811,2012-05-29,TMAX,406
IRM00040800,2012-06-04,TMAX,324
IRM00040831,2009-09-06,TMAX,468
IRM00040811,2007-02-19,TMAX,218
IRM00040831,2014-09-21,TMIN,220
IRM00040831,2006-09-13,TMAX,466
IRM00040811,2014-03-05,TMAX,292
IRM00040798,2007-02-18,TMAX,102
IRM00040831,2011-03-26,TMAX,230
IRM00040798,2008-04-10,TMAX,164
IRM00040811,2006-08-26,TMAX,474
IRM00040800,2009-11-05,TMAX,210
IRM00040811,2011-06-21,TMAX,452
IRM00040800,2013-04-12,TMAX,254
IRM00040800,2012-12-07,TMAX,130
IRM00040798,2008-09-17,TMAX,290
IRM00040831,2015-04-04,TMIN,188
IRM00040798,2015-11-08,TMAX,161
IRM00040811,2013-03-05,TMAX,282
IRM00040811,2007-10-12,TMAX,385
IRM00040800,2012-07-02,TMAX,380
IRM00040811,2015-06-07,TMIN,226
IRM00040811,2008-07-29,TMIN,300
IRM00040811,2014-12-28,TMIN,98
IRM00040831,2015-02-25,TMIN,90
IRM00040811,2013-07-18,TMAX,482
IRM00040798,2010-03-31,TMAX,156
IRM00040800,2013-11-04,TMAX,180
IRM00040811,2007-02-27,TMAX,244
IRM00040798,2014-08-14,TMIN,90
IRM00040831,2015-10-10,TMAX,370
IRM00040831,2012-09-12,TMIN,270
IRM00040798,2010-03-31,TMIN,-30
IRM00040831,2015-10-10,TMIN,246
IRM00040798,2007-02-18,TMIN,-80
IRM00040831,2009-12-23,TMAX,214
IRM00040798,2006-10-12,TMIN,-31
IRM00040811,2010-04-05,TMIN,222
IRM00040798,2006-10-12,TMAX,252
IRM00040831,2010-08-07,TMAX,492
IRM00040811,2010-04-30,TMAX,372
IRM00040800,2006-09-17,TMAX,316
IRM00040811,2012-11-29,TMIN,106
IRM00040800,2007-07-22,TMAX,352
IRM00040798,2011-07-27,TMAX,334
IRM00040831,2011-12-06,TMIN,14
IRM00040798,2011-07-27,TMIN,134
IRM00040811,2012-11-29,TMAX,142
IRM00040800,2009-03-20,TMAX,236
IRM00040798,2009-06-22,TMAX,274
IRM00040800,2013-02-05,TMAX,156
IRM00040811,2015-11-14,TMIN,126
IRM00040831,2013-07-10,TMAX,476
IRM00040811,2005-09-22,TMAX,422
IRM00040798,2015-05-18,TMIN,19
IRM00040800,2005-11-24,TMAX,182
IRM00040831,2011-12-06,TMAX,188
IRM00040831,2011-11-12,TMIN,120
IRM00040811,2009-09-19,TMIN,270
IRM00040798,2013-07-27,TMIN,120
IRM00040831,2013-05-15,TMAX,382
IRM00040798,2012-02-18,TMIN,-12
IRM00040811,2011-06-15,TMIN,270
IRM00040798,2006-07-31,TMIN,94
IRM00040798,2014-01-04,TMAX,-6
IRM00040800,2012-04-26,TMAX,232
IRM00040811,2006-06-23,TMAX,486
IRM00040811,2012-08-13,TMAX,462
IRM00040811,2014-04-17,TMIN,230
IRM00040800,2015-12-02,TMAX,234
IRM00040831,2011-09-13,TMAX,428
IRM00040831,2011-09-13,TMIN,226
IRM00040798,2005-10-19,TMAX,226
IRM00040798,2009-01-14,TMAX,2
IRM00040798,2014-06-14,TMIN,39
IRM00040811,2007-03-02,TMAX,172
IRM00040811,2013-11-17,TMAX,254
IRM00040798,2010-12-29,TMAX,110
IRM00040798,2010-12-29,TMIN,-158
IRM00040831,2014-04-18,TMIN,232
IRM00040831,2009-08-26,TMAX,496
IRM00040811,2007-02-18,TMIN,86
IRM00040831,2011-12-12,TMAX,180
IRM00040831,2015-02-25,TMAX,224
IRM00040831,2012-07-12,TMAX,486
IRM00040811,2009-12-27,TMAX,204
IRM00040811,2009-12-27,TMIN,110
IRM00040800,2010-09-11,TMAX,326
IRM00040811,2010-12-11,TMAX,188
IRM00040800,2007-07-03,TMAX,374
IRM00040831,2014-01-03,TMAX,174
IRM00040811,2010-12-11,TMIN,88
IRM00040800,2010-10-25,TMAX,264
IRM00040811,2009-01-30,TMAX,184
IRM00040831,2008-01-10,TMIN,36
IRM00040800,2011-10-08,TMAX,280
IRM00040831,2007-09-03,TMAX,478
IRM00040800,2014-09-26,TMAX,322
IRM00040800,2014-02-20,TMAX,138
IRM00040831,2009-12-13,TMAX,212
IRM00040800,2005-09-27,TMAX,330
IRM00040798,2010-09-04,TMAX,288
IRM00040811,2007-06-06,TMAX,442
IRM00040798,2009-04-15,TMIN,-34
IRM00040811,2012-11-08,TMAX,338
IRM00040798,2010-02-14,TMIN,-58
IRM00040811,2007-07-07,TMIN,298
IRM00040800,2010-03-09,TMAX,232
IRM00040800,2012-07-19,TMAX,366
IRM00040811,2007-04-05,TMAX,324
IRM00040798,2009-11-12,TMAX,153
IRM00040798,2006-06-15,TMIN,74
IRM00040798,2010-10-20,TMAX,262
IRM00040798,2011-06-11,TMIN,56
IRM00040831,2013-07-13,TMIN,298
IRM00040831,2011-07-13,TMIN,300
IRM00040811,2010-01-04,TMAX,206
IRM00040811,2009-12-01,TMIN,108
IRM00040831,2011-03-19,TMIN,114
IRM00040798,2012-11-11,TMAX,194
IRM00040798,2014-04-10,TMIN,60
IRM00040811,2007-08-11,TMIN,310
IRM00040811,2010-06-19,TMAX,456
IRM00040811,2015-04-02,TMAX,294
IRM00040831,2011-03-19,TMAX,300
IRM00040831,2005-09-10,TMIN,210
IRM00040811,2015-09-24,TMIN,248
IRM00040831,2005-09-10,TMAX,436
IRM00040831,2012-07-03,TMIN,294
IRM00040831,2012-06-11,TMIN,254
IRM00040800,2005-12-26,TMAX,114
IRM00040811,2012-07-18,TMIN,294
IRM00040811,2006-08-10,TMAX,484
IRM00040811,2010-01-04,TMIN,68
IRM00040811,2015-09-24,TMAX,430
IRM00040798,2010-02-14,TMAX,152
IRM00040811,2006-12-18,TMIN,80
IRM00040831,2009-04-19,TMIN,178
IRM00040800,2011-06-10,TMIN,196
IRM00040831,2010-05-10,TMAX,406
IRM00040831,2006-08-05,TMIN,290
IRM00040831,2010-05-10,TMIN,268
IRM00040831,2006-08-05,TMAX,482
IRM00040811,2008-09-27,TMAX,388
IRM00040831,2011-08-16,TMIN,274
IRM00040798,2015-06-06,TMAX,316
IRM00040811,2006-03-20,TMIN,148
IRM00040831,2014-12-11,TMAX,254
IRM00040831,2012-05-03,TMIN,288
IRM00040831,2011-07-13,TMAX,502
IRM00040831,2014-08-13,TMAX,482
IRM00040811,2010-12-29,TMIN,68
IRM00040831,2008-12-07,TMAX,218
IRM00040800,2006-08-14,TMAX,350
IRM00040798,2010-01-01,TMAX,66
IRM00040831,2012-12-07,TMAX,236
IRM00040831,2014-07-22,TMAX,450
IRM00040831,2009-07-07,TMIN,282
IRM00040811,2011-03-11,TMIN,160
IRM00040800,2013-07-04,TMAX,376
IRM00040811,2011-11-17,TMAX,260
IRM00040831,2011-08-16,TMAX,464
IRM00040831,2008-12-10,TMAX,254
IRM00040831,2015-04-28,TMIN,226
IRM00040811,2007-01-15,TMAX,150
IRM00040831,2007-07-08,TMAX,460
IRM00040811,2007-06-01,TMAX,418
IRM00040798,2006-06-15,TMAX,316
IRM00040800,2007-04-17,TMAX,230
IRM00040800,2010-12-30,TMAX,100
IRM00040831,2010-09-21,TMIN,260
IRM00040798,2014-11-18,TMAX,107
IRM00040798,2006-10-04,TMIN,34
IRM00040831,2009-02-05,TMAX,216
IRM00040831,2013-03-29,TMIN,164
IRM00040798,2006-10-04,TMAX,274
IRM00040831,2005-11-04,TMAX,334
IRM00040811,2015-03-24,TMAX,236
IRM00040800,2015-03-11,TMAX,84
IRM00040811,2008-06-26,TMAX,470
IRM00040800,2007-04-02,TMAX,170
IRM00040831,2005-11-04,TMIN,174
IRM00040798,2008-07-23,TMAX,336
IRM00040800,2015-02-17,TMIN,20
IRM00040798,2014-05-09,TMAX,267
IRM00040798,2005-12-01,TMAX,162
IRM00040811,2011-02-23,TMAX,246
IRM00040798,2009-03-24,TMAX,190
IRM00040831,2011-06-25,TMIN,284
IRM00040798,2014-12-08,TMAX,103
IRM00040800,2010-08-17,TMAX,344
IRM00040811,2011-02-28,TMAX,256
IRM00040800,2012-07-26,TMAX,332
IRM00040811,2015-02-16,TMAX,258
IRM00040798,2006-07-23,TMAX,312
IRM00040798,2006-12-16,TMAX,14
IRM00040831,2012-05-03,TMAX,374
IRM00040811,2005-05-29,TMAX,432
IRM00040811,2008-10-04,TMAX,360
IRM00040798,2009-02-09,TMIN,-82
IRM00040811,2006-12-18,TMAX,138
IRM00040831,2012-07-03,TMAX,490
IRM00040811,2012-12-17,TMAX,194
IRM00040800,2008-02-08,TMAX,114
IRM00040811,2012-07-18,TMAX,476
IRM00040811,2009-01-25,TMAX,156
IRM00040800,2010-05-20,TMAX,336
IRM00040798,2012-02-22,TMIN,-114
IRM00040811,2007-12-15,TMIN,146
IRM00040798,2007-09-01,TMAX,324
IRM00040798,2012-08-11,TMAX,342
IRM00040831,2012-06-11,TMAX,468
IRM00040811,2008-08-29,TMAX,480
IRM00040800,2014-04-23,TMAX,200
IRM00040831,2006-04-30,TMIN,212
IRM00040798,2014-03-02,TMIN,-70
IRM00040798,2013-11-17,TMIN,-26
IRM00040798,2007-09-01,TMIN,86
IRM00040811,2013-07-09,TMIN,310
IRM00040831,2012-04-18,TMAX,304
IRM00040798,2012-11-27,TMAX,62
IRM00040798,2015-02-13,TMIN,45
IRM00040811,2011-02-13,TMAX,154
IRM00040798,2014-01-06,TMIN,-64
IRM00040831,2015-06-07,TMIN,298
IRM00040811,2008-06-26,TMIN,268
IRM00040798,2009-02-09,TMAX,138
IRM00040811,2015-04-02,TMIN,156
IRM00040800,2009-03-31,TMAX,122
IRM00040798,2013-11-17,TMAX,130
IRM00040811,2011-03-01,TMAX,252
IRM00040811,2006-03-20,TMAX,302
IRM00040811,2010-12-29,TMAX,226
IRM00040811,2014-08-04,TMIN,326
IRM00040831,2014-03-02,TMIN,120
IRM00040811,2005-06-12,TMAX,452
IRM00040800,2007-12-16,TMAX,148
IRM00040800,2010-06-09,TMAX,342
IRM00040831,2012-09-04,TMAX,436
IRM00040798,2008-02-09,TMAX,102
IRM00040811,2011-05-14,TMIN,276
IRM00040798,2005-05-29,TMAX,268
IRM00040800,2009-02-13,TMAX,162
IRM00040831,2009-04-21,TMIN,162
IRM00040811,2007-09-27,TMIN,212
IRM00040811,2007-09-27,TMAX,396
IRM00040831,2012-09-04,TMIN,238
IRM00040800,2008-04-13,TMAX,230
IRM00040800,2011-12-17,TMAX,134
IRM00040811,2012-01-28,TMAX,230
IRM00040798,2009-01-07,TMAX,82
IRM00040811,2014-08-04,TMAX,446
IRM00040800,2012-05-30,TMAX,324
IRM00040800,2013-08-09,TMAX,398
IRM00040798,2005-05-29,TMIN,56
IRM00040811,2011-06-02,TMAX,482
IRM00040798,2009-01-07,TMIN,-126
IRM00040831,2014-03-02,TMAX,262
IRM00040831,2010-10-14,TMAX,344
IRM00040811,2009-09-21,TMIN,260
IRM00040811,2015-11-12,TMAX,232
IRM00040831,2012-04-23,TMIN,186
IRM00040831,2009-07-07,TMAX,436
IRM00040811,2009-11-11,TMAX,302
IRM00040831,2010-07-07,TMAX,498
IRM00040831,2005-11-10,TMAX,254
IRM00040811,2007-08-29,TMAX,478
IRM00040811,2005-08-07,TMIN,298
IRM00040800,2010-11-29,TMAX,168
IRM00040798,2009-07-26,TMIN,110
IRM00040811,2010-11-11,TMAX,318
IRM00040798,2005-08-27,TMIN,104
IRM00040798,2015-01-20,TMAX,69
IRM00040800,2012-07-28,TMAX,354
IRM00040811,2008-11-22,TMAX,282
IRM00040800,2013-02-10,TMAX,184
IRM00040811,2005-11-11,TMAX,250
IRM00040831,2010-11-22,TMIN,90
IRM00040798,2007-12-24,TMIN,-206
IRM00040811,2012-02-01,TMIN,116
IRM00040798,2013-01-28,TMAX,134
IRM00040831,2010-11-22,TMAX,274
IRM00040811,2008-06-01,TMAX,456
IRM00040831,2005-11-29,TMAX,250
IRM00040811,2009-02-28,TMAX,234
IRM00040811,2007-06-01,TMIN,282
IRM00040811,2005-08-07,TMAX,480
IRM00040798,2008-11-18,TMAX,112
IRM00040800,2011-05-29,TMAX,346
IRM00040800,2010-07-07,TMAX,400
IRM00040831,2015-04-28,TMAX,388
IRM00040798,2008-06-16,TMAX,346
IRM00040831,2010-07-22,TMAX,470
IRM00040811,2008-08-01,TMIN,310
IRM00040831,2008-10-26,TMAX,328
IRM00040798,2010-10-24,TMIN,0
IRM00040811,2009-09-21,TMAX,386
IRM00040811,2012-05-06,TMIN,250
IRM00040811,2006-03-03,TMIN,124
IRM00040811,2009-11-26,TMAX,194
IRM00040800,2015-06-07,TMAX,356
IRM00040831,2011-02-11,TMAX,192
IRM00040798,2007-08-20,TMAX,302
IRM00040800,2015-05-04,TMAX,292
IRM00040798,2009-12-17,TMAX,70
IRM00040798,2009-06-23,TMAX,292
IRM00040811,2013-04-22,TMAX,294
IRM00040798,2007-08-20,TMIN,90
IRM00040798,2010-04-08,TMIN,38
IRM00040800,2011-06-10,TMAX,336
IRM00040831,2012-12-07,TMIN,96
IRM00040811,2009-07-01,TMAX,492
IRM00040800,2011-06-05,TMAX,350
IRM00040811,2013-08-21,TMIN,274
IRM00040811,2012-05-08,TMAX,386
IRM00040811,2007-01-15,TMIN,60
IRM00040798,2010-04-08,TMAX,196
IRM00040800,2014-03-23,TMAX,136
IRM00040811,2006-08-08,TMIN,300
IRM00040800,2011-11-01,TMAX,170
IRM00040831,2006-12-13,TMAX,146
IRM00040811,2013-07-24,TMIN,320
IRM00040811,2006-08-08,TMAX,470
IRM00040811,2015-03-21,TMAX,304
IRM00040798,2015-12-18,TMAX,82
IRM00040811,2014-02-02,TMIN,68
IRM00040831,2015-05-15,TMIN,276
IRM00040811,2010-04-20,TMAX,340
IRM00040800,2008-07-20,TMAX,374
IRM00040798,2007-10-19,TMAX,244
IRM00040798,2011-12-12,TMAX,120
IRM00040798,2007-10-19,TMIN,16
IRM00040798,2012-08-04,TMIN,130
IRM00040798,2014-01-06,TMAX,18
IRM00040798,2008-11-09,TMIN,-12
IRM00040798,2008-11-09,TMAX,152
IRM00040811,2006-03-03,TMAX,244
IRM00040800,2010-03-06,TMAX,214
IRM00040811,2007-11-12,TMAX,282
IRM00040798,2011-12-12,TMIN,-106
IRM00040831,2007-11-12,TMAX,308
IRM00040811,2009-11-26,TMIN,134
IRM00040811,2014-03-14,TMIN,110
IRM00040831,2006-10-06,TMIN,200
IRM00040831,2012-09-29,TMIN,230
IRM00040811,2012-09-12,TMAX,432
IRM00040831,2015-05-15,TMAX,366
IRM00040811,2006-10-10,TMAX,406
IRM00040811,2007-12-04,TMIN,86
IRM00040811,2013-07-24,TMAX,466
IRM00040811,2013-04-19,TMAX,370
IRM00040811,2010-04-20,TMIN,190
IRM00040831,2005-05-08,TMIN,180
IRM00040800,2013-01-18,TMAX,86
IRM00040798,2009-04-10,TMAX,136
IRM00040831,2014-05-13,TMAX,380
IRM00040811,2011-07-09,TMIN,336
IRM00040831,2013-12-02,TMAX,214
IRM00040831,2009-11-01,TMAX,340
IRM00040811,2008-11-10,TMAX,236
IRM00040800,2013-07-25,TMAX,410
IRM00040798,2008-07-23,TMIN,152
IRM00040800,2008-06-16,TMAX,382
IRM00040831,2013-04-15,TMIN,180
IRM00040831,2012-01-12,TMAX,214
IRM00040831,2007-04-16,TMAX,278
IRM00040811,2006-04-24,TMAX,350
IRM00040800,2006-11-29,TMAX,118
IRM00040811,2006-04-24,TMIN,216
IRM00040800,2006-05-10,TMAX,322
IRM00040831,2007-09-07,TMIN,290
IRM00040831,2015-04-02,TMIN,170
IRM00040831,2005-09-20,TMIN,236
IRM00040811,2015-04-24,TMAX,320
IRM00040831,2008-02-04,TMAX,160
IRM00040798,2013-05-01,TMIN,38
IRM00040798,2008-05-30,TMIN,88
IRM00040798,2014-03-08,TMIN,-23
IRM00040831,2014-07-20,TMIN,278
IRM00040831,2007-09-07,TMAX,440
IRM00040800,2010-05-08,TMAX,236
IRM00040831,2015-04-02,TMAX,294
IRM00040800,2007-08-11,TMAX,350
IRM00040811,2011-03-06,TMIN,70
IRM00040811,2006-12-05,TMIN,48
IRM00040831,2013-09-17,TMIN,278
IRM00040800,2011-03-14,TMAX,190
IRM00040798,2008-05-30,TMAX,262
IRM00040798,2015-08-05,TMAX,313
IRM00040798,2006-07-21,TMIN,106
IRM00040800,2007-02-21,TMAX,144
IRM00040798,2008-08-10,TMAX,346
IRM00040831,2013-08-20,TMAX,474
IRM00040811,2011-03-11,TMAX,256
IRM00040831,2014-03-24,TMAX,300
IRM00040811,2010-05-13,TMAX,390
IRM00040798,2015-09-15,TMIN,75
IRM00040800,2010-04-18,TMIN,76
IRM00040811,2006-08-20,TMIN,310
IRM00040798,2013-09-10,TMAX,312
IRM00040811,2005-10-20,TMAX,374
IRM00040800,2010-04-18,TMAX,210
IRM00040798,2014-03-02,TMAX,150
IRM00040800,2012-02-17,TMAX,120
IRM00040798,2015-02-03,TMAX,177
IRM00040831,2015-02-19,TMAX,190
IRM00040811,2012-03-13,TMAX,270
IRM00040798,2008-04-29,TMAX,252
IRM00040831,2013-08-10,TMAX,454
IRM00040811,2007-05-02,TMIN,218
IRM00040831,2007-10-31,TMIN,164
IRM00040811,2013-09-29,TMAX,384
IRM00040798,2006-01-11,TMIN,-32
IRM00040811,2010-01-22,TMAX,218
IRM00040831,2013-09-21,TMAX,426
IRM00040831,2009-10-26,TMAX,344
IRM00040811,2013-09-29,TMIN,184
IRM00040831,2012-01-31,TMIN,80
IRM00040798,2011-03-02,TMIN,-80
IRM00040811,2007-05-02,TMAX,390
IRM00040831,2014-05-14,TMAX,350
IRM00040798,2010-03-06,TMAX,168
IRM00040798,2014-03-08,TMAX,190
IRM00040798,2006-10-22,TMIN,52
IRM00040831,2013-06-23,TMAX,460
IRM00040831,2005-09-20,TMAX,434
IRM00040811,2006-10-03,TMAX,410
IRM00040800,2011-01-13,TMAX,36
IRM00040811,2012-09-04,TMAX,424
IRM00040798,2015-06-29,TMAX,354
IRM00040811,2010-06-09,TMAX,454
IRM00040800,2006-08-31,TMAX,334
IRM00040811,2012-11-08,TMIN,178
IRM00040831,2014-02-24,TMIN,150
IRM00040811,2015-03-24,TMIN,118
IRM00040831,2008-12-09,TMAX,240
IRM00040798,2013-08-26,TMAX,334
IRM00040798,2010-05-11,TMIN,30
IRM00040811,2014-06-09,TMAX,474
IRM00040798,2006-07-21,TMAX,306
IRM00040798,2005-12-06,TMIN,-12
IRM00040800,2015-07-31,TMAX,350
IRM00040811,2011-05-09,TMAX,382
IRM00040800,2011-01-15,TMAX,32
IRM00040831,2012-11-13,TMAX,218
IRM00040800,2007-02-10,TMAX,104
IRM00040800,2012-01-07,TMAX,124
IRM00040811,2006-08-03,TMIN,300
IRM00040798,2010-09-04,TMIN,78
IRM00040831,2013-10-30,TMAX,252
IRM00040831,2010-02-23,TMAX,212
IRM00040800,2014-03-01,TMAX,170
IRM00040831,2011-06-25,TMAX,470
IRM00040798,2005-12-06,TMAX,134
IRM00040811,2006-08-03,TMAX,475
IRM00040798,2012-11-11,TMIN,30
IRM00040831,2008-11-28,TMAX,258
IRM00040811,2012-09-04,TMIN,250
IRM00040831,2011-08-31,TMAX,452
IRM00040831,2014-08-13,TMIN,300
IRM00040831,2014-11-27,TMIN,100
IRM00040831,2013-09-17,TMAX,452
IRM00040798,2008-03-18,TMIN,-70
IRM00040798,2015-03-15,TMAX,161
IRM00040811,2007-01-12,TMIN,110
IRM00040798,2007-05-12,TMAX,282
IRM00040798,2015-03-15,TMIN,-48
IRM00040831,2011-01-14,TMAX,180
IRM00040800,2012-09-17,TMAX,306
IRM00040800,2013-08-27,TMAX,360
IRM00040811,2012-02-26,TMAX,176
IRM00040831,2013-05-18,TMAX,360
IRM00040811,2009-07-24,TMIN,328
IRM00040798,2013-02-17,TMAX,134
IRM00040831,2012-01-26,TMAX,212
IRM00040811,2007-06-06,TMIN,256
IRM00040831,2012-01-26,TMIN,76
IRM00040798,2006-02-17,TMAX,54
IRM00040811,2008-05-23,TMAX,442
IRM00040831,2013-06-23,TMIN,306
IRM00040800,2014-11-28,TMAX,134
IRM00040811,2007-01-12,TMAX,134
IRM00040798,2007-04-22,TMIN,-36
IRM00040831,2007-04-16,TMIN,168
IRM00040798,2015-06-29,TMIN,111
IRM00040798,2009-08-17,TMIN,108
IRM00040800,2008-02-08,TMIN,-114
IRM00040798,2015-09-15,TMAX,292
IRM00040798,2013-12-22,TMAX,24
IRM00040831,2006-04-30,TMAX,382
IRM00040811,2010-12-12,TMIN,126
IRM00040800,2013-09-24,TMAX,324
IRM00040811,2013-05-30,TMIN,258
IRM00040811,2011-02-13,TMIN,50
IRM00040831,2014-02-10,TMAX,192
IRM00040798,2013-02-22,TMAX,142
IRM00040831,2013-05-24,TMAX,414
IRM00040811,2015-02-16,TMIN,150
IRM00040831,2015-05-05,TMIN,238
IRM00040798,2010-10-28,TMAX,194
IRM00040798,2012-08-11,TMIN,112
IRM00040811,2013-01-04,TMAX,186
IRM00040831,2015-06-16,TMAX,450
IRM00040831,2008-10-28,TMAX,300
IRM00040798,2014-12-08,TMIN,-52
IRM00040831,2006-12-14,TMAX,162
IRM00040800,2011-09-29,TMAX,304
IRM00040811,2013-08-30,TMAX,446
IRM00040811,2014-07-15,TMAX,440
IRM00040798,2009-03-23,TMAX,172
IRM00040798,2013-03-23,TMIN,-62
IRM00040831,2015-06-16,TMIN,300
IRM00040798,2007-04-22,TMAX,202
IRM00040798,2008-08-16,TMAX,306
IRM00040811,2012-03-13,TMIN,168
IRM00040798,2013-02-22,TMIN,-104
IRM00040800,2014-03-13,TMAX,142
IRM00040800,2015-10-10,TMAX,290
IRM00040798,2015-06-04,TMAX,320
IRM00040831,2015-12-30,TMAX,164
IRM00040811,2007-12-15,TMAX,246
IRM00040798,2011-10-29,TMAX,196
IRM00040798,2007-06-20,TMIN,78
IRM00040798,2012-03-26,TMIN,-56
IRM00040800,2007-01-15,TMAX,100
IRM00040831,2009-11-01,TMIN,234
IRM00040811,2008-01-10,TMAX,122
IRM00040811,2012-09-12,TMIN,284
IRM00040800,2014-11-17,TMAX,180
IRM00040798,2012-03-26,TMAX,148
IRM00040811,2005-05-29,TMIN,264
IRM00040798,2006-03-16,TMAX,156
IRM00040831,2010-01-03,TMAX,174
IRM00040811,2011-09-13,TMIN,254
IRM00040800,2011-05-05,TMAX,272
IRM00040831,2008-03-19,TMAX,332
IRM00040798,2005-12-25,TMAX,44
IRM00040831,2009-12-20,TMAX,228
IRM00040798,2006-09-22,TMIN,28
IRM00040798,2006-09-22,TMAX,262
IRM00040798,2011-06-11,TMAX,290
IRM00040831,2015-06-07,TMAX,488
IRM00040798,2009-03-23,TMIN,-26
IRM00040800,2005-10-18,TMAX,278
IRM00040811,2006-08-10,TMIN,310
IRM00040800,2008-02-03,TMAX,40
IRM00040831,2015-05-05,TMAX,368
IRM00040798,2012-07-21,TMAX,316
IRM00040798,2015-06-04,TMIN,75
IRM00040798,2011-10-29,TMIN,22
IRM00040800,2015-08-23,TMAX,388
IRM00040798,2014-09-07,TMAX,312
IRM00040831,2013-03-29,TMAX,324
IRM00040811,2014-12-03,TMIN,74
IRM00040798,2008-10-02,TMIN,36
IRM00040798,2012-07-01,TMAX,312
IRM00040800,2005-11-26,TMAX,158
IRM00040811,2005-12-29,TMAX,148
IRM00040811,2005-12-29,TMIN,46
IRM00040798,2006-10-19,TMIN,34
IRM00040831,2014-09-10,TMIN,270
IRM00040831,2006-01-10,TMAX,192
IRM00040798,2009-09-14,TMAX,306
IRM00040798,2006-10-19,TMAX,248
IRM00040798,2007-12-24,TMAX,-22
IRM00040798,2006-10-22,TMAX,228
IRM00040831,2013-06-01,TMAX,430
IRM00040800,2011-04-06,TMAX,214
IRM00040800,2007-04-12,TMAX,222
IRM00040831,2014-10-16,TMIN,234
IRM00040798,2008-03-18,TMAX,174
IRM00040800,2011-05-02,TMAX,264
IRM00040811,2006-05-11,TMAX,396
IRM00040831,2013-08-20,TMIN,278
IRM00040811,2011-07-23,TMAX,452
IRM00040798,2008-06-04,TMAX,308
IRM00040798,2014-05-31,TMIN,64
IRM00040831,2012-05-06,TMAX,416
IRM00040831,2013-10-30,TMIN,156
IRM00040798,2009-03-24,TMIN,-24
IRM00040798,2007-03-18,TMAX,66
IRM00040811,2011-07-23,TMIN,312
IRM00040831,2006-10-06,TMAX,360
IRM00040831,2010-03-05,TMAX,228
IRM00040811,2010-06-09,TMIN,314
IRM00040798,2009-08-17,TMAX,354
IRM00040831,2013-06-21,TMAX,446
IRM00040798,2011-07-06,TMAX,352
IRM00040811,2006-08-20,TMAX,474
IRM00040800,2013-05-25,TMAX,280
IRM00040831,2014-02-10,TMIN,50
IRM00040811,2014-06-04,TMAX,366
IRM00040798,2014-03-31,TMAX,121
IRM00040800,2014-10-24,TMAX,262
IRM00040800,2015-08-13,TMAX,354
IRM00040811,2014-06-04,TMIN,250
IRM00040831,2014-10-20,TMAX,350
IRM00040800,2006-02-12,TMAX,146
IRM00040798,2008-08-16,TMIN,84
IRM00040831,2007-09-23,TMIN,200
IRM00040831,2008-01-10,TMAX,165
IRM00040798,2008-10-02,TMAX,254
IRM00040831,2007-09-23,TMAX,430
IRM00040811,2012-01-16,TMAX,194
IRM00040811,2009-04-22,TMIN,164
IRM00040798,2014-04-18,TMAX,245
IRM00040800,2010-09-22,TMAX,304
IRM00040831,2006-06-03,TMAX,480
IRM00040831,2008-10-29,TMAX,270
IRM00040798,2005-11-12,TMAX,118
IRM00040798,2005-11-12,TMIN,-28
IRM00040798,2009-09-14,TMIN,36
IRM00040831,2008-08-14,TMAX,446
IRM00040831,2014-10-16,TMAX,352
IRM00040798,2013-12-22,TMIN,-80
IRM00040811,2008-07-03,TMAX,438
IRM00040798,2015-05-06,TMAX,190
IRM00040800,2009-03-04,TMAX,144
IRM00040811,2014-05-09,TMAX,410
IRM00040798,2013-10-27,TMAX,176
IRM00040811,2010-10-11,TMAX,396
IRM00040831,2014-10-24,TMIN,148
IRM00040831,2013-01-15,TMAX,164
IRM00040798,2012-03-28,TMAX,150
IRM00040831,2010-03-09,TMAX,330
IRM00040811,2009-06-10,TMAX,454
IRM00040800,2011-10-07,TMAX,264
IRM00040831,2009-08-30,TMAX,454
IRM00040798,2012-09-16,TMAX,290
IRM00040798,2013-08-05,TMAX,356
IRM00040811,2012-05-04,TMAX,394
IRM00040798,2006-05-20,TMAX,256
IRM00040798,2006-08-28,TMIN,90
IRM00040800,2011-01-31,TMAX,152
IRM00040811,2014-07-21,TMIN,290
IRM00040800,2013-06-03,TMAX,332
IRM00040798,2015-04-15,TMAX,183
IRM00040798,2007-10-11,TMAX,236
IRM00040811,2012-07-06,TMIN,276
IRM00040811,2009-09-16,TMIN,256
IRM00040811,2008-01-22,TMAX,175
IRM00040831,2007-02-26,TMAX,260
IRM00040831,2009-08-30,TMIN,264
IRM00040798,2014-03-09,TMAX,159
IRM00040798,2008-05-16,TMAX,242
IRM00040831,2011-06-10,TMAX,434
IRM00040800,2010-01-04,TMAX,182
IRM00040798,2006-02-26,TMIN,-60
IRM00040798,2009-03-19,TMAX,166
IRM00040800,2011-04-27,TMAX,260
IRM00040800,2013-07-27,TMAX,410
IRM00040798,2006-02-26,TMAX,146
IRM00040831,2009-10-19,TMAX,384
IRM00040800,2007-10-18,TMAX,282
IRM00040798,2012-02-20,TMAX,22
IRM00040798,2014-09-20,TMAX,302
IRM00040800,2011-05-18,TMAX,324
IRM00040798,2006-05-10,TMAX,270
IRM00040798,2010-01-11,TMAX,90
IRM00040811,2011-01-25,TMAX,204
IRM00040800,2012-06-21,TMAX,288
IRM00040831,2014-10-24,TMAX,334
IRM00040798,2007-06-25,TMIN,110
IRM00040831,2014-03-04,TMAX,252
IRM00040831,2015-01-08,TMAX,162
IRM00040798,2014-08-22,TMIN,100
IRM00040798,2006-05-10,TMIN,70
IRM00040811,2010-01-06,TMIN,108
IRM00040798,2014-10-10,TMIN,19
IRM00040800,2007-07-06,TMAX,390
IRM00040798,2013-03-19,TMAX,138
IRM00040798,2007-04-02,TMAX,122
IRM00040798,2009-03-28,TMIN,-92
IRM00040798,2006-08-28,TMAX,300
IRM00040798,2011-05-19,TMIN,84
IRM00040798,2007-04-02,TMIN,20
IRM00040811,2013-04-25,TMIN,166
IRM00040800,2011-01-01,TMAX,144
IRM00040800,2007-12-10,TMAX,134
IRM00040800,2006-03-12,TMAX,166
IRM00040831,2011-11-20,TMAX,238
IRM00040798,2015-04-15,TMIN,17
IRM00040798,2009-10-17,TMAX,236
IRM00040798,2010-01-31,TMAX,114
IRM00040798,2014-03-09,TMIN,-38
IRM00040811,2010-08-26,TMAX,462
IRM00040798,2008-05-22,TMIN,38
IRM00040811,2009-10-28,TMAX,344
IRM00040811,2009-02-02,TMAX,200
IRM00040798,2011-05-18,TMAX,276
IRM00040831,2015-09-17,TMAX,452
IRM00040811,2007-09-18,TMAX,418
IRM00040798,2011-01-02,TMIN,-90
IRM00040831,2012-12-14,TMAX,188
IRM00040811,2012-12-27,TMIN,110
IRM00040831,2007-12-21,TMAX,138
IRM00040831,2012-09-17,TMAX,436
IRM00040811,2011-07-04,TMAX,442
IRM00040831,2012-12-20,TMAX,212
IRM00040798,2010-02-23,TMAX,160
IRM00040800,2008-03-28,TMAX,256
IRM00040811,2007-07-05,TMAX,440
IRM00040811,2009-09-16,TMAX,390
IRM00040800,2006-04-22,TMAX,280
IRM00040831,2006-08-04,TMIN,296
IRM00040798,2013-11-10,TMIN,16
IRM00040800,2006-03-16,TMAX,208
IRM00040831,2012-01-23,TMIN,-6
IRM00040798,2014-04-02,TMIN,3
IRM00040831,2015-07-17,TMIN,318
IRM00040811,2012-10-17,TMAX,368
IRM00040800,2014-10-29,TMAX,188
IRM00040831,2008-03-25,TMIN,160
IRM00040831,2008-09-18,TMAX,428
IRM00040811,2009-01-22,TMAX,180
IRM00040831,2013-04-27,TMAX,336
IRM00040831,2009-01-13,TMAX,136
IRM00040811,2012-02-01,TMAX,222
IRM00040831,2008-04-02,TMIN,190
IRM00040831,2012-12-19,TMAX,186
IRM00040800,2006-01-31,TMAX,96
IRM00040798,2006-05-20,TMIN,20
IRM00040831,2012-10-10,TMAX,380
IRM00040811,2008-03-02,TMIN,126
IRM00040811,2010-03-13,TMAX,354
IRM00040798,2008-05-16,TMIN,18
IRM00040811,2007-12-08,TMAX,196
IRM00040798,2015-11-16,TMIN,-54
IRM00040831,2008-09-18,TMIN,258
IRM00040798,2011-05-19,TMAX,280
IRM00040800,2008-05-14,TMAX,286
IRM00040798,2014-11-12,TMIN,-61
IRM00040800,2012-06-24,TMAX,352
IRM00040798,2007-10-11,TMIN,18
IRM00040798,2014-11-12,TMAX,138
IRM00040831,2008-04-02,TMAX,310
IRM00040798,2009-02-26,TMIN,-62
IRM00040811,2006-04-01,TMAX,302
IRM00040811,2014-02-13,TMAX,226
IRM00040800,2006-01-27,TMAX,104
IRM00040798,2011-03-06,TMIN,-104
IRM00040798,2010-01-31,TMIN,-70
IRM00040811,2006-04-01,TMIN,150
IRM00040831,2012-03-17,TMAX,230
IRM00040800,2006-06-10,TMAX,356
IRM00040831,2014-12-13,TMAX,266
IRM00040798,2011-08-16,TMIN,144
IRM00040811,2005-09-07,TMAX,410
IRM00040831,2007-03-20,TMIN,98
IRM00040811,2010-01-06,TMAX,200
IRM00040811,2007-09-24,TMAX,436
IRM00040831,2015-02-03,TMAX,266
IRM00040798,2005-11-15,TMAX,118
IRM00040800,2014-07-03,TMAX,360
IRM00040798,2014-01-13,TMAX,-8
IRM00040798,2009-03-19,TMIN,-20
IRM00040831,2013-03-24,TMAX,280
IRM00040798,2005-11-15,TMIN,-34
IRM00040831,2010-12-09,TMAX,246
IRM00040831,2014-03-04,TMIN,150
IRM00040800,2014-03-10,TMAX,150
IRM00040798,2013-08-10,TMAX,322
IRM00040831,2012-09-17,TMIN,220
IRM00040798,2014-09-14,TMIN,60
IRM00040831,2007-03-20,TMAX,252
IRM00040798,2014-02-10,TMIN,-175
IRM00040811,2014-04-22,TMAX,372
IRM00040798,2014-04-26,TMIN,6
IRM00040831,2014-09-23,TMAX,418
IRM00040811,2006-05-19,TMIN,260
IRM00040831,2011-01-03,TMIN,54
IRM00040798,2013-04-25,TMIN,-20
IRM00040798,2012-07-25,TMIN,100
IRM00040831,2015-02-03,TMIN,88
IRM00040798,2015-04-11,TMAX,205
IRM00040831,2007-04-02,TMAX,254
IRM00040811,2011-11-05,TMIN,142
IRM00040811,2008-02-19,TMAX,258
IRM00040811,2013-02-05,TMIN,68
IRM00040798,2014-02-10,TMAX,55
IRM00040798,2011-07-09,TMAX,340
IRM00040798,2014-04-09,TMAX,193
IRM00040831,2015-11-20,TMAX,242
IRM00040798,2008-11-04,TMIN,64
IRM00040831,2015-11-03,TMIN,186
IRM00040831,2006-08-11,TMAX,464
IRM00040831,2011-11-29,TMIN,90
IRM00040811,2010-06-17,TMIN,318
IRM00040800,2005-01-24,TMAX,98
IRM00040798,2010-08-27,TMAX,300
IRM00040811,2013-05-19,TMAX,378
IRM00040798,2009-12-31,TMIN,-64
IRM00040831,2015-03-11,TMAX,276
IRM00040798,2010-08-27,TMIN,98
IRM00040800,2012-11-08,TMAX,230
IRM00040811,2014-02-04,TMAX,140
IRM00040800,2014-10-26,TMAX,252
IRM00040831,2008-03-14,TMAX,274
IRM00040798,2006-12-01,TMAX,70
IRM00040798,2011-11-12,TMIN,-44
IRM00040811,2010-03-13,TMIN,180
IRM00040831,2007-04-21,TMAX,330
IRM00040798,2013-08-10,TMIN,106
IRM00040798,2014-12-19,TMIN,-70
IRM00040811,2005-09-07,TMIN,220
IRM00040798,2013-07-27,TMAX,372
IRM00040800,2011-05-25,TMAX,310
IRM00040798,2015-08-03,TMIN,97
IRM00040811,2013-04-25,TMAX,302
IRM00040831,2010-12-09,TMIN,70
IRM00040831,2009-10-19,TMIN,180
IRM00040798,2007-06-25,TMAX,332
IRM00040811,2010-01-21,TMAX,226
IRM00040798,2011-01-24,TMIN,-114
IRM00040798,2009-11-09,TMAX,186
IRM00040800,2011-11-22,TMAX,110
IRM00040831,2008-04-11,TMAX,330
IRM00040811,2007-08-19,TMAX,450
IRM00040831,2007-06-22,TMAX,464
IRM00040831,2015-07-17,TMAX,506
IRM00040811,2006-05-19,TMAX,390
IRM00040831,2011-04-20,TMAX,330
IRM00040798,2015-12-23,TMIN,-115
IRM00040831,2007-06-22,TMIN,264
IRM00040811,2015-05-14,TMIN,270
IRM00040798,2011-08-16,TMAX,364
IRM00040811,2005-11-17,TMAX,208
IRM00040831,2007-04-12,TMAX,266
IRM00040800,2008-10-30,TMAX,134
IRM00040800,2014-09-19,TMAX,342
IRM00040811,2012-10-17,TMIN,182
IRM00040811,2006-07-27,TMIN,310
IRM00040811,2015-08-28,TMAX,472
IRM00040811,2011-10-25,TMIN,160
IRM00040798,2008-10-15,TMIN,38
IRM00040798,2011-03-03,TMAX,98
IRM00040798,2015-12-23,TMAX,101
IRM00040800,2012-11-15,TMAX,164
IRM00040831,2008-02-23,TMAX,212
IRM00040798,2014-05-31,TMAX,304
IRM00040811,2009-06-10,TMIN,286
IRM00040798,2011-05-18,TMIN,78
IRM00040800,2007-03-16,TMAX,130
IRM00040798,2011-03-19,TMIN,-58
IRM00040811,2010-09-04,TMAX,466
IRM00040831,2011-09-16,TMIN,210
IRM00040798,2013-03-13,TMAX,178
IRM00040800,2006-01-10,TMAX,100
IRM00040798,2011-03-19,TMAX,204
IRM00040811,2010-11-04,TMAX,306
IRM00040798,2006-12-01,TMIN,-94
IRM00040811,2006-12-07,TMAX,182
IRM00040831,2009-07-15,TMIN,286
IRM00040800,2009-06-15,TMAX,334
IRM00040831,2012-06-22,TMIN,310
IRM00040800,2011-06-29,TMAX,402
IRM00040811,2011-10-25,TMAX,350
IRM00040831,2009-07-15,TMAX,454
IRM00040798,2013-04-25,TMAX,166
IRM00040831,2011-06-24,TMAX,464
IRM00040831,2012-06-22,TMAX,468
IRM00040831,2010-01-21,TMAX,238
IRM00040798,2009-11-09,TMIN,-12
IRM00040811,2008-09-30,TMIN,220
IRM00040811,2010-09-04,TMIN,314
IRM00040831,2011-01-03,TMAX,224
IRM00040798,2014-08-22,TMAX,318
IRM00040798,2008-02-12,TMIN,10
IRM00040831,2010-11-16,TMAX,320
IRM00040798,2010-05-28,TMAX,296
IRM00040798,2008-10-15,TMAX,264
IRM00040798,2012-03-28,TMIN,-46
IRM00040811,2015-08-28,TMIN,316
IRM00040800,2013-12-14,TMAX,162
IRM00040831,2010-01-24,TMAX,204
IRM00040811,2011-08-21,TMIN,260
IRM00040811,2006-09-14,TMIN,260
IRM00040798,2006-05-31,TMAX,296
IRM00040831,2014-11-03,TMIN,160
IRM00040798,2014-01-02,TMAX,24
IRM00040811,2006-09-14,TMAX,416
IRM00040798,2007-03-14,TMIN,-10
IRM00040831,2007-05-16,TMAX,364
IRM00040800,2012-10-07,TMAX,290
IRM00040811,2011-08-21,TMAX,464
IRM00040831,2009-10-28,TMAX,342
IRM00040800,2007-06-30,TMAX,356
IRM00040798,2012-09-17,TMAX,292
IRM00040831,2009-04-25,TMAX,386
IRM00040798,2013-08-14,TMAX,324
IRM00040811,2012-12-10,TMAX,232
IRM00040800,2011-06-04,TMAX,356
IRM00040831,2009-10-28,TMIN,196
IRM00040831,2014-11-03,TMAX,322
IRM00040798,2013-04-10,TMIN,14
IRM00040831,2015-08-16,TMAX,486
IRM00040798,2008-11-17,TMAX,108
IRM00040811,2012-01-24,TMAX,166
IRM00040831,2014-04-01,TMIN,96
IRM00040798,2007-05-20,TMAX,242
IRM00040798,2012-03-07,TMIN,-108
IRM00040798,2013-04-10,TMAX,198
IRM00040831,2012-05-21,TMAX,454
IRM00040798,2009-02-23,TMAX,92
IRM00040798,2014-12-26,TMAX,134
IRM00040811,2014-10-09,TMAX,382
IRM00040811,2012-08-20,TMAX,466
IRM00040811,2008-05-04,TMAX,380
IRM00040798,2011-03-06,TMAX,96
IRM00040798,2013-02-19,TMIN,-106
IRM00040800,2015-07-27,TMAX,360
IRM00040811,2012-01-16,TMIN,56
IRM00040811,2013-06-01,TMIN,264
IRM00040800,2005-11-30,TMAX,194
IRM00040811,2009-07-19,TMIN,310
IRM00040811,2015-06-12,TMAX,456
IRM00040831,2010-04-03,TMAX,336
IRM00040811,2005-09-13,TMAX,436
IRM00040811,2012-03-21,TMIN,140
IRM00040798,2012-02-24,TMAX,70
IRM00040831,2013-10-24,TMAX,322
IRM00040798,2012-02-24,TMIN,-38
IRM00040800,2013-11-21,TMAX,88
IRM00040831,2012-07-27,TMIN,320
IRM00040798,2015-04-17,TMAX,142
IRM00040800,2013-09-30,TMAX,306
IRM00040800,2009-12-26,TMAX,148
IRM00040798,2006-05-31,TMIN,70
IRM00040798,2015-06-22,TMIN,83
IRM00040831,2012-07-27,TMAX,488
IRM00040800,2009-11-16,TMAX,214
IRM00040800,2013-02-02,TMAX,114
IRM00040811,2009-02-21,TMAX,232
IRM00040800,2008-04-06,TMAX,232
IRM00040831,2013-12-31,TMAX,178
IRM00040798,2014-11-09,TMAX,138
IRM00040811,2013-12-17,TMAX,152
IRM00040831,2006-03-12,TMAX,242
IRM00040811,2009-11-02,TMIN,230
IRM00040811,2005-09-06,TMAX,414
IRM00040831,2009-04-10,TMAX,312
IRM00040831,2011-09-18,TMAX,440
IRM00040798,2009-12-21,TMIN,-150
IRM00040811,2005-09-06,TMIN,246
IRM00040798,2012-09-16,TMIN,68
IRM00040798,2012-07-28,TMAX,328
IRM00040798,2013-08-14,TMIN,110
IRM00040831,2012-05-21,TMIN,278
IRM00040798,2012-07-28,TMIN,88
IRM00040800,2013-03-29,TMAX,238
IRM00040798,2013-08-05,TMIN,128
IRM00040831,2006-05-10,TMAX,432
IRM00040811,2009-08-21,TMAX,452
IRM00040811,2011-08-06,TMAX,492
IRM00040800,2010-03-15,TMAX,272
IRM00040831,2007-09-15,TMIN,250
IRM00040831,2014-09-05,TMAX,458
IRM00040831,2009-12-12,TMAX,214
IRM00040811,2009-11-02,TMAX,340
IRM00040831,2013-04-27,TMIN,150
IRM00040831,2007-09-15,TMAX,456
IRM00040831,2005-11-23,TMAX,268
IRM00040831,2014-05-05,TMIN,220
IRM00040831,2015-02-26,TMAX,236
IRM00040798,2011-03-05,TMIN,-98
IRM00040798,2009-12-26,TMAX,48
IRM00040811,2009-06-28,TMAX,496
IRM00040800,2005-09-25,TMAX,334
IRM00040811,2013-05-29,TMAX,396
IRM00040811,2011-08-06,TMIN,308
IRM00040811,2013-07-09,TMAX,468
IRM00040811,2011-07-04,TMIN,282
IRM00040831,2012-10-16,TMIN,194
IRM00040831,2014-04-01,TMAX,222
IRM00040798,2006-10-20,TMAX,244
IRM00040798,2013-06-16,TMIN,104
IRM00040798,2009-04-26,TMAX,164
IRM00040798,2006-10-20,TMIN,28
IRM00040798,2013-07-13,TMIN,108
IRM00040831,2014-08-05,TMIN,256
IRM00040798,2012-03-07,TMAX,108
IRM00040831,2011-03-22,TMAX,328
IRM00040831,2014-08-14,TMAX,490
IRM00040798,2009-02-23,TMIN,0
IRM00040811,2015-09-17,TMAX,448
IRM00040831,2010-10-29,TMIN,168
IRM00040798,2013-12-24,TMAX,54
IRM00040798,2015-12-30,TMAX,86
IRM00040811,2009-08-21,TMIN,312
IRM00040831,2005-03-14,TMIN,134
IRM00040798,2008-09-04,TMIN,82
IRM00040798,2006-04-25,TMAX,176
IRM00040811,2005-12-12,TMIN,104
IRM00040811,2010-03-15,TMAX,364
IRM00040831,2014-12-15,TMIN,180
IRM00040800,2006-12-26,TMAX,78
IRM00040798,2011-08-17,TMAX,364
IRM00040831,2013-01-24,TMIN,138
IRM00040798,2009-12-21,TMAX,8
IRM00040831,2011-03-22,TMIN,170
IRM00040811,2007-03-15,TMAX,292
IRM00040811,2005-08-27,TMAX,456
IRM00040831,2012-11-05,TMAX,342
IRM00040811,2009-10-02,TMAX,404
IRM00040800,2010-01-12,TMAX,114
IRM00040811,2015-04-30,TMAX,412
IRM00040831,2008-03-07,TMIN,100
IRM00040831,2013-01-24,TMAX,240
IRM00040800,2008-01-22,TMAX,80
IRM00040811,2008-12-18,TMIN,40
IRM00040798,2007-07-11,TMIN,148
IRM00040811,2010-01-12,TMIN,98
IRM00040831,2008-12-31,TMIN,120
IRM00040811,2007-10-29,TMIN,170
IRM00040831,2015-05-28,TMAX,436
IRM00040831,2007-06-21,TMIN,290
IRM00040811,2008-12-18,TMAX,172
IRM00040798,2007-07-11,TMAX,346
IRM00040831,2014-06-25,TMAX,466
IRM00040811,2008-07-17,TMAX,448
IRM00040811,2008-07-17,TMIN,288
IRM00040831,2008-03-07,TMAX,284
IRM00040831,2014-06-25,TMIN,290
IRM00040831,2012-12-20,TMIN,134
IRM00040798,2006-06-09,TMAX,300
IRM00040798,2009-02-20,TMIN,-40
IRM00040798,2013-09-15,TMIN,62
IRM00040811,2007-04-28,TMAX,356
IRM00040811,2015-04-30,TMIN,220
IRM00040831,2008-03-25,TMAX,388
IRM00040811,2005-12-12,TMAX,266
IRM00040798,2014-05-19,TMAX,242
IRM00040831,2008-06-22,TMAX,474
IRM00040798,2008-06-02,TMIN,80
IRM00040831,2009-10-18,TMAX,370
IRM00040831,2006-02-21,TMIN,86
IRM00040831,2010-08-29,TMAX,460
IRM00040798,2010-08-05,TMAX,290
IRM00040831,2015-06-26,TMIN,236
IRM00040811,2006-07-22,TMIN,298
IRM00040831,2012-06-10,TMIN,260
IRM00040798,2014-05-19,TMIN,34
IRM00040831,2012-06-10,TMAX,466
IRM00040798,2014-12-10,TMAX,143
IRM00040831,2013-02-26,TMAX,260
IRM00040798,2014-04-26,TMAX,252
IRM00040811,2008-03-02,TMAX,294
IRM00040831,2015-06-26,TMAX,416
IRM00040800,2012-01-30,TMAX,102
IRM00040798,2014-11-21,TMIN,-55
IRM00040798,2006-06-09,TMIN,80
IRM00040798,2013-05-30,TMIN,4
IRM00040800,2014-03-07,TMAX,222
IRM00040800,2013-01-20,TMAX,164
IRM00040811,2015-06-12,TMIN,290
IRM00040800,2014-03-27,TMAX,200
IRM00040811,2007-11-27,TMAX,206
IRM00040798,2008-05-22,TMAX,272
IRM00040798,2012-08-02,TMIN,130
IRM00040798,2012-08-02,TMAX,346
IRM00040798,2011-04-17,TMIN,-24
IRM00040798,2014-11-21,TMAX,140
IRM00040800,2012-01-17,TMAX,108
IRM00040811,2010-03-15,TMIN,180
IRM00040798,2009-02-20,TMAX,86
IRM00040798,2014-08-14,TMAX,358
IRM00040798,2006-02-02,TMIN,-20
IRM00040798,2006-02-02,TMAX,106
IRM00040831,2013-12-25,TMAX,192
IRM00040831,2012-10-16,TMAX,388
IRM00040831,2014-10-28,TMAX,342
IRM00040831,2012-05-01,TMAX,374
IRM00040798,2011-04-17,TMAX,214
IRM00040798,2007-08-23,TMIN,110
IRM00040811,2012-07-15,TMIN,298
IRM00040798,2008-06-11,TMAX,294
IRM00040811,2006-03-27,TMAX,285
IRM00040800,2011-03-25,TMAX,162
IRM00040800,2010-03-11,TMAX,256
IRM00040811,2012-07-31,TMAX,500
IRM00040831,2013-05-31,TMIN,240
IRM00040811,2010-01-12,TMAX,218
IRM00040811,2006-02-07,TMIN,140
IRM00040831,2008-01-01,TMAX,178
IRM00040798,2007-05-20,TMIN,66
IRM00040831,2014-12-15,TMAX,248
IRM00040831,2011-03-03,TMAX,240
IRM00040831,2007-06-21,TMAX,456
IRM00040811,2012-07-15,TMAX,492
IRM00040831,2011-01-27,TMAX,180
IRM00040811,2010-05-07,TMAX,376
IRM00040811,2008-03-03,TMAX,300
IRM00040811,2008-03-03,TMIN,138
IRM00040831,2011-09-18,TMIN,222
IRM00040800,2015-10-31,TMAX,206
IRM00040811,2012-03-21,TMAX,272
IRM00040831,2008-02-20,TMAX,172
IRM00040831,2009-04-10,TMIN,178
IRM00040811,2006-03-27,TMIN,166
IRM00040811,2013-09-26,TMAX,374
IRM00040831,2011-05-21,TMAX,426
IRM00040798,2015-06-11,TMAX,328
IRM00040798,2008-08-06,TMIN,108
IRM00040811,2007-03-15,TMIN,156
IRM00040831,2011-04-06,TMAX,308
IRM00040811,2010-06-17,TMAX,474
IRM00040798,2008-06-02,TMAX,296
IRM00040798,2007-06-09,TMIN,78
IRM00040811,2010-11-04,TMIN,188
IRM00040831,2015-06-14,TMAX,462
IRM00040798,2007-06-09,TMAX,310
IRM00040798,2013-10-19,TMAX,242
IRM00040831,2014-12-02,TMAX,200
IRM00040831,2011-06-23,TMAX,466
IRM00040811,2011-10-17,TMAX,390
IRM00040800,2009-12-27,TMAX,114
IRM00040811,2014-04-23,TMAX,368
IRM00040831,2015-07-05,TMAX,484
IRM00040831,2012-06-28,TMIN,290
IRM00040800,2011-05-26,TMAX,318
IRM00040831,2008-07-31,TMAX,462
IRM00040831,2013-08-27,TMAX,442
IRM00040831,2015-05-28,TMIN,250
IRM00040831,2012-01-23,TMAX,146
IRM00040831,2012-06-28,TMAX,458
IRM00040798,2008-02-12,TMAX,62
IRM00040811,2008-05-04,TMIN,228
IRM00040798,2011-01-16,TMAX,36
IRM00040800,2008-09-25,TMAX,328
IRM00040811,2007-09-24,TMIN,230
IRM00040811,2012-07-19,TMIN,316
IRM00040798,2011-07-06,TMIN,108
IRM00040800,2009-01-16,TMAX,102
IRM00040800,2010-09-15,TMAX,344
IRM00040798,2015-01-21,TMAX,110
IRM00040811,2006-06-23,TMIN,276
IRM00040811,2009-12-08,TMAX,200
IRM00040831,2009-06-04,TMAX,452
IRM00040811,2010-03-24,TMAX,282
IRM00040831,2010-09-21,TMAX,428
IRM00040800,2007-11-23,TMAX,190
IRM00040831,2010-10-29,TMAX,336
IRM00040811,2007-05-25,TMAX,442
IRM00040798,2008-03-26,TMIN,-4
IRM00040831,2011-06-23,TMIN,278
IRM00040831,2008-08-15,TMIN,250
IRM00040798,2009-01-17,TMAX,66
IRM00040831,2013-05-28,TMAX,406
IRM00040798,2008-03-26,TMAX,226
IRM00040800,2010-04-20,TMAX,234
IRM00040798,2015-09-30,TMAX,274
IRM00040798,2009-11-16,TMAX,168
IRM00040798,2009-02-07,TMAX,102
IRM00040800,2009-03-11,TMAX,214
IRM00040798,2009-02-07,TMIN,-16
IRM00040811,2013-11-16,TMAX,252
IRM00040800,2011-04-28,TMAX,270
IRM00040831,2015-04-21,TMAX,372
IRM00040811,2007-05-22,TMIN,256
IRM00040831,2006-07-05,TMAX,444
IRM00040798,2010-05-28,TMIN,38
IRM00040800,2006-04-08,TMAX,190
IRM00040798,2013-11-15,TMAX,146
IRM00040811,2009-06-25,TMIN,282
IRM00040831,2007-01-03,TMIN,6
IRM00040798,2012-04-20,TMAX,178
IRM00040831,2008-02-10,TMAX,250
IRM00040811,2014-09-23,TMAX,410
IRM00040798,2005-12-19,TMIN,-64
IRM00040831,2008-01-04,TMAX,206
IRM00040798,2014-07-02,TMIN,140
IRM00040831,2008-07-08,TMAX,440
IRM00040798,2012-07-09,TMAX,324
IRM00040811,2009-07-25,TMAX,462
IRM00040831,2012-05-09,TMAX,422
IRM00040798,2012-11-22,TMAX,106
IRM00040831,2008-04-27,TMIN,210
IRM00040798,2010-10-13,TMAX,242
IRM00040831,2012-11-14,TMIN,140
IRM00040811,2015-03-01,TMIN,98
IRM00040800,2010-07-14,TMAX,400
IRM00040798,2010-10-13,TMIN,16
IRM00040798,2011-07-11,TMAX,334
IRM00040800,2015-08-11,TMAX,350
IRM00040811,2006-06-03,TMAX,476
IRM00040831,2011-02-28,TMIN,138
IRM00040800,2010-05-15,TMAX,260
IRM00040811,2007-09-28,TMAX,396
IRM00040798,2015-09-19,TMIN,63
IRM00040831,2009-06-07,TMAX,420
IRM00040831,2007-05-14,TMIN,252
IRM00040798,2015-09-19,TMAX,243
IRM00040798,2013-01-02,TMIN,-84
IRM00040831,2014-09-21,TMAX,440
IRM00040811,2012-07-04,TMIN,288
IRM00040798,2011-08-09,TMAX,342
IRM00040798,2007-06-28,TMAX,304
IRM00040831,2006-10-13,TMIN,226
IRM00040831,2010-03-31,TMAX,338
IRM00040831,2010-03-31,TMIN,176
IRM00040811,2008-06-10,TMAX,430
IRM00040798,2008-07-07,TMAX,340
IRM00040798,2005-11-17,TMIN,24
IRM00040798,2005-11-17,TMAX,102
IRM00040831,2013-11-17,TMAX,260
IRM00040798,2011-06-14,TMAX,298
IRM00040831,2011-09-16,TMAX,424
IRM00040831,2013-11-17,TMIN,128
IRM00040798,2009-02-12,TMAX,66
IRM00040831,2008-07-03,TMAX,450
IRM00040811,2014-09-26,TMAX,418
IRM00040800,2007-09-06,TMAX,326
IRM00040831,2013-02-13,TMIN,130
IRM00040831,2006-05-19,TMIN,260
IRM00040831,2006-10-24,TMAX,346
IRM00040811,2013-10-15,TMAX,346
IRM00040800,2013-08-13,TMAX,344
IRM00040831,2008-07-24,TMIN,292
IRM00040798,2008-07-20,TMIN,178
IRM00040798,2015-02-07,TMIN,-116
IRM00040811,2011-11-15,TMAX,266
IRM00040798,2015-01-21,TMIN,-115
IRM00040811,2011-06-08,TMAX,476
IRM00040800,2013-04-03,TMAX,236
IRM00040798,2008-07-20,TMAX,336
IRM00040831,2006-08-04,TMAX,468
IRM00040811,2012-07-04,TMAX,474
IRM00040800,2006-09-14,TMAX,332
IRM00040811,2011-12-05,TMAX,192
IRM00040800,2011-08-13,TMAX,382
IRM00040831,2009-06-04,TMIN,234
IRM00040811,2006-06-21,TMIN,272
IRM00040798,2007-10-17,TMAX,244
IRM00040800,2011-01-14,TMAX,52
IRM00040811,2015-03-19,TMIN,160
IRM00040811,2015-03-01,TMAX,264
IRM00040798,2009-11-16,TMIN,-12
IRM00040831,2006-02-26,TMAX,248
IRM00040811,2006-06-21,TMAX,478
IRM00040800,2012-06-17,TMAX,326
IRM00040811,2011-06-29,TMIN,296
IRM00040831,2008-07-03,TMIN,256
IRM00040831,2014-10-09,TMAX,378
IRM00040800,2007-11-20,TMAX,206
IRM00040831,2011-07-27,TMIN,320
IRM00040798,2007-10-17,TMIN,22
IRM00040831,2011-07-27,TMAX,512
IRM00040811,2011-06-28,TMIN,290
IRM00040811,2005-09-21,TMAX,424
IRM00040811,2015-03-19,TMAX,280
IRM00040800,2010-03-31,TMAX,198
IRM00040811,2013-10-07,TMAX,354
IRM00040831,2007-12-31,TMIN,108
IRM00040831,2006-07-05,TMIN,284
IRM00040798,2009-01-17,TMIN,-122
IRM00040811,2015-02-27,TMAX,256
IRM00040800,2010-10-11,TMAX,294
IRM00040811,2010-08-21,TMAX,478
IRM00040811,2013-06-20,TMIN,268
IRM00040798,2010-03-15,TMAX,234
IRM00040811,2006-07-14,TMIN,308
IRM00040831,2012-07-21,TMAX,496
IRM00040798,2012-10-20,TMAX,136
IRM00040798,2006-08-24,TMIN,100
IRM00040800,2010-01-02,TMAX,130
IRM00040811,2015-03-07,TMAX,296
IRM00040831,2014-09-15,TMAX,442
IRM00040831,2006-02-12,TMIN,96
IRM00040798,2007-12-21,TMIN,-102
IRM00040798,2006-03-22,TMAX,156
IRM00040811,2013-02-23,TMAX,210
IRM00040831,2009-04-23,TMAX,364
IRM00040798,2014-08-25,TMAX,316
IRM00040831,2009-03-27,TMAX,266
IRM00040811,2008-01-21,TMAX,190
IRM00040811,2006-05-04,TMAX,386
IRM00040831,2014-05-13,TMIN,260
IRM00040811,2007-09-01,TMAX,466
IRM00040811,2013-01-25,TMAX,236
IRM00040831,2006-06-28,TMAX,464
IRM00040800,2012-03-23,TMAX,180
IRM00040811,2010-09-25,TMIN,256
IRM00040811,2012-06-21,TMAX,446
IRM00040811,2012-11-25,TMAX,220
IRM00040831,2014-11-08,TMAX,278
IRM00040831,2005-05-29,TMAX,442
IRM00040811,2009-12-19,TMAX,198
IRM00040811,2013-01-25,TMIN,100
IRM00040831,2006-02-12,TMAX,182
IRM00040831,2009-04-06,TMAX,300
IRM00040811,2011-02-06,TMAX,164
IRM00040831,2009-04-23,TMIN,196
IRM00040798,2009-12-01,TMIN,-98
IRM00040811,2012-06-21,TMIN,286
IRM00040831,2007-02-03,TMIN,96
IRM00040800,2009-09-12,TMAX,336
IRM00040831,2014-07-19,TMIN,310
IRM00040798,2006-07-31,TMAX,340
IRM00040831,2006-05-18,TMAX,426
IRM00040800,2011-06-20,TMAX,384
IRM00040831,2006-05-18,TMIN,268
IRM00040811,2007-09-01,TMIN,260
IRM00040811,2011-06-21,TMIN,304
IRM00040798,2008-05-20,TMAX,258
IRM00040831,2011-03-31,TMIN,138
IRM00040811,2013-12-03,TMAX,244
IRM00040800,2013-11-01,TMAX,196
IRM00040798,2008-05-20,TMIN,58
IRM00040798,2013-08-30,TMIN,76
IRM00040798,2015-03-30,TMAX,173
IRM00040831,2014-07-24,TMAX,466
IRM00040798,2010-06-18,TMIN,140
IRM00040798,2014-07-20,TMIN,136
IRM00040831,2015-08-28,TMIN,306
IRM00040798,2009-01-18,TMIN,-86
IRM00040811,2014-12-28,TMAX,232
IRM00040831,2011-04-03,TMAX,332
IRM00040800,2012-05-21,TMAX,332
IRM00040831,2014-11-08,TMIN,80
IRM00040831,2013-12-30,TMAX,212
IRM00040811,2015-03-02,TMIN,110
IRM00040811,2008-08-15,TMAX,450
IRM00040798,2008-01-11,TMAX,18
IRM00040831,2006-05-19,TMAX,382
IRM00040831,2007-03-18,TMAX,234
IRM00040800,2011-08-02,TMAX,368
IRM00040798,2010-04-15,TMAX,181
IRM00040811,2009-07-25,TMIN,320
IRM00040831,2014-10-09,TMIN,176
IRM00040831,2011-03-31,TMAX,326
IRM00040798,2010-06-18,TMAX,300
IRM00040831,2012-02-22,TMAX,204
IRM00040798,2014-03-11,TMAX,150
IRM00040798,2012-04-27,TMIN,-4
IRM00040831,2012-02-22,TMIN,38
IRM00040831,2012-11-14,TMAX,262
IRM00040831,2012-02-24,TMAX,220
IRM00040831,2015-07-29,TMAX,506
IRM00040798,2010-03-09,TMAX,202
IRM00040811,2007-09-28,TMIN,212
IRM00040811,2013-01-16,TMAX,180
IRM00040800,2013-07-16,TMAX,392
IRM00040798,2012-09-03,TMAX,296
IRM00040831,2008-06-05,TMAX,430
IRM00040831,2012-08-23,TMAX,464
IRM00040798,2007-04-24,TMIN,14
IRM00040798,2012-09-03,TMIN,82
IRM00040798,2011-04-02,TMAX,200
IRM00040831,2011-07-06,TMAX,456
IRM00040798,2008-10-30,TMAX,142
IRM00040798,2010-03-15,TMIN,-12
IRM00040831,2012-12-24,TMAX,228
IRM00040798,2013-01-02,TMAX,120
IRM00040798,2012-04-27,TMAX,218
IRM00040800,2011-03-15,TMAX,136
IRM00040800,2012-11-29,TMAX,114
IRM00040798,2007-07-19,TMAX,320
IRM00040831,2009-06-07,TMIN,270
IRM00040800,2009-02-07,TMAX,170
IRM00040800,2008-02-23,TMAX,124
IRM00040798,2009-03-03,TMIN,-56
IRM00040798,2009-10-28,TMAX,194
IRM00040798,2009-10-28,TMIN,-10
IRM00040798,2012-04-20,TMIN,34
IRM00040831,2013-05-15,TMIN,240
IRM00040811,2010-08-21,TMIN,290
IRM00040811,2009-07-28,TMIN,310
IRM00040831,2008-04-27,TMAX,424
IRM00040800,2008-01-18,TMAX,50
IRM00040811,2010-06-19,TMIN,310
IRM00040811,2008-02-14,TMAX,232
IRM00040798,2011-02-24,TMAX,136
IRM00040831,2011-03-26,TMIN,116
IRM00040831,2007-11-14,TMAX,294
IRM00040831,2015-08-28,TMAX,482
IRM00040811,2011-12-23,TMIN,80
IRM00040831,2009-03-27,TMIN,130
IRM00040811,2006-07-14,TMAX,474
IRM00040798,2009-03-03,TMAX,78
IRM00040800,2009-01-15,TMAX,88
IRM00040831,2006-06-28,TMIN,270
IRM00040798,2013-08-30,TMAX,326
IRM00040831,2005-05-29,TMIN,246
IRM00040811,2014-11-07,TMAX,256
IRM00040798,2007-06-02,TMAX,278
IRM00040800,2015-12-15,TMAX,106
IRM00040831,2010-09-14,TMAX,466
IRM00040831,2012-05-01,TMIN,248
IRM00040798,2008-10-05,TMIN,26
IRM00040831,2007-10-10,TMAX,388
IRM00040811,2013-08-23,TMAX,442
IRM00040800,2012-07-04,TMAX,382
IRM00040811,2012-10-09,TMAX,398
IRM00040811,2006-10-01,TMAX,396
IRM00040798,2008-05-21,TMIN,26
IRM00040811,2013-08-06,TMIN,288
IRM00040800,2014-03-09,TMAX,194
IRM00040811,2011-07-12,TMAX,460
IRM00040800,2010-04-15,TMAX,222
IRM00040800,2009-06-30,TMAX,384
IRM00040798,2008-01-01,TMAX,80
IRM00040811,2006-10-01,TMIN,214
IRM00040831,2010-09-30,TMAX,418
IRM00040798,2013-11-22,TMIN,16
IRM00040811,2013-01-28,TMIN,156
IRM00040811,2013-01-28,TMAX,238
IRM00040798,2014-12-30,TMAX,122
IRM00040798,2015-11-16,TMAX,188
IRM00040831,2009-06-08,TMIN,260
IRM00040800,2014-06-19,TMAX,370
IRM00040800,2007-03-15,TMAX,182
IRM00040831,2008-06-05,TMIN,290
IRM00040831,2007-11-21,TMAX,314
IRM00040831,2010-05-03,TMIN,210
IRM00040798,2013-04-29,TMAX,200
IRM00040811,2015-05-31,TMAX,484
IRM00040811,2011-07-31,TMIN,328
IRM00040811,2014-09-16,TMAX,442
IRM00040798,2008-05-18,TMIN,60
IRM00040831,2006-07-03,TMAX,450
IRM00040798,2005-09-15,TMIN,34
IRM00040798,2007-07-30,TMIN,108
IRM00040798,2014-06-22,TMIN,112
IRM00040800,2006-01-14,TMIN,-134
IRM00040798,2015-11-28,TMIN,-84
IRM00040800,2014-11-07,TMAX,130
IRM00040811,2009-08-26,TMAX,494
IRM00040831,2014-05-14,TMIN,230
IRM00040831,2011-01-26,TMAX,186
IRM00040831,2008-09-24,TMAX,432
IRM00040798,2014-12-30,TMIN,-92
IRM00040800,2014-03-26,TMAX,184
IRM00040798,2007-07-30,TMAX,310
IRM00040798,2006-05-28,TMIN,56
IRM00040798,2007-05-04,TMIN,34
IRM00040798,2013-11-22,TMAX,86
IRM00040798,2007-01-01,TMAX,-58
IRM00040798,2013-07-06,TMIN,94
IRM00040831,2005-11-01,TMAX,340
IRM00040798,2008-05-21,TMAX,270
IRM00040811,2008-06-12,TMIN,280
IRM00040831,2007-05-14,TMAX,396
IRM00040811,2006-08-31,TMAX,460
IRM00040798,2007-05-04,TMAX,236
IRM00040811,2006-10-27,TMIN,240
IRM00040811,2008-06-12,TMAX,400
IRM00040831,2009-02-12,TMAX,204
IRM00040831,2008-08-01,TMAX,490
IRM00040811,2006-10-27,TMAX,352
IRM00040831,2008-09-24,TMIN,218
IRM00040811,2011-11-05,TMAX,320
IRM00040798,2011-12-01,TMIN,-56
IRM00040811,2011-01-03,TMIN,76
IRM00040811,2015-06-10,TMIN,286
IRM00040798,2013-05-03,TMIN,12
IRM00040798,2008-01-20,TMAX,2
IRM00040811,2006-12-04,TMAX,216
IRM00040800,2007-08-10,TMAX,354
IRM00040798,2008-05-18,TMAX,274
IRM00040811,2009-07-24,TMAX,464
IRM00040798,2015-03-18,TMAX,154
IRM00040798,2008-09-04,TMAX,314
IRM00040811,2014-09-16,TMIN,246
IRM00040831,2010-05-03,TMAX,326
IRM00040798,2005-11-04,TMIN,-6
IRM00040798,2005-09-10,TMAX,322
IRM00040800,2006-03-24,TMAX,180
IRM00040800,2008-08-17,TMIN,156
IRM00040811,2012-12-28,TMAX,166
IRM00040831,2012-10-01,TMAX,424
IRM00040798,2011-06-14,TMIN,12
IRM00040831,2015-01-21,TMAX,194
IRM00040831,2013-06-08,TMIN,236
IRM00040800,2013-01-12,TMAX,58
IRM00040798,2009-03-28,TMAX,162
IRM00040800,2009-05-17,TMAX,256
IRM00040811,2012-07-19,TMAX,492
IRM00040811,2013-12-21,TMIN,60
IRM00040831,2009-02-09,TMAX,242
IRM00040800,2007-03-17,TMAX,130
IRM00040798,2015-03-18,TMIN,0
IRM00040811,2011-04-05,TMAX,338
IRM00040811,2006-08-31,TMIN,270
IRM00040811,2006-08-18,TMAX,470
IRM00040831,2007-05-19,TMIN,258
IRM00040798,2006-10-31,TMAX,176
IRM00040798,2006-02-12,TMIN,0
IRM00040798,2007-09-24,TMIN,38
IRM00040798,2006-02-12,TMAX,106
IRM00040811,2015-06-10,TMAX,496
IRM00040811,2011-07-31,TMAX,492
IRM00040831,2014-02-19,TMIN,100
IRM00040831,2006-08-11,TMIN,304
IRM00040800,2011-11-09,TMAX,100
IRM00040811,2006-08-18,TMIN,308
IRM00040831,2013-10-16,TMAX,368
IRM00040811,2009-05-03,TMAX,348
IRM00040798,2012-06-19,TMIN,94
IRM00040798,2005-11-04,TMAX,186
IRM00040798,2012-12-11,TMIN,2
IRM00040811,2015-05-31,TMIN,294
IRM00040798,2013-02-28,TMIN,-12
IRM00040811,2013-07-13,TMAX,464
IRM00040831,2013-03-25,TMIN,124
IRM00040811,2009-05-03,TMIN,220
IRM00040798,2012-06-19,TMAX,294
IRM00040811,2012-12-23,TMAX,208
IRM00040811,2013-07-13,TMIN,314
IRM00040831,2009-04-26,TMIN,250
IRM00040800,2013-12-18,TMAX,74
IRM00040798,2008-01-20,TMIN,-220
IRM00040798,2008-01-16,TMAX,-62
IRM00040798,2011-11-20,TMAX,70
IRM00040798,2013-02-28,TMAX,166
IRM00040811,2007-05-22,TMAX,426
IRM00040831,2008-04-18,TMAX,334
IRM00040800,2006-01-14,TMAX,36
IRM00040798,2015-09-30,TMIN,48
IRM00040798,2011-08-17,TMIN,158
IRM00040831,2008-07-08,TMIN,256
IRM00040798,2008-07-14,TMAX,356
IRM00040798,2014-06-10,TMAX,324
IRM00040811,2011-07-12,TMIN,296
IRM00040798,2011-01-06,TMAX,112
IRM00040798,2015-06-07,TMAX,321
IRM00040831,2008-06-18,TMIN,288
IRM00040811,2014-07-14,TMAX,448
IRM00040831,2007-09-27,TMAX,390
IRM00040798,2008-07-14,TMIN,126
IRM00040798,2015-02-07,TMAX,150
IRM00040831,2012-01-28,TMAX,226
IRM00040811,2005-09-27,TMAX,392
IRM00040800,2013-07-27,TMIN,218
IRM00040798,2005-10-22,TMAX,198
IRM00040831,2008-03-05,TMAX,252
IRM00040831,2015-07-24,TMIN,282
IRM00040831,2007-05-19,TMAX,400
IRM00040831,2008-10-02,TMAX,340
IRM00040798,2015-06-07,TMIN,69
IRM00040800,2009-09-14,TMAX,348
IRM00040811,2011-11-15,TMIN,176
IRM00040798,2013-11-15,TMIN,-22
IRM00040831,2007-07-11,TMIN,270
IRM00040798,2012-03-15,TMAX,158
IRM00040831,2014-01-04,TMAX,166
IRM00040798,2005-09-20,TMAX,280
IRM00040798,2008-08-13,TMIN,100
IRM00040811,2013-10-15,TMIN,140
IRM00040798,2012-07-08,TMAX,344
IRM00040811,2008-10-06,TMIN,190
IRM00040831,2007-09-27,TMIN,206
IRM00040811,2009-08-26,TMIN,320
IRM00040798,2008-07-21,TMIN,162
IRM00040811,2011-01-03,TMAX,188
IRM00040798,2007-09-23,TMAX,288
IRM00040831,2008-07-24,TMAX,500
IRM00040811,2011-06-12,TMIN,294
IRM00040800,2006-10-18,TMAX,276
IRM00040798,2010-05-08,TMAX,190
IRM00040831,2011-10-26,TMIN,224
IRM00040798,2012-07-08,TMIN,90
IRM00040798,2010-05-08,TMIN,8
IRM00040831,2015-04-21,TMIN,182
IRM00040811,2005-09-27,TMIN,234
IRM00040811,2011-06-29,TMAX,468
IRM00040798,2014-03-10,TMIN,16
IRM00040831,2015-12-05,TMIN,70
IRM00040831,2007-01-25,TMAX,194
IRM00040800,2015-07-10,TMAX,374
IRM00040811,2010-05-07,TMIN,208
IRM00040798,2006-11-13,TMAX,82
IRM00040798,2013-03-31,TMAX,190
IRM00040798,2008-07-21,TMAX,328
IRM00040831,2008-06-18,TMAX,448
IRM00040800,2014-06-29,TMAX,392
IRM00040811,2008-10-06,TMAX,390
IRM00040798,2015-11-28,TMAX,147
IRM00040811,2011-06-15,TMAX,418
IRM00040831,2014-01-04,TMIN,70
IRM00040831,2011-02-25,TMAX,228
IRM00040798,2013-02-03,TMAX,28
IRM00040798,2008-12-19,TMAX,12
IRM00040831,2013-02-07,TMAX,222
IRM00040798,2006-06-27,TMIN,104
IRM00040811,2014-05-15,TMAX,352
IRM00040831,2015-01-26,TMAX,234
IRM00040798,2010-03-22,TMIN,-44
IRM00040811,2011-09-29,TMIN,260
IRM00040798,2006-05-28,TMAX,266
IRM00040811,2011-09-29,TMAX,412
IRM00040831,2014-05-29,TMIN,270
IRM00040800,2009-04-06,TMAX,200
IRM00040831,2015-11-03,TMAX,280
IRM00040811,2009-10-06,TMAX,380
IRM00040831,2005-11-01,TMIN,176
IRM00040798,2009-08-06,TMAX,336
IRM00040798,2006-03-22,TMIN,-72
IRM00040798,2013-05-30,TMAX,254
IRM00040798,2015-01-14,TMAX,140
IRM00040798,2014-06-22,TMAX,342
IRM00040831,2010-12-01,TMAX,268
IRM00040798,2013-07-06,TMAX,350
IRM00040798,2015-01-14,TMIN,-129
IRM00040798,2007-01-01,TMIN,-284
IRM00040800,2009-04-12,TMAX,196
IRM00040831,2006-08-07,TMAX,484
IRM00040798,2012-01-06,TMIN,-144
IRM00040798,2013-05-05,TMAX,192
IRM00040811,2011-09-17,TMAX,406
IRM00040800,2015-03-25,TMAX,178
IRM00040798,2006-06-27,TMAX,348
IRM00040798,2007-12-21,TMAX,96
IRM00040811,2010-01-02,TMAX,144
IRM00040800,2012-09-03,TMAX,328
IRM00040831,2007-07-11,TMAX,474
IRM00040811,2008-11-10,TMIN,150
IRM00040798,2007-04-24,TMAX,198
IRM00040798,2012-01-06,TMAX,116
IRM00040831,2011-05-01,TMAX,322
IRM00040798,2010-08-05,TMIN,154
IRM00040831,2011-10-26,TMAX,344
IRM00040831,2014-02-19,TMAX,226
IRM00040800,2009-10-19,TMAX,242
IRM00040798,2014-07-02,TMAX,344
IRM00040831,2015-12-05,TMAX,160
IRM00040831,2007-02-03,TMAX,194
IRM00040798,2013-03-13,TMIN,-40
IRM00040800,2013-09-23,TMAX,316
IRM00040831,2013-02-13,TMAX,222
IRM00040811,2010-12-05,TMAX,264
IRM00040811,2009-02-08,TMAX,240
IRM00040798,2005-10-22,TMIN,40
IRM00040831,2011-11-29,TMAX,158
IRM00040811,2012-04-22,TMAX,332
IRM00040798,2009-12-31,TMAX,59
IRM00040798,2007-12-17,TMAX,58
IRM00040831,2010-02-24,TMIN,160
IRM00040811,2011-09-17,TMIN,212
IRM00040831,2010-02-24,TMAX,216
IRM00040800,2015-11-03,TMAX,142
IRM00040831,2011-06-24,TMIN,298
IRM00040811,2013-08-06,TMAX,444
IRM00040831,2012-05-16,TMAX,400
IRM00040811,2008-08-01,TMAX,490
IRM00040798,2007-10-31,TMAX,202
IRM00040831,2010-01-02,TMAX,176
IRM00040811,2013-03-01,TMAX,256
IRM00040831,2014-11-18,TMAX,272
IRM00040811,2011-04-01,TMAX,326
IRM00040798,2011-12-06,TMIN,-96
IRM00040831,2010-01-31,TMAX,230
IRM00040798,2010-12-23,TMAX,94
IRM00040798,2010-06-05,TMAX,314
IRM00040831,2015-01-14,TMAX,190
IRM00040811,2013-04-01,TMIN,180
IRM00040800,2005-06-04,TMAX,320
IRM00040800,2008-11-07,TMAX,172
IRM00040831,2008-06-15,TMAX,430
IRM00040811,2006-01-03,TMIN,76
IRM00040811,2015-02-19,TMAX,214
IRM00040831,2009-09-02,TMIN,256
IRM00040798,2010-06-05,TMIN,79
IRM00040831,2012-06-26,TMIN,258
IRM00040798,2015-08-12,TMIN,102
IRM00040831,2006-10-27,TMAX,318
IRM00040831,2005-03-14,TMAX,222
IRM00040798,2013-04-24,TMAX,154
IRM00040798,2008-03-05,TMAX,92
IRM00040831,2012-08-20,TMAX,480
IRM00040831,2015-08-20,TMAX,472
IRM00040798,2010-07-27,TMIN,146
IRM00040800,2013-06-18,TMAX,374
IRM00040831,2007-05-25,TMAX,440
IRM00040798,2006-11-20,TMAX,48
IRM00040811,2012-11-30,TMAX,226
IRM00040811,2012-06-22,TMIN,276
IRM00040811,2006-01-03,TMAX,204
IRM00040831,2008-06-15,TMIN,288
IRM00040811,2010-12-19,TMAX,250
IRM00040798,2012-03-05,TMAX,58
IRM00040831,2010-01-31,TMIN,142
IRM00040811,2011-07-09,TMAX,516
IRM00040798,2011-01-07,TMAX,98
IRM00040811,2005-12-02,TMAX,238
IRM00040798,2013-06-18,TMAX,310
IRM00040831,2015-12-28,TMAX,184
IRM00040831,2015-11-06,TMAX,272
IRM00040798,2015-05-07,TMIN,35
IRM00040831,2012-01-08,TMIN,130
IRM00040811,2010-12-19,TMIN,130
IRM00040811,2007-02-12,TMIN,98
IRM00040811,2011-12-31,TMAX,216
IRM00040811,2005-12-02,TMIN,120
IRM00040831,2012-06-26,TMAX,454
IRM00040800,2005-02-13,TMAX,80
IRM00040811,2011-04-01,TMIN,138
IRM00040798,2014-08-06,TMAX,346
IRM00040831,2015-01-14,TMIN,50
IRM00040831,2006-11-15,TMAX,250
IRM00040798,2011-03-07,TMAX,126
IRM00040811,2015-02-19,TMIN,130
IRM00040800,2005-02-13,TMIN,-74
IRM00040831,2005-08-25,TMAX,478
IRM00040811,2011-08-17,TMAX,460
IRM00040798,2006-02-28,TMAX,160
IRM00040798,2011-12-06,TMAX,92
IRM00040811,2007-02-12,TMAX,226
IRM00040811,2011-11-06,TMAX,276
IRM00040811,2012-06-22,TMAX,468
IRM00040831,2007-09-19,TMIN,228
IRM00040831,2014-11-22,TMAX,282
IRM00040811,2009-07-31,TMAX,446
IRM00040811,2008-09-11,TMIN,298
IRM00040831,2008-07-20,TMIN,290
IRM00040831,2008-07-20,TMAX,488
IRM00040811,2012-12-01,TMIN,108
IRM00040831,2008-09-04,TMAX,458
IRM00040800,2013-12-07,TMAX,148
IRM00040800,2008-09-10,TMAX,310
IRM00040811,2006-09-03,TMIN,310
IRM00040798,2013-10-24,TMAX,222
IRM00040811,2006-12-29,TMIN,26
IRM00040800,2013-03-21,TMAX,164
IRM00040800,2011-08-21,TMAX,384
IRM00040798,2006-09-08,TMAX,312
IRM00040811,2013-03-20,TMAX,250
IRM00040831,2014-10-15,TMAX,360
IRM00040800,2010-09-18,TMAX,282
IRM00040800,2010-09-18,TMIN,130
IRM00040798,2009-12-05,TMIN,-76
IRM00040831,2014-10-01,TMAX,420
IRM00040811,2013-12-27,TMIN,30
IRM00040811,2005-06-29,TMAX,456
IRM00040831,2014-07-31,TMAX,478
IRM00040798,2013-10-26,TMIN,4
IRM00040798,2011-12-31,TMAX,136
IRM00040798,2013-10-24,TMIN,-46
IRM00040811,2010-06-13,TMAX,504
IRM00040831,2014-11-22,TMIN,126
IRM00040811,2012-04-28,TMAX,392
IRM00040798,2007-04-17,TMIN,18
IRM00040800,2006-04-24,TMAX,282
IRM00040798,2014-04-12,TMAX,220
IRM00040811,2011-12-31,TMIN,100
IRM00040811,2011-05-17,TMAX,402
IRM00040811,2012-04-28,TMIN,228
IRM00040798,2015-02-05,TMAX,148
IRM00040831,2007-05-25,TMIN,254
IRM00040811,2010-12-31,TMIN,86
IRM00040811,2009-10-09,TMAX,398
IRM00040811,2006-07-29,TMIN,298
IRM00040831,2014-04-22,TMAX,370
IRM00040811,2014-02-18,TMAX,204
IRM00040811,2009-10-18,TMIN,206
IRM00040831,2011-09-03,TMIN,234
IRM00040811,2008-09-11,TMAX,422
IRM00040831,2008-07-14,TMIN,330
IRM00040831,2008-05-25,TMAX,452
IRM00040831,2013-10-27,TMAX,310
IRM00040831,2014-05-10,TMAX,400
IRM00040800,2010-09-29,TMAX,294
IRM00040798,2013-01-23,TMAX,134
IRM00040831,2006-02-14,TMIN,150
IRM00040831,2008-07-14,TMAX,486
IRM00040798,2015-08-12,TMAX,342
IRM00040811,2014-07-31,TMAX,458
IRM00040798,2014-04-12,TMIN,-3
IRM00040831,2015-03-09,TMAX,280
IRM00040811,2009-10-18,TMAX,366
IRM00040798,2007-04-17,TMAX,194
IRM00040800,2006-12-27,TMIN,-134
IRM00040811,2014-07-12,TMIN,278
IRM00040811,2011-06-26,TMIN,288
IRM00040811,2009-06-05,TMAX,462
IRM00040831,2009-05-15,TMIN,276
IRM00040798,2011-07-16,TMIN,140
IRM00040811,2007-04-12,TMAX,270
IRM00040831,2006-03-27,TMAX,292
IRM00040811,2007-05-05,TMAX,406
IRM00040811,2007-08-23,TMAX,440
IRM00040798,2009-06-21,TMAX,268
IRM00040800,2014-08-23,TMAX,334
IRM00040831,2012-07-10,TMAX,462
IRM00040811,2005-11-05,TMAX,302
IRM00040798,2008-12-12,TMAX,120
IRM00040811,2006-11-24,TMAX,238
IRM00040800,2015-06-01,TMAX,362
IRM00040798,2014-12-14,TMAX,163
IRM00040811,2015-12-06,TMAX,120
IRM00040811,2011-10-13,TMAX,364
IRM00040831,2014-03-08,TMAX,312
IRM00040831,2007-01-23,TMAX,176
IRM00040800,2015-09-09,TMAX,322
IRM00040831,2012-03-02,TMAX,238
IRM00040798,2007-03-15,TMAX,122
IRM00040798,2008-08-18,TMAX,312
IRM00040811,2011-01-06,TMAX,206
IRM00040798,2007-03-15,TMIN,68
IRM00040831,2006-07-23,TMIN,266
IRM00040798,2007-02-13,TMAX,110
IRM00040811,2008-11-14,TMAX,274
IRM00040798,2009-10-07,TMIN,40
IRM00040800,2015-04-29,TMAX,270
IRM00040798,2008-01-19,TMIN,-260
IRM00040831,2012-07-04,TMIN,290
IRM00040798,2013-01-31,TMAX,72
IRM00040811,2008-11-18,TMAX,252
IRM00040811,2007-08-20,TMIN,316
IRM00040798,2013-02-13,TMAX,124
IRM00040798,2010-07-27,TMAX,326
IRM00040831,2014-03-08,TMIN,176
IRM00040811,2007-04-20,TMIN,166
IRM00040798,2013-02-07,TMAX,144
IRM00040831,2005-12-19,TMIN,100
IRM00040798,2008-01-19,TMAX,-24
IRM00040811,2008-07-15,TMAX,486
IRM00040798,2010-05-31,TMIN,68
IRM00040811,2011-11-01,TMIN,158
IRM00040800,2013-12-16,TMAX,90
IRM00040831,2006-12-07,TMAX,222
IRM00040831,2009-05-15,TMAX,406
IRM00040831,2012-07-04,TMAX,484
IRM00040831,2011-08-29,TMAX,454
IRM00040798,2014-05-03,TMAX,232
IRM00040811,2008-11-14,TMIN,154
IRM00040800,2006-10-24,TMAX,234
IRM00040798,2013-02-07,TMIN,-26
IRM00040798,2006-08-06,TMAX,364
IRM00040800,2006-07-20,TMAX,350
IRM00040831,2012-04-27,TMIN,234
IRM00040831,2012-04-27,TMAX,384
IRM00040798,2008-08-18,TMIN,70
IRM00040798,2013-01-31,TMIN,-36
IRM00040800,2015-06-13,TMAX,384
IRM00040811,2007-06-22,TMIN,284
IRM00040800,2007-09-28,TMAX,292
IRM00040811,2013-03-25,TMAX,252
IRM00040798,2015-10-29,TMAX,180
IRM00040798,2011-04-04,TMIN,56
IRM00040798,2013-11-26,TMAX,132
IRM00040798,2013-11-26,TMIN,-44
IRM00040811,2013-03-25,TMIN,118
IRM00040800,2010-08-14,TMAX,332
IRM00040798,2015-07-29,TMIN,143
IRM00040800,2008-12-06,TMAX,100
IRM00040798,2008-11-29,TMIN,-86
IRM00040811,2012-01-23,TMAX,150
IRM00040798,2009-07-26,TMAX,348
IRM00040831,2014-12-12,TMAX,246
IRM00040811,2010-04-27,TMIN,208
IRM00040831,2014-12-12,TMIN,110
IRM00040798,2006-04-22,TMIN,20
IRM00040811,2009-03-20,TMIN,170
IRM00040831,2012-12-31,TMAX,194
IRM00040798,2006-04-12,TMAX,184
IRM00040811,2011-12-14,TMAX,206
IRM00040798,2009-06-21,TMIN,76
IRM00040811,2009-03-20,TMAX,312
IRM00040798,2007-02-13,TMIN,-84
IRM00040798,2010-12-23,TMIN,-78
IRM00040798,2008-12-17,TMIN,-110
IRM00040811,2011-08-17,TMIN,298
IRM00040811,2014-03-21,TMIN,170
IRM00040831,2014-07-26,TMAX,474
IRM00040811,2011-07-10,TMAX,456
IRM00040831,2012-12-31,TMIN,108
IRM00040800,2014-04-06,TMAX,208
IRM00040831,2009-05-13,TMAX,384
IRM00040811,2011-11-01,TMAX,264
IRM00040831,2009-09-30,TMIN,226
IRM00040831,2013-02-08,TMIN,136
IRM00040811,2007-11-30,TMAX,246
IRM00040798,2008-11-29,TMAX,116
IRM00040831,2012-03-08,TMAX,266
IRM00040800,2009-07-15,TMAX,400
IRM00040798,2013-08-12,TMIN,120
IRM00040800,2014-12-24,TMAX,106
IRM00040800,2007-11-04,TMAX,226
IRM00040798,2011-04-04,TMAX,176
IRM00040798,2008-12-17,TMAX,-6
IRM00040831,2013-01-31,TMAX,168
IRM00040811,2008-03-29,TMAX,370
IRM00040800,2009-10-15,TMAX,274
IRM00040811,2007-12-28,TMIN,54
IRM00040831,2006-03-27,TMIN,198
IRM00040811,2007-10-24,TMIN,178
IRM00040811,2015-03-16,TMAX,304
IRM00040811,2011-12-20,TMAX,236
IRM00040831,2011-12-09,TMIN,30
IRM00040798,2015-07-29,TMAX,345
IRM00040831,2009-12-21,TMAX,234
IRM00040831,2015-01-20,TMAX,186
IRM00040798,2014-09-27,TMAX,276
IRM00040831,2009-05-13,TMIN,260
IRM00040800,2015-11-15,TMAX,148
IRM00040798,2011-01-17,TMAX,34
IRM00040798,2008-09-16,TMIN,48
IRM00040831,2011-12-09,TMAX,222
IRM00040811,2011-12-20,TMIN,56
IRM00040798,2009-12-05,TMAX,88
IRM00040798,2013-10-26,TMAX,216
IRM00040798,2009-11-11,TMAX,164
IRM00040798,2010-06-11,TMIN,60
IRM00040798,2014-01-28,TMIN,-102
IRM00040800,2009-09-15,TMAX,346
IRM00040811,2013-05-31,TMIN,228
IRM00040798,2009-05-20,TMAX,262
IRM00040831,2014-11-13,TMAX,282
IRM00040831,2013-03-16,TMAX,360
IRM00040800,2012-04-23,TMAX,248
IRM00040798,2011-03-01,TMAX,98
IRM00040811,2009-06-24,TMAX,460
IRM00040811,2011-10-21,TMIN,150
IRM00040798,2015-07-03,TMIN,122
IRM00040798,2007-11-16,TMAX,202
IRM00040800,2012-06-11,TMAX,338
IRM00040798,2008-11-20,TMAX,170
IRM00040800,2007-09-01,TMIN,178
IRM00040811,2014-01-04,TMAX,166
IRM00040811,2011-05-17,TMIN,270
IRM00040811,2014-02-24,TMIN,134
IRM00040798,2015-07-03,TMAX,342
IRM00040811,2007-09-15,TMAX,446
IRM00040811,2013-12-04,TMIN,136
IRM00040811,2013-12-04,TMAX,214
IRM00040800,2013-11-15,TMAX,166
IRM00040831,2014-11-13,TMIN,78
IRM00040800,2011-09-15,TMAX,336
IRM00040831,2007-08-11,TMAX,480
IRM00040800,2008-07-01,TMAX,356
IRM00040831,2015-11-14,TMAX,254
IRM00040811,2012-01-27,TMAX,234
IRM00040831,2013-09-28,TMAX,382
IRM00040800,2010-12-25,TMAX,120
IRM00040798,2013-12-02,TMIN,-66
IRM00040798,2009-07-27,TMIN,106
IRM00040811,2007-01-27,TMIN,70
IRM00040798,2008-09-01,TMAX,318
IRM00040798,2008-01-29,TMAX,26
IRM00040831,2013-07-14,TMAX,476
IRM00040798,2008-09-01,TMIN,98
IRM00040798,2009-07-27,TMAX,350
IRM00040811,2008-11-01,TMAX,266
IRM00040800,2010-10-26,TMAX,264
IRM00040798,2015-08-24,TMIN,85
IRM00040811,2005-12-28,TMAX,154
IRM00040811,2012-04-03,TMIN,200
IRM00040811,2006-02-12,TMAX,198
IRM00040811,2012-04-03,TMAX,334
IRM00040831,2012-06-17,TMAX,490
IRM00040831,2012-06-17,TMIN,288
IRM00040798,2009-12-12,TMAX,66
IRM00040831,2008-10-12,TMIN,250
IRM00040811,2012-12-01,TMAX,210
IRM00040798,2014-05-02,TMAX,229
IRM00040811,2011-10-21,TMAX,274
IRM00040811,2010-05-24,TMAX,426
IRM00040800,2012-06-11,TMIN,198
IRM00040798,2008-04-16,TMIN,12
IRM00040811,2013-03-11,TMIN,140
IRM00040811,2007-04-04,TMAX,306
IRM00040811,2007-04-04,TMIN,154
IRM00040798,2012-10-17,TMIN,4
IRM00040831,2013-07-14,TMIN,280
IRM00040798,2009-05-20,TMIN,42
IRM00040831,2014-09-22,TMAX,418
IRM00040831,2008-05-16,TMIN,208
IRM00040800,2009-04-28,TMAX,254
IRM00040800,2014-07-29,TMAX,384
IRM00040798,2011-03-15,TMAX,130
IRM00040831,2006-01-31,TMAX,150
IRM00040831,2008-05-22,TMIN,246
IRM00040831,2008-05-22,TMAX,426
IRM00040831,2009-06-21,TMAX,458
IRM00040811,2010-04-14,TMIN,180
IRM00040798,2007-03-06,TMAX,134
IRM00040811,2005-08-13,TMAX,458
IRM00040831,2011-12-14,TMAX,198
IRM00040831,2008-05-23,TMAX,442
IRM00040831,2011-05-14,TMAX,408
IRM00040831,2009-02-23,TMIN,120
IRM00040800,2007-06-17,TMAX,398
IRM00040831,2008-05-16,TMAX,414
IRM00040800,2008-02-27,TMAX,174
IRM00040831,2014-12-25,TMAX,184
IRM00040811,2006-11-17,TMIN,118
IRM00040798,2014-11-03,TMIN,59
IRM00040798,2015-09-01,TMAX,298
IRM00040798,2015-04-02,TMAX,175
IRM00040831,2009-02-23,TMAX,228
IRM00040798,2012-05-21,TMAX,280
IRM00040831,2012-02-05,TMAX,196
IRM00040798,2015-04-02,TMIN,-21
IRM00040831,2012-03-26,TMIN,92
IRM00040811,2009-06-24,TMIN,300
IRM00040811,2006-08-02,TMAX,462
IRM00040831,2012-07-09,TMAX,454
IRM00040798,2015-05-26,TMIN,33
IRM00040811,2014-06-18,TMAX,424
IRM00040798,2006-11-12,TMIN,40
IRM00040831,2009-06-23,TMIN,278
IRM00040831,2012-07-09,TMIN,256
IRM00040831,2009-06-23,TMAX,466
IRM00040798,2014-09-27,TMIN,38
IRM00040798,2015-07-05,TMAX,351
IRM00040831,2013-12-09,TMAX,190
IRM00040800,2013-05-15,TMAX,294
IRM00040798,2011-06-03,TMIN,78
IRM00040800,2006-08-04,TMIN,210
IRM00040831,2005-12-06,TMIN,130
IRM00040831,2005-12-06,TMAX,260
IRM00040831,2008-05-23,TMIN,234
IRM00040831,2015-09-09,TMAX,434
IRM00040811,2006-08-02,TMIN,286
IRM00040811,2014-10-26,TMIN,178
IRM00040798,2011-02-09,TMAX,54
IRM00040800,2010-06-10,TMAX,358
IRM00040811,2010-04-14,TMAX,316
IRM00040798,2011-06-03,TMAX,302
IRM00040798,2008-04-16,TMAX,228
IRM00040798,2006-11-12,TMAX,144
IRM00040811,2014-09-10,TMIN,270
IRM00040831,2014-01-12,TMAX,146
IRM00040811,2015-12-23,TMAX,194
IRM00040798,2015-07-05,TMIN,164
IRM00040800,2012-07-06,TMAX,390
IRM00040800,2006-08-04,TMAX,410
IRM00040811,2010-09-16,TMAX,412
IRM00040798,2005-09-18,TMIN,40
IRM00040798,2005-09-18,TMAX,294
IRM00040831,2008-05-25,TMIN,250
IRM00040811,2007-01-27,TMAX,206
IRM00040798,2013-10-31,TMAX,180
IRM00040798,2006-09-08,TMIN,64
IRM00040798,2010-11-27,TMIN,-120
IRM00040811,2009-02-25,TMAX,236
IRM00040800,2013-04-15,TMAX,218
IRM00040811,2009-02-25,TMIN,104
IRM00040831,2012-07-10,TMIN,302
IRM00040798,2005-12-15,TMIN,-72
IRM00040831,2006-06-15,TMAX,468
IRM00040811,2009-02-01,TMAX,210
IRM00040798,2009-10-09,TMIN,2
IRM00040798,2014-02-17,TMAX,40
IRM00040800,2012-02-13,TMAX,74
IRM00040800,2007-06-02,TMAX,324
IRM00040798,2013-01-23,TMIN,-102
IRM00040811,2007-11-06,TMAX,314
IRM00040798,2006-01-24,TMIN,-90
IRM00040798,2013-01-30,TMAX,100
IRM00040811,2010-07-20,TMAX,472
IRM00040800,2010-11-23,TMAX,170
IRM00040798,2012-01-26,TMAX,94
IRM00040800,2007-08-26,TMAX,340
IRM00040798,2009-10-09,TMAX,236
IRM00040811,2014-10-29,TMAX,342
IRM00040798,2012-10-17,TMAX,214
IRM00040831,2014-09-22,TMIN,270
IRM00040798,2010-05-14,TMAX,234
IRM00040811,2006-07-29,TMAX,448
IRM00040811,2013-03-20,TMIN,124
IRM00040831,2013-11-16,TMAX,258
IRM00040811,2013-12-27,TMAX,182
IRM00040811,2005-06-29,TMIN,280
IRM00040831,2015-05-31,TMAX,452
IRM00040800,2010-05-23,TMAX,340
IRM00040831,2012-04-09,TMAX,356
IRM00040811,2014-03-24,TMAX,296
IRM00040800,2011-08-31,TMAX,290
IRM00040811,2007-10-22,TMAX,380
IRM00040831,2012-04-09,TMIN,196
IRM00040798,2013-06-07,TMAX,312
IRM00040831,2013-02-08,TMAX,236
IRM00040800,2007-12-07,TMAX,148
IRM00040811,2015-03-09,TMAX,232
IRM00040798,2014-06-06,TMAX,294
IRM00040798,2010-01-02,TMAX,100
IRM00040831,2011-09-03,TMAX,430
IRM00040798,2013-05-06,TMAX,174
IRM00040831,2014-05-10,TMIN,290
IRM00040798,2011-11-04,TMIN,-56
IRM00040798,2006-04-06,TMAX,182
IRM00040798,2011-11-04,TMAX,168
IRM00040811,2008-06-03,TMAX,475
IRM00040811,2012-11-14,TMAX,240
IRM00040800,2009-08-10,TMAX,378
IRM00040811,2006-12-29,TMAX,105
IRM00040811,2010-04-24,TMIN,194
IRM00040831,2011-11-27,TMAX,194
IRM00040831,2006-05-31,TMAX,456
IRM00040800,2014-01-06,TMAX,22
IRM00040800,2012-01-11,TMAX,135
IRM00040800,2011-04-23,TMAX,284
IRM00040831,2008-11-11,TMAX,282
IRM00040811,2015-12-19,TMIN,110
IRM00040798,2013-10-31,TMIN,40
IRM00040798,2007-01-25,TMAX,-48
IRM00040811,2012-03-05,TMAX,182
IRM00040831,2006-05-23,TMAX,404
IRM00040798,2006-09-28,TMAX,264
IRM00040811,2013-03-11,TMAX,244
IRM00040798,2010-10-03,TMAX,275
IRM00040798,2008-10-13,TMIN,38
IRM00040831,2015-05-13,TMIN,268
IRM00040811,2007-09-15,TMIN,260
IRM00040798,2008-01-29,TMIN,-168
IRM00040811,2015-05-14,TMAX,422
IRM00040798,2014-07-19,TMIN,132
IRM00040800,2011-04-04,TMAX,230
IRM00040798,2010-10-03,TMIN,40
IRM00040831,2014-07-31,TMIN,286
IRM00040811,2008-09-13,TMAX,432
IRM00040811,2010-09-16,TMIN,244
IRM00040800,2011-02-21,TMAX,138
IRM00040800,2011-11-08,TMAX,98
IRM00040811,2012-02-27,TMIN,88
IRM00040811,2014-10-26,TMAX,330
IRM00040798,2008-06-07,TMIN,50
IRM00040800,2015-12-22,TMAX,96
IRM00040811,2015-05-11,TMAX,412
IRM00040798,2013-08-27,TMAX,324
IRM00040811,2012-01-29,TMIN,70
IRM00040811,2010-06-13,TMIN,326
IRM00040811,2010-12-31,TMAX,176
IRM00040798,2011-12-31,TMIN,-110
IRM00040811,2005-12-10,TMAX,264
IRM00040798,2013-03-03,TMAX,146
IRM00040811,2014-03-09,TMAX,288
IRM00040831,2008-03-09,TMAX,338
IRM00040831,2008-08-13,TMAX,456
IRM00040798,2012-01-01,TMAX,82
IRM00040811,2006-08-30,TMAX,450
IRM00040811,2012-02-27,TMAX,204
IRM00040798,2006-09-14,TMAX,298
IRM00040831,2014-10-11,TMIN,220
IRM00040798,2014-07-19,TMAX,358
IRM00040798,2006-01-24,TMAX,60
IRM00040811,2015-12-10,TMAX,200
IRM00040798,2008-10-13,TMAX,256
IRM00040798,2006-09-14,TMIN,66
IRM00040831,2008-10-12,TMAX,392
IRM00040811,2006-01-05,TMIN,74
IRM00040831,2008-08-26,TMIN,280
IRM00040811,2012-07-02,TMAX,466
IRM00040831,2009-08-04,TMIN,290
IRM00040800,2014-12-02,TMAX,154
IRM00040800,2013-11-14,TMAX,164
IRM00040831,2014-01-12,TMIN,80
IRM00040800,2011-11-16,TMAX,114
IRM00040831,2015-03-02,TMAX,268
IRM00040831,2014-10-11,TMAX,400
IRM00040798,2008-06-07,TMAX,304
IRM00040798,2006-09-28,TMIN,12
IRM00040811,2015-12-19,TMAX,200
IRM00040798,2013-12-02,TMAX,174
IRM00040811,2008-09-29,TMAX,356
IRM00040811,2008-11-18,TMIN,116
IRM00040831,2012-01-08,TMAX,234
IRM00040831,2005-06-12,TMAX,450
IRM00040831,2011-07-20,TMIN,292
IRM00040831,2006-04-06,TMIN,188
IRM00040798,2010-10-18,TMAX,260
IRM00040811,2015-08-09,TMAX,482
IRM00040800,2012-09-25,TMAX,306
IRM00040831,2015-12-04,TMAX,194
IRM00040811,2013-12-25,TMAX,194
IRM00040798,2008-04-02,TMIN,30
IRM00040798,2015-02-28,TMAX,153
IRM00040798,2008-08-05,TMIN,134
IRM00040831,2012-06-18,TMAX,496
IRM00040798,2013-10-30,TMIN,-32
IRM00040811,2012-02-22,TMIN,58
IRM00040831,2009-05-18,TMAX,408
IRM00040831,2011-05-13,TMAX,424
IRM00040798,2008-04-21,TMAX,202
IRM00040798,2011-04-27,TMAX,200
IRM00040798,2015-07-08,TMIN,150
IRM00040798,2006-04-27,TMIN,20
IRM00040811,2009-04-18,TMIN,178
IRM00040831,2012-06-18,TMIN,338
IRM00040798,2015-07-08,TMAX,331
IRM00040798,2015-07-04,TMAX,351
IRM00040798,2010-11-28,TMIN,-106
IRM00040811,2013-04-01,TMAX,334
IRM00040798,2011-10-06,TMAX,242
IRM00040831,2013-07-06,TMAX,480
IRM00040798,2013-10-30,TMAX,178
IRM00040798,2015-07-04,TMIN,105
IRM00040798,2009-06-13,TMIN,52
IRM00040811,2012-02-22,TMAX,204
IRM00040798,2014-04-16,TMIN,51
IRM00040798,2008-12-12,TMIN,-84
IRM00040800,2012-01-05,TMAX,90
IRM00040798,2007-04-23,TMIN,-20
IRM00040800,2010-04-03,TMAX,220
IRM00040831,2011-01-17,TMAX,172
IRM00040798,2012-06-22,TMAX,302
IRM00040798,2009-10-14,TMIN,-6
IRM00040798,2011-10-06,TMIN,-22
IRM00040798,2012-09-02,TMIN,90
IRM00040800,2008-06-07,TMAX,362
IRM00040811,2013-01-09,TMAX,220
IRM00040831,2005-09-15,TMAX,428
IRM00040798,2009-09-21,TMAX,276
IRM00040831,2014-05-22,TMAX,404
IRM00040800,2008-08-24,TMAX,336
IRM00040811,2013-01-09,TMIN,98
IRM00040800,2007-08-14,TMAX,352
IRM00040798,2006-03-19,TMAX,132
IRM00040831,2007-02-10,TMAX,210
IRM00040798,2007-04-23,TMAX,204
IRM00040798,2007-11-24,TMIN,-12
IRM00040798,2008-04-02,TMAX,196
IRM00040798,2012-06-22,TMIN,96
IRM00040831,2012-09-10,TMIN,230
IRM00040798,2015-11-06,TMAX,180
IRM00040831,2014-05-22,TMIN,232
IRM00040831,2005-10-18,TMAX,350
IRM00040798,2006-03-19,TMIN,-74
IRM00040811,2015-12-07,TMAX,124
IRM00040798,2011-03-12,TMAX,130
IRM00040831,2011-03-15,TMIN,88
IRM00040800,2010-10-06,TMAX,300
IRM00040811,2012-08-27,TMAX,450
IRM00040798,2011-10-17,TMAX,254
IRM00040800,2014-10-13,TMAX,244
IRM00040798,2007-08-11,TMAX,314
IRM00040800,2015-03-19,TMAX,184
IRM00040831,2012-08-20,TMIN,272
IRM00040798,2007-08-11,TMIN,110
IRM00040811,2012-06-26,TMAX,434
IRM00040811,2012-06-26,TMIN,276
IRM00040811,2012-08-27,TMIN,268
IRM00040798,2010-08-11,TMAX,318
IRM00040800,2006-04-14,TMAX,248
IRM00040798,2007-03-12,TMAX,162
IRM00040798,2007-06-29,TMAX,304
IRM00040811,2012-11-21,TMIN,154
IRM00040811,2013-11-02,TMIN,178
IRM00040800,2014-04-05,TMAX,180
IRM00040798,2008-04-21,TMIN,2
IRM00040798,2006-06-30,TMIN,102
IRM00040831,2010-03-17,TMAX,346
IRM00040798,2014-05-09,TMIN,55
IRM00040798,2006-08-20,TMAX,310
IRM00040798,2006-06-30,TMAX,328
IRM00040798,2010-12-15,TMAX,120
IRM00040800,2008-08-12,TMAX,370
IRM00040831,2012-07-26,TMAX,482
IRM00040811,2013-08-09,TMIN,264
IRM00040811,2010-12-17,TMAX,240
IRM00040800,2015-09-07,TMAX,322
IRM00040831,2006-08-29,TMIN,280
IRM00040800,2010-05-24,TMAX,344
IRM00040811,2015-04-22,TMAX,370
IRM00040811,2010-04-02,TMIN,158
IRM00040798,2010-05-29,TMAX,288
IRM00040831,2008-01-20,TMAX,160
IRM00040811,2007-10-20,TMAX,366
IRM00040831,2005-10-18,TMIN,210
IRM00040800,2011-05-30,TMAX,360
IRM00040831,2006-06-27,TMIN,294
IRM00040798,2012-06-26,TMIN,100
IRM00040811,2013-02-25,TMAX,240
IRM00040800,2005-07-24,TMAX,362
IRM00040800,2009-11-26,TMAX,160
IRM00040831,2009-09-04,TMAX,462
IRM00040811,2010-09-24,TMIN,256
IRM00040798,2011-10-17,TMIN,-4
IRM00040811,2007-10-26,TMIN,186
IRM00040811,2009-09-09,TMAX,426
IRM00040800,2010-10-28,TMAX,238
IRM00040831,2011-03-15,TMAX,228
IRM00040811,2008-10-27,TMIN,208
IRM00040798,2012-06-26,TMAX,300
IRM00040811,2010-03-28,TMAX,272
IRM00040831,2010-04-27,TMAX,360
IRM00040798,2013-08-12,TMAX,316
IRM00040831,2006-06-27,TMAX,474
IRM00040811,2015-09-05,TMAX,422
IRM00040811,2010-04-02,TMAX,314
IRM00040831,2007-05-13,TMAX,418
IRM00040811,2010-09-24,TMAX,440
IRM00040811,2012-03-04,TMAX,178
IRM00040831,2007-05-09,TMAX,428
IRM00040811,2008-08-26,TMIN,300
IRM00040798,2014-05-16,TMAX,213
IRM00040798,2014-08-27,TMIN,86
IRM00040800,2013-02-13,TMAX,174
IRM00040798,2010-12-18,TMAX,150
IRM00040798,2010-02-22,TMIN,-34
IRM00040798,2011-03-22,TMAX,186
IRM00040831,2008-03-18,TMAX,296
IRM00040831,2008-12-25,TMIN,90
IRM00040831,2010-01-19,TMAX,226
IRM00040798,2005-09-19,TMAX,280
IRM00040800,2008-07-09,TMAX,386
IRM00040800,2013-06-01,TMAX,326
IRM00040798,2011-03-22,TMIN,16
IRM00040798,2008-01-23,TMIN,-104
IRM00040831,2008-01-22,TMAX,154
IRM00040800,2011-03-20,TMAX,240
IRM00040798,2007-11-14,TMIN,-50
IRM00040831,2012-10-17,TMIN,188
IRM00040798,2011-04-24,TMAX,214
IRM00040800,2007-12-04,TMIN,-64
IRM00040798,2010-08-09,TMIN,96
IRM00040798,2010-08-09,TMAX,304
IRM00040798,2006-08-20,TMIN,96
IRM00040800,2005-09-07,TMAX,344
IRM00040798,2014-01-21,TMAX,-10
IRM00040798,2012-09-06,TMAX,282
IRM00040811,2014-05-30,TMAX,444
IRM00040811,2007-07-19,TMIN,268
IRM00040811,2007-07-19,TMAX,422
IRM00040831,2013-07-06,TMIN,280
IRM00040800,2008-02-05,TMAX,40
IRM00040798,2008-10-09,TMAX,260
IRM00040831,2008-01-11,TMAX,124
IRM00040798,2005-08-07,TMIN,112
IRM00040798,2014-05-16,TMIN,13
IRM00040831,2009-04-13,TMIN,190
IRM00040811,2005-10-19,TMAX,396
IRM00040800,2005-05-29,TMIN,144
IRM00040800,2012-02-24,TMAX,122
IRM00040831,2005-11-24,TMAX,228
IRM00040811,2013-11-02,TMAX,242
IRM00040811,2012-08-24,TMIN,268
IRM00040831,2011-03-09,TMAX,248
IRM00040831,2007-10-30,TMAX,354
IRM00040798,2012-06-13,TMIN,136
IRM00040831,2013-05-22,TMAX,390
IRM00040800,2012-09-09,TMAX,334
IRM00040798,2015-05-19,TMIN,29
IRM00040798,2008-08-26,TMAX,320
IRM00040798,2012-06-13,TMAX,288
IRM00040798,2012-01-30,TMIN,-134
IRM00040798,2015-12-21,TMAX,75
IRM00040798,2005-09-19,TMIN,46
IRM00040811,2010-06-15,TMIN,296
IRM00040800,2005-05-29,TMAX,312
IRM00040811,2008-06-27,TMIN,280
IRM00040798,2007-11-14,TMAX,194
IRM00040800,2013-05-23,TMAX,300
IRM00040800,2005-01-23,TMAX,76
IRM00040798,2012-07-15,TMIN,130
IRM00040798,2012-09-21,TMAX,288
IRM00040831,2007-11-27,TMAX,208
IRM00040798,2015-05-19,TMAX,280
IRM00040798,2010-11-28,TMAX,168
IRM00040831,2014-05-20,TMAX,408
IRM00040798,2014-06-17,TMIN,118
IRM00040831,2007-07-17,TMAX,422
IRM00040800,2011-05-23,TMAX,328
IRM00040831,2007-07-17,TMIN,252
IRM00040811,2008-12-14,TMAX,186
IRM00040811,2015-06-26,TMIN,278
IRM00040831,2013-11-27,TMIN,140
IRM00040798,2011-07-01,TMAX,362
IRM00040811,2008-03-23,TMAX,375
IRM00040831,2012-10-17,TMAX,388
IRM00040831,2011-05-27,TMIN,254
IRM00040811,2013-08-05,TMAX,436
IRM00040831,2006-09-22,TMAX,416
IRM00040831,2013-11-27,TMAX,228
IRM00040811,2008-03-23,TMIN,180
IRM00040831,2006-02-07,TMIN,146
IRM00040800,2014-06-10,TMAX,366
IRM00040811,2010-06-30,TMIN,294
IRM00040800,2005-11-09,TMAX,144
IRM00040800,2010-09-14,TMAX,342
IRM00040831,2008-12-31,TMAX,236
IRM00040798,2013-01-18,TMAX,120
IRM00040811,2015-08-09,TMIN,328
IRM00040800,2010-09-30,TMAX,312
IRM00040831,2009-01-07,TMAX,178
IRM00040831,2008-08-19,TMIN,290
IRM00040798,2006-07-15,TMAX,342
IRM00040798,2006-09-13,TMAX,304
IRM00040831,2006-10-15,TMAX,400
IRM00040800,2005-09-15,TMAX,344
IRM00040798,2008-01-23,TMAX,4
IRM00040811,2008-05-19,TMAX,410
IRM00040798,2015-07-16,TMIN,110
IRM00040831,2015-03-12,TMAX,270
IRM00040831,2011-05-27,TMAX,420
IRM00040831,2014-11-12,TMAX,268
IRM00040811,2015-06-26,TMAX,414
IRM00040798,2015-07-16,TMAX,346
IRM00040831,2015-03-12,TMIN,130
IRM00040811,2015-11-19,TMAX,226
IRM00040831,2008-02-22,TMAX,216
IRM00040831,2008-05-21,TMIN,214
IRM00040811,2008-08-14,TMIN,330
IRM00040831,2007-04-09,TMAX,326
IRM00040831,2008-05-21,TMAX,400
IRM00040798,2012-09-02,TMAX,312
IRM00040798,2007-09-18,TMIN,40
IRM00040811,2007-10-24,TMAX,340
IRM00040831,2006-08-20,TMAX,492
IRM00040798,2011-06-12,TMAX,294
IRM00040831,2012-09-15,TMIN,276
IRM00040831,2013-09-24,TMAX,380
IRM00040831,2012-09-15,TMAX,440
IRM00040798,2013-11-28,TMIN,-30
IRM00040798,2007-09-18,TMAX,288
IRM00040831,2014-01-01,TMAX,186
IRM00040831,2006-12-16,TMAX,154
IRM00040798,2013-11-28,TMAX,170
IRM00040811,2010-05-31,TMAX,428
IRM00040800,2014-07-27,TMAX,400
IRM00040831,2006-02-07,TMAX,236
IRM00040831,2011-11-10,TMAX,214
IRM00040831,2014-07-05,TMIN,290
IRM00040831,2006-02-28,TMAX,288
IRM00040798,2009-10-20,TMIN,0
IRM00040831,2012-10-01,TMIN,218
IRM00040811,2011-12-03,TMAX,182
IRM00040811,2010-03-05,TMAX,224
IRM00040811,2008-07-12,TMAX,472
IRM00040798,2010-08-11,TMIN,88
IRM00040811,2008-03-08,TMIN,116
IRM00040811,2009-09-07,TMIN,256
IRM00040831,2006-08-12,TMAX,478
IRM00040811,2011-09-21,TMIN,282
IRM00040831,2015-02-08,TMIN,140
IRM00040811,2013-08-10,TMAX,440
IRM00040811,2007-05-29,TMAX,445
IRM00040811,2008-03-08,TMAX,300
IRM00040831,2013-05-13,TMAX,400
IRM00040811,2011-07-25,TMAX,506
IRM00040811,2007-02-06,TMAX,205
IRM00040811,2007-05-29,TMIN,290
IRM00040811,2012-03-14,TMIN,206
IRM00040811,2015-10-30,TMAX,268
IRM00040811,2012-10-01,TMAX,410
IRM00040798,2010-10-18,TMIN,30
IRM00040811,2011-07-03,TMAX,450
IRM00040798,2012-12-21,TMAX,84
IRM00040831,2011-08-29,TMIN,240
IRM00040800,2015-03-01,TMAX,192
IRM00040800,2011-01-08,TMAX,114
IRM00040798,2006-08-30,TMIN,66
IRM00040831,2010-05-09,TMAX,404
IRM00040831,2012-12-12,TMAX,206
IRM00040811,2010-03-05,TMIN,148
IRM00040800,2009-02-20,TMAX,132
IRM00040811,2009-06-30,TMAX,490
IRM00040831,2008-11-04,TMAX,240
IRM00040798,2013-09-17,TMAX,288
IRM00040811,2012-04-08,TMIN,158
IRM00040831,2013-11-12,TMIN,178
IRM00040800,2014-04-19,TMAX,292
IRM00040798,2012-12-21,TMIN,12
IRM00040811,2008-07-02,TMAX,420
IRM00040800,2006-09-28,TMAX,296
IRM00040798,2013-09-17,TMIN,68
IRM00040811,2015-03-27,TMAX,276
IRM00040798,2010-11-12,TMAX,166
IRM00040811,2015-03-16,TMIN,154
IRM00040811,2015-03-27,TMIN,156
IRM00040798,2013-03-21,TMAX,144
IRM00040798,2008-09-16,TMAX,276
IRM00040800,2010-06-18,TMAX,362
IRM00040798,2011-07-01,TMIN,160
IRM00040831,2009-11-07,TMAX,338
IRM00040811,2010-07-07,TMAX,498
IRM00040831,2006-12-16,TMIN,46
IRM00040831,2014-12-08,TMAX,262
IRM00040798,2011-01-17,TMIN,-172
IRM00040831,2010-08-22,TMAX,476
IRM00040798,2010-09-22,TMAX,274
IRM00040831,2009-09-18,TMAX,416
IRM00040831,2012-01-18,TMAX,210
IRM00040800,2009-11-10,TMAX,194
IRM00040798,2015-03-13,TMAX,140
IRM00040798,2006-08-30,TMAX,316
IRM00040798,2007-12-29,TMIN,-184
IRM00040800,2012-10-28,TMAX,214
IRM00040798,2011-06-21,TMIN,106
IRM00040800,2015-07-05,TMAX,372
IRM00040831,2015-12-28,TMIN,68
IRM00040811,2006-06-05,TMAX,456
IRM00040811,2015-01-21,TMAX,202
IRM00040811,2011-07-03,TMIN,284
IRM00040831,2007-09-24,TMAX,430
IRM00040811,2008-07-12,TMIN,314
IRM00040798,2009-02-06,TMAX,126
IRM00040798,2008-07-31,TMIN,104
IRM00040800,2010-10-09,TMAX,286
IRM00040798,2006-03-20,TMAX,134
IRM00040811,2012-01-26,TMAX,212
IRM00040811,2007-08-23,TMIN,278
IRM00040831,2012-01-10,TMIN,98
IRM00040798,2009-12-03,TMIN,-134
IRM00040798,2009-02-06,TMIN,-72
IRM00040800,2014-08-11,TMAX,384
IRM00040831,2010-08-14,TMAX,492
IRM00040800,2011-04-02,TMAX,232
IRM00040831,2013-11-12,TMAX,280
IRM00040831,2006-03-19,TMAX,300
IRM00040800,2013-01-01,TMAX,92
IRM00040800,2014-11-09,TMAX,154
IRM00040798,2013-03-11,TMAX,108
IRM00040811,2014-03-21,TMAX,280
IRM00040831,2015-05-06,TMAX,380
IRM00040798,2011-07-16,TMAX,340
IRM00040831,2008-11-07,TMIN,118
IRM00040831,2010-03-06,TMAX,276
IRM00040800,2009-05-07,TMIN,146
IRM00040800,2012-05-01,TMAX,260
IRM00040811,2007-08-20,TMAX,464
IRM00040831,2015-02-08,TMAX,228
IRM00040831,2010-04-08,TMIN,230
IRM00040811,2005-09-15,TMIN,248
IRM00040798,2008-11-27,TMAX,124
IRM00040811,2005-12-08,TMIN,130
IRM00040798,2006-05-17,TMIN,54
IRM00040831,2010-04-08,TMAX,334
IRM00040831,2008-04-09,TMIN,196
IRM00040811,2013-10-10,TMAX,324
IRM00040831,2007-09-24,TMIN,198
IRM00040811,2012-03-14,TMAX,286
IRM00040811,2005-09-15,TMAX,422
IRM00040831,2007-02-13,TMAX,218
IRM00040811,2014-06-07,TMAX,466
IRM00040811,2007-12-28,TMAX,184
IRM00040811,2011-10-13,TMIN,200
IRM00040831,2008-09-04,TMIN,300
IRM00040811,2014-01-04,TMIN,74
IRM00040798,2006-05-17,TMAX,272
IRM00040831,2009-06-30,TMAX,494
IRM00040831,2009-06-30,TMIN,298
IRM00040798,2010-11-12,TMIN,-32
IRM00040831,2008-04-09,TMAX,306
IRM00040811,2009-04-18,TMAX,314
IRM00040800,2011-10-23,TMAX,194
IRM00040798,2006-04-22,TMAX,234
IRM00040800,2006-10-04,TMAX,314
IRM00040831,2008-11-07,TMAX,270
IRM00040798,2009-12-03,TMAX,46
IRM00040800,2006-05-17,TMAX,322
IRM00040831,2015-07-21,TMAX,476
IRM00040800,2012-09-12,TMAX,328
IRM00040831,2005-10-23,TMAX,298
IRM00040831,2014-03-28,TMIN,166
IRM00040831,2009-07-17,TMAX,442
IRM00040831,2012-02-19,TMAX,184
IRM00040831,2013-07-01,TMIN,298
IRM00040798,2011-10-13,TMAX,252
IRM00040831,2005-11-12,TMAX,260
IRM00040811,2008-10-24,TMIN,208
IRM00040831,2011-08-19,TMAX,448
IRM00040800,2015-03-06,TMAX,144
IRM00040798,2007-01-15,TMAX,58
IRM00040811,2006-05-28,TMIN,272
IRM00040798,2007-01-15,TMIN,-152
IRM00040831,2013-07-01,TMAX,486
IRM00040811,2011-12-14,TMIN,44
IRM00040800,2009-04-27,TMAX,200
IRM00040831,2011-08-02,TMIN,318
IRM00040811,2008-11-17,TMAX,254
IRM00040811,2009-07-17,TMAX,434
IRM00040811,2013-04-27,TMAX,334
IRM00040811,2012-05-03,TMIN,286
IRM00040798,2012-09-25,TMIN,30
IRM00040811,2006-01-17,TMAX,148
IRM00040811,2015-07-18,TMAX,476
IRM00040798,2009-08-05,TMIN,110
IRM00040798,2009-11-03,TMAX,144
IRM00040811,2009-07-17,TMIN,292
IRM00040798,2005-12-26,TMAX,52
IRM00040831,2011-08-02,TMAX,496
IRM00040811,2014-09-09,TMIN,280
IRM00040831,2008-09-10,TMAX,430
IRM00040811,2008-10-24,TMAX,362
IRM00040831,2007-05-13,TMIN,294
IRM00040798,2009-06-13,TMAX,300
IRM00040831,2009-07-17,TMIN,260
IRM00040831,2010-03-17,TMIN,196
IRM00040811,2010-05-20,TMAX,420
IRM00040800,2012-07-27,TMAX,340
IRM00040798,2008-11-27,TMIN,-32
IRM00040831,2007-11-16,TMIN,140
IRM00040798,2014-04-16,TMAX,212
IRM00040798,2011-12-11,TMAX,126
IRM00040798,2006-04-27,TMAX,136
IRM00040831,2006-08-02,TMAX,466
IRM00040798,2008-09-27,TMAX,250
IRM00040798,2005-11-22,TMAX,144
IRM00040800,2006-07-24,TMAX,362
IRM00040800,2014-03-29,TMAX,226
IRM00040800,2011-07-09,TMAX,372
IRM00040800,2007-10-27,TMAX,222
IRM00040811,2011-03-10,TMIN,156
IRM00040798,2015-11-21,TMIN,-44
IRM00040798,2008-08-26,TMIN,114
IRM00040798,2006-10-15,TMAX,242
IRM00040798,2012-12-27,TMAX,58
IRM00040811,2013-12-06,TMAX,216
IRM00040811,2015-09-05,TMIN,318
IRM00040811,2013-08-09,TMAX,450
IRM00040811,2013-04-27,TMIN,144
IRM00040831,2007-11-16,TMAX,306
IRM00040811,2011-03-10,TMAX,250
IRM00040811,2014-09-09,TMAX,436
IRM00040798,2006-01-17,TMAX,-10
IRM00040800,2009-11-01,TMAX,230
IRM00040798,2008-02-20,TMAX,78
IRM00040798,2010-07-23,TMAX,346
IRM00040800,2007-04-19,TMAX,266
IRM00040811,2012-04-08,TMAX,346
IRM00040800,2007-01-20,TMAX,66
IRM00040831,2007-10-04,TMAX,410
IRM00040831,2008-01-19,TMAX,148
IRM00040811,2013-03-17,TMIN,196
IRM00040798,2009-06-24,TMAX,274
IRM00040798,2009-06-24,TMIN,66
IRM00040798,2007-06-29,TMIN,150
IRM00040798,2010-12-15,TMIN,-76
IRM00040811,2007-07-04,TMIN,310
IRM00040800,2008-07-23,TMAX,360
IRM00040811,2006-04-08,TMIN,148
IRM00040811,2006-04-08,TMAX,278
IRM00040811,2009-08-31,TMAX,440
IRM00040831,2014-10-08,TMAX,390
IRM00040798,2006-05-23,TMIN,44
IRM00040831,2006-11-30,TMAX,234
IRM00040811,2008-09-07,TMAX,466
IRM00040831,2010-12-24,TMAX,234
IRM00040800,2008-11-09,TMAX,164
IRM00040811,2005-12-08,TMAX,278
IRM00040800,2005-11-11,TMAX,120
IRM00040811,2012-11-21,TMAX,214
IRM00040800,2011-07-27,TMAX,372
IRM00040831,2008-06-23,TMIN,268
IRM00040831,2015-05-07,TMAX,380
IRM00040811,2014-07-29,TMAX,440
IRM00040811,2014-06-07,TMIN,288
IRM00040798,2014-05-03,TMIN,20
IRM00040811,2015-02-06,TMAX,240
IRM00040831,2011-08-19,TMIN,286
IRM00040798,2009-08-05,TMAX,348
IRM00040811,2007-02-06,TMIN,90
IRM00040798,2007-10-14,TMAX,242
IRM00040800,2009-11-12,TMIN,30
IRM00040811,2015-05-01,TMIN,218
IRM00040798,2006-01-17,TMIN,-212
IRM00040800,2009-11-12,TMAX,192
IRM00040811,2013-12-31,TMAX,172
IRM00040798,2006-05-23,TMAX,248
IRM00040800,2013-01-08,TMAX,130
IRM00040811,2012-05-03,TMAX,392
IRM00040798,2011-10-13,TMIN,18
IRM00040811,2013-03-17,TMAX,306
IRM00040831,2013-06-25,TMAX,472
IRM00040831,2008-02-14,TMAX,228
IRM00040811,2006-07-17,TMAX,466
IRM00040811,2013-07-10,TMIN,298
IRM00040798,2015-07-25,TMIN,122
IRM00040800,2012-03-07,TMAX,156
IRM00040811,2006-07-17,TMIN,290
IRM00040811,2013-07-20,TMAX,460
IRM00040800,2014-05-16,TMAX,238
IRM00040798,2010-07-23,TMIN,130
IRM00040811,2007-10-26,TMAX,355
IRM00040811,2009-08-31,TMIN,272
IRM00040811,2010-05-31,TMIN,260
IRM00040831,2006-02-28,TMIN,128
IRM00040798,2009-10-20,TMAX,206
IRM00040811,2015-04-12,TMAX,322
IRM00040798,2012-05-21,TMIN,24
IRM00040831,2012-03-26,TMAX,296
IRM00040831,2006-02-02,TMAX,236
IRM00040798,2008-07-02,TMAX,304
IRM00040831,2013-10-14,TMAX,356
IRM00040798,2015-03-09,TMAX,130
IRM00040811,2011-01-23,TMAX,196
IRM00040831,2013-10-14,TMIN,134
IRM00040831,2014-04-16,TMIN,220
IRM00040831,2007-10-15,TMAX,398
IRM00040811,2010-11-23,TMAX,272
IRM00040798,2015-08-05,TMIN,95
IRM00040800,2014-11-21,TMAX,154
IRM00040831,2010-08-05,TMAX,468
IRM00040831,2006-08-06,TMAX,478
IRM00040798,2012-05-17,TMAX,248
IRM00040798,2015-03-09,TMIN,-10
IRM00040831,2008-03-20,TMAX,330
IRM00040800,2012-10-06,TMAX,286
IRM00040811,2006-03-23,TMIN,134
IRM00040811,2014-01-28,TMIN,116
IRM00040798,2012-03-01,TMAX,104
IRM00040798,2009-10-05,TMAX,270
IRM00040831,2006-04-22,TMAX,378
IRM00040798,2007-09-09,TMIN,30
IRM00040811,2006-04-25,TMAX,306
IRM00040811,2013-10-11,TMAX,328
IRM00040798,2007-09-09,TMAX,304
IRM00040811,2006-03-23,TMAX,276
IRM00040811,2013-10-11,TMIN,134
IRM00040800,2012-06-28,TMAX,344
IRM00040831,2015-02-24,TMAX,200
IRM00040831,2011-10-06,TMAX,364
IRM00040831,2006-12-14,TMIN,36
IRM00040831,2011-08-07,TMIN,290
IRM00040831,2011-02-04,TMIN,48
IRM00040831,2013-09-13,TMAX,424
IRM00040811,2010-10-19,TMIN,194
IRM00040798,2015-06-28,TMIN,105
IRM00040800,2006-08-29,TMAX,332
IRM00040798,2015-06-28,TMAX,340
IRM00040798,2014-10-12,TMAX,244
IRM00040831,2006-12-15,TMAX,172
IRM00040831,2006-09-17,TMAX,404
IRM00040831,2008-07-07,TMAX,450
IRM00040800,2012-12-06,TMAX,126
IRM00040798,2005-09-12,TMAX,308
IRM00040811,2007-12-13,TMIN,90
IRM00040831,2008-10-05,TMIN,168
IRM00040811,2005-11-18,TMAX,212
IRM00040831,2011-07-16,TMAX,490
IRM00040800,2010-06-07,TMAX,332
IRM00040831,2006-01-08,TMAX,220
IRM00040798,2010-12-25,TMAX,100
IRM00040831,2013-02-19,TMAX,238
IRM00040831,2006-02-02,TMIN,110
IRM00040811,2007-07-17,TMAX,422
IRM00040811,2007-07-17,TMIN,300
IRM00040831,2015-08-25,TMAX,480
IRM00040831,2013-07-12,TMAX,484
IRM00040831,2010-03-07,TMAX,300
IRM00040800,2013-09-15,TMAX,336
IRM00040800,2006-11-16,TMAX,150
IRM00040831,2011-06-14,TMAX,418
IRM00040800,2006-10-21,TMAX,276
IRM00040811,2008-01-12,TMAX,66
IRM00040800,2011-01-24,TMAX,116
IRM00040831,2005-02-28,TMIN,136
IRM00040811,2008-04-19,TMAX,322
IRM00040800,2013-07-21,TMAX,406
IRM00040811,2012-11-10,TMAX,352
IRM00040831,2013-03-21,TMAX,262
IRM00040831,2008-02-06,TMAX,192
IRM00040798,2008-01-17,TMAX,-66
IRM00040831,2014-04-16,TMAX,380
IRM00040831,2013-10-23,TMAX,314
IRM00040798,2012-05-17,TMIN,24
IRM00040811,2008-09-22,TMAX,422
IRM00040811,2006-06-04,TMAX,462
IRM00040798,2013-06-09,TMAX,310
IRM00040811,2006-08-12,TMAX,475
IRM00040811,2006-08-12,TMIN,296
IRM00040798,2011-12-20,TMAX,102
IRM00040798,2013-06-03,TMAX,296
IRM00040811,2006-05-31,TMIN,260
IRM00040811,2007-12-13,TMAX,216
IRM00040800,2008-07-15,TMIN,216
IRM00040800,2012-08-23,TMAX,354
IRM00040811,2008-09-22,TMIN,218
IRM00040798,2013-06-09,TMIN,18
IRM00040800,2008-07-05,TMAX,378
IRM00040831,2007-05-29,TMAX,440
IRM00040811,2012-11-10,TMIN,164
IRM00040831,2007-10-15,TMIN,206
IRM00040798,2015-01-26,TMAX,156
IRM00040831,2008-10-07,TMAX,400
IRM00040831,2014-03-11,TMAX,288
IRM00040831,2007-01-15,TMAX,154
IRM00040831,2006-04-22,TMIN,212
IRM00040798,2013-02-18,TMAX,128
IRM00040831,2009-10-24,TMAX,332
IRM00040831,2006-10-09,TMIN,200
IRM00040800,2015-11-06,TMAX,204
IRM00040798,2006-08-12,TMAX,304
IRM00040798,2008-09-25,TMIN,34
IRM00040811,2011-07-18,TMAX,442
IRM00040831,2015-08-25,TMIN,298
IRM00040798,2012-02-05,TMAX,24
IRM00040798,2015-02-26,TMAX,95
IRM00040798,2008-09-25,TMAX,278
IRM00040798,2009-04-17,TMAX,154
IRM00040798,2014-04-17,TMIN,17
IRM00040831,2006-10-09,TMAX,386
IRM00040800,2010-11-02,TMAX,236
IRM00040800,2013-04-29,TMAX,244
IRM00040831,2009-07-08,TMAX,454
IRM00040811,2006-05-31,TMAX,460
IRM00040800,2014-05-19,TMAX,290
IRM00040800,2006-07-25,TMAX,378
IRM00040798,2006-08-12,TMIN,100
IRM00040831,2011-03-24,TMIN,160
IRM00040831,2011-03-24,TMAX,284
IRM00040811,2011-07-18,TMIN,288
IRM00040800,2008-03-29,TMAX,272
IRM00040798,2005-10-29,TMIN,32
IRM00040811,2011-08-09,TMAX,472
IRM00040811,2011-08-09,TMIN,320
IRM00040831,2006-08-06,TMIN,290
IRM00040800,2011-12-18,TMAX,132
IRM00040798,2013-07-21,TMAX,368
IRM00040831,2012-04-22,TMIN,184
IRM00040798,2006-06-28,TMIN,100
IRM00040811,2015-03-25,TMAX,250
IRM00040798,2012-05-15,TMAX,234
IRM00040811,2008-07-22,TMIN,308
IRM00040798,2008-07-02,TMIN,134
IRM00040798,2008-06-14,TMAX,324
IRM00040811,2008-03-14,TMAX,260
IRM00040811,2007-11-29,TMAX,214
IRM00040831,2013-06-24,TMAX,470
IRM00040798,2005-12-18,TMAX,74
IRM00040831,2007-03-15,TMIN,158
IRM00040798,2008-02-16,TMAX,98
IRM00040811,2015-01-18,TMAX,152
IRM00040798,2007-10-13,TMIN,30
IRM00040831,2009-06-24,TMIN,278
IRM00040831,2008-07-21,TMIN,310
IRM00040811,2011-12-23,TMAX,222
IRM00040831,2008-06-04,TMAX,442
IRM00040831,2009-06-24,TMAX,464
IRM00040800,2008-10-11,TMAX,288
IRM00040798,2012-01-02,TMAX,98
IRM00040811,2013-05-22,TMIN,280
IRM00040811,2007-08-14,TMAX,478
IRM00040831,2015-02-01,TMAX,230
IRM00040798,2007-10-04,TMIN,22
IRM00040811,2014-06-19,TMIN,258
IRM00040831,2010-06-11,TMIN,318
IRM00040800,2012-09-23,TMAX,328
IRM00040811,2008-07-22,TMAX,490
IRM00040831,2006-10-22,TMAX,346
IRM00040811,2006-01-26,TMAX,196
IRM00040798,2011-01-04,TMAX,130
IRM00040811,2005-12-06,TMAX,268
IRM00040831,2012-07-15,TMAX,508
IRM00040798,2008-08-19,TMIN,84
IRM00040811,2007-08-14,TMIN,316
IRM00040798,2013-04-24,TMIN,-30
IRM00040798,2013-05-28,TMIN,60
IRM00040831,2012-07-15,TMIN,298
IRM00040831,2011-10-29,TMAX,338
IRM00040811,2014-07-21,TMAX,454
IRM00040800,2009-10-24,TMIN,-9
IRM00040811,2010-06-23,TMAX,446
IRM00040798,2006-06-28,TMAX,342
IRM00040798,2010-03-03,TMAX,100
IRM00040798,2012-06-14,TMAX,285
IRM00040811,2014-02-14,TMAX,242
IRM00040831,2010-08-05,TMIN,296
IRM00040811,2015-06-15,TMAX,452
IRM00040831,2005-09-06,TMAX,402
IRM00040831,2012-07-25,TMAX,468
IRM00040831,2008-09-17,TMAX,406
IRM00040831,2005-09-06,TMIN,266
IRM00040811,2007-06-15,TMAX,466
IRM00040811,2010-04-24,TMAX,314
IRM00040798,2006-07-03,TMIN,156
IRM00040800,2008-03-02,TMAX,190
IRM00040800,2013-10-24,TMAX,228
IRM00040800,2012-05-08,TMAX,276
IRM00040798,2006-07-03,TMAX,312
IRM00040811,2011-09-01,TMAX,456
IRM00040798,2007-10-04,TMAX,228
IRM00040798,2013-07-21,TMIN,118
IRM00040831,2011-10-06,TMIN,164
IRM00040811,2006-11-02,TMAX,350
IRM00040798,2006-03-12,TMIN,-86
IRM00040800,2013-11-22,TMAX,94
IRM00040831,2006-12-04,TMAX,214
IRM00040811,2009-11-10,TMIN,166
IRM00040798,2012-03-01,TMIN,28
IRM00040811,2015-06-15,TMIN,288
IRM00040831,2006-06-13,TMAX,450
IRM00040811,2009-09-14,TMAX,440
IRM00040831,2006-06-13,TMIN,266
IRM00040831,2005-09-18,TMAX,438
IRM00040811,2006-11-02,TMIN,220
IRM00040800,2010-07-12,TMAX,408
IRM00040811,2008-08-16,TMAX,468
IRM00040831,2005-09-18,TMIN,206
IRM00040831,2006-02-17,TMAX,180
IRM00040800,2009-10-24,TMAX,214
IRM00040831,2011-05-02,TMAX,332
IRM00040831,2008-08-13,TMIN,290
IRM00040798,2005-09-12,TMIN,74
IRM00040798,2015-01-22,TMIN,-100
IRM00040800,2010-12-29,TMAX,120
IRM00040811,2015-09-13,TMAX,446
IRM00040811,2010-02-06,TMAX,168
IRM00040831,2011-08-07,TMAX,478
IRM00040800,2009-02-02,TMAX,120
IRM00040798,2013-12-13,TMAX,74
IRM00040811,2014-12-31,TMAX,220
IRM00040798,2010-08-15,TMAX,290
IRM00040831,2013-12-16,TMIN,60
IRM00040811,2010-06-26,TMIN,276
IRM00040831,2015-12-17,TMAX,186
IRM00040811,2007-11-29,TMIN,68
IRM00040831,2008-07-21,TMAX,472
IRM00040811,2014-06-19,TMAX,438
IRM00040798,2006-03-12,TMAX,154
IRM00040800,2015-09-19,TMAX,264
IRM00040831,2010-10-24,TMIN,190
IRM00040831,2014-03-11,TMIN,190
IRM00040831,2011-02-04,TMAX,130
IRM00040798,2014-09-02,TMAX,294
IRM00040811,2014-12-22,TMAX,182
IRM00040811,2014-02-02,TMAX,182
IRM00040831,2011-08-31,TMIN,258
IRM00040811,2007-02-26,TMAX,250
IRM00040831,2014-02-06,TMAX,144
IRM00040798,2014-04-18,TMIN,12
IRM00040831,2008-04-21,TMAX,344
IRM00040831,2009-04-30,TMIN,262
IRM00040831,2011-07-15,TMIN,330
IRM00040811,2009-05-05,TMAX,388
IRM00040831,2006-10-04,TMIN,210
IRM00040798,2010-08-15,TMIN,150
IRM00040831,2006-10-04,TMAX,412
IRM00040831,2013-12-16,TMAX,152
IRM00040798,2012-09-20,TMIN,68
IRM00040811,2009-05-05,TMIN,236
IRM00040831,2006-01-07,TMIN,78
IRM00040800,2009-09-17,TMAX,320
IRM00040811,2010-06-26,TMAX,410
IRM00040831,2015-12-03,TMAX,200
IRM00040831,2010-01-11,TMAX,240
IRM00040831,2006-07-25,TMAX,498
IRM00040831,2013-01-05,TMIN,60
IRM00040831,2007-11-02,TMAX,282
IRM00040798,2015-04-05,TMIN,-26
IRM00040798,2013-03-18,TMAX,138
IRM00040798,2013-03-28,TMAX,190
IRM00040831,2006-03-24,TMAX,298
IRM00040831,2006-03-24,TMIN,138
IRM00040798,2008-08-02,TMIN,138
IRM00040831,2005-11-10,TMIN,100
IRM00040798,2009-04-16,TMIN,-24
IRM00040800,2014-03-11,TMAX,188
IRM00040798,2009-04-16,TMAX,152
IRM00040831,2012-11-09,TMAX,362
IRM00040800,2014-12-20,TMAX,120
IRM00040831,2008-08-17,TMAX,478
IRM00040811,2010-01-14,TMAX,232
IRM00040811,2007-03-04,TMAX,248
IRM00040798,2015-04-05,TMAX,197
IRM00040800,2014-01-26,TMAX,124
IRM00040831,2007-08-10,TMAX,458
IRM00040798,2011-07-26,TMIN,178
IRM00040831,2007-08-10,TMIN,256
IRM00040811,2008-03-24,TMAX,376
IRM00040798,2009-02-14,TMIN,-70
IRM00040798,2008-03-08,TMIN,-74
IRM00040831,2008-10-05,TMAX,366
IRM00040811,2013-04-19,TMIN,226
IRM00040798,2013-03-28,TMIN,-40
IRM00040798,2009-02-14,TMAX,140
IRM00040811,2007-07-23,TMIN,296
IRM00040831,2013-04-02,TMAX,352
IRM00040800,2007-02-12,TMAX,134
IRM00040831,2012-02-13,TMAX,208
IRM00040798,2010-09-17,TMAX,284
IRM00040800,2012-01-31,TMAX,72
IRM00040831,2009-04-29,TMAX,374
IRM00040798,2011-12-16,TMAX,136
IRM00040800,2011-10-10,TMAX,250
IRM00040831,2009-09-30,TMAX,374
IRM00040798,2011-12-03,TMAX,108
IRM00040811,2008-12-31,TMIN,120
IRM00040800,2012-02-09,TMAX,164
IRM00040798,2007-02-04,TMAX,70
IRM00040811,2007-07-07,TMAX,450
IRM00040800,2008-11-28,TMAX,156
IRM00040831,2015-02-15,TMAX,238
IRM00040831,2007-11-04,TMAX,300
IRM00040811,2005-06-19,TMAX,466
IRM00040831,2007-03-22,TMAX,284
IRM00040798,2008-07-22,TMIN,138
IRM00040798,2011-12-16,TMIN,-78
IRM00040831,2010-01-18,TMAX,224
IRM00040811,2011-01-31,TMAX,210
IRM00040811,2014-07-22,TMIN,332
IRM00040831,2007-03-06,TMAX,254
IRM00040798,2010-11-27,TMAX,160
IRM00040831,2012-08-29,TMAX,446
IRM00040831,2006-06-20,TMAX,480
IRM00040831,2012-08-29,TMIN,266
IRM00040798,2008-08-31,TMAX,320
IRM00040811,2011-02-02,TMIN,90
IRM00040831,2012-01-20,TMIN,50
IRM00040800,2005-11-28,TMAX,154
IRM00040800,2013-02-15,TMAX,156
IRM00040798,2012-08-19,TMIN,110
IRM00040811,2008-06-01,TMIN,276
IRM00040831,2007-12-18,TMAX,186
IRM00040811,2007-12-04,TMAX,214
IRM00040798,2010-10-20,TMIN,10
IRM00040811,2009-06-30,TMIN,286
IRM00040831,2011-02-28,TMAX,258
IRM00040831,2011-06-09,TMIN,310
IRM00040831,2010-12-25,TMAX,224
IRM00040831,2009-04-08,TMAX,286
IRM00040811,2012-05-06,TMAX,396
IRM00040798,2012-08-04,TMAX,314
IRM00040811,2013-04-22,TMIN,150
IRM00040811,2012-05-08,TMIN,200
IRM00040831,2014-04-07,TMAX,326
IRM00040811,2010-09-13,TMAX,446
IRM00040798,2011-11-18,TMAX,142
IRM00040798,2008-08-02,TMAX,324
IRM00040831,2011-06-09,TMAX,488
IRM00040798,2006-08-27,TMIN,80
IRM00040811,2007-08-29,TMIN,272
IRM00040800,2011-01-10,TMAX,104
IRM00040798,2006-08-27,TMAX,310
IRM00040831,2005-11-17,TMAX,166
IRM00040800,2005-09-12,TMAX,350
IRM00040811,2013-09-08,TMAX,434
IRM00040798,2011-07-26,TMAX,338
IRM00040831,2012-04-23,TMAX,370
IRM00040800,2015-09-15,TMAX,324
IRM00040811,2008-02-18,TMAX,236
IRM00040798,2012-01-31,TMAX,44
IRM00040831,2009-04-19,TMAX,342
IRM00040831,2012-01-24,TMIN,8
IRM00040798,2013-01-28,TMIN,32
IRM00040811,2006-06-10,TMAX,455
IRM00040798,2012-01-31,TMIN,-88
IRM00040811,2013-05-03,TMAX,248
IRM00040798,2015-01-03,TMIN,-29
IRM00040798,2011-04-01,TMAX,198
IRM00040811,2006-06-10,TMIN,298
IRM00040800,2007-05-05,TMAX,288
IRM00040798,2005-01-24,TMAX,28
IRM00040798,2007-10-01,TMIN,10
IRM00040811,2009-01-29,TMAX,224
IRM00040831,2007-11-24,TMAX,234
IRM00040798,2007-10-01,TMAX,232
IRM00040831,2012-01-24,TMAX,168
IRM00040800,2010-08-15,TMAX,320
IRM00040798,2015-02-13,TMAX,131
IRM00040798,2014-01-25,TMAX,66
IRM00040811,2011-04-29,TMIN,212
IRM00040831,2013-04-02,TMIN,174
IRM00040831,2013-06-19,TMIN,260
IRM00040831,2006-06-20,TMIN,308
IRM00040798,2015-10-10,TMAX,253
IRM00040811,2011-04-29,TMAX,382
IRM00040811,2012-08-13,TMIN,300
IRM00040831,2005-05-08,TMAX,358
IRM00040800,2011-07-13,TMAX,380
IRM00040831,2014-02-15,TMIN,90
IRM00040811,2013-01-03,TMAX,184
IRM00040798,2008-07-22,TMAX,328
IRM00040798,2010-09-17,TMIN,76
IRM00040800,2009-01-01,TMAX,168
IRM00040800,2014-12-13,TMAX,138
IRM00040831,2009-04-08,TMIN,208
IRM00040800,2014-03-22,TMAX,148
IRM00040831,2008-03-24,TMIN,176
IRM00040798,2013-12-11,TMIN,-70
IRM00040831,2014-02-15,TMAX,234
IRM00040798,2013-02-21,TMIN,-90
IRM00040798,2008-03-25,TMIN,-22
IRM00040811,2014-01-05,TMAX,120
IRM00040831,2005-09-07,TMAX,398
IRM00040798,2014-04-17,TMAX,216
IRM00040811,2010-07-19,TMIN,304
IRM00040831,2006-07-21,TMIN,306
IRM00040798,2012-03-10,TMIN,-66
IRM00040831,2009-03-03,TMAX,218
IRM00040831,2005-09-07,TMIN,204
IRM00040798,2015-01-26,TMIN,-88
IRM00040811,2014-09-29,TMIN,208
IRM00040798,2015-07-10,TMIN,142
IRM00040800,2015-11-13,TMAX,170
IRM00040800,2014-02-26,TMAX,172
IRM00040798,2013-02-21,TMAX,112
IRM00040798,2013-12-04,TMAX,134
IRM00040831,2006-07-21,TMAX,484
IRM00040798,2012-12-15,TMAX,74
IRM00040831,2009-07-08,TMIN,300
IRM00040831,2008-09-09,TMAX,420
IRM00040811,2012-07-22,TMIN,324
IRM00040798,2013-12-04,TMIN,30
IRM00040798,2015-07-10,TMAX,333
IRM00040811,2009-04-17,TMIN,194
IRM00040800,2011-06-30,TMAX,402
IRM00040800,2005-02-06,TMAX,94
IRM00040800,2013-01-27,TMAX,126
IRM00040800,2007-11-30,TMAX,158
IRM00040800,2015-01-14,TMAX,126
IRM00040811,2008-11-22,TMIN,160
IRM00040831,2007-05-29,TMIN,280
IRM00040798,2007-01-23,TMAX,-36
IRM00040811,2010-10-19,TMAX,392
IRM00040831,2007-08-02,TMAX,496
IRM00040831,2006-07-25,TMIN,284
IRM00040798,2007-01-23,TMIN,-130
IRM00040831,2015-10-12,TMIN,200
IRM00040798,2005-09-27,TMIN,24
IRM00040811,2012-08-11,TMAX,470
IRM00040831,2009-03-03,TMIN,10
IRM00040811,2008-01-15,TMAX,104
IRM00040800,2013-12-23,TMAX,66
IRM00040831,2007-11-11,TMAX,312
IRM00040798,2008-03-25,TMAX,224
IRM00040798,2009-11-07,TMIN,-11
IRM00040831,2008-03-24,TMAX,380
IRM00040800,2007-07-05,TMIN,212
IRM00040831,2006-07-15,TMAX,448
IRM00040831,2008-11-10,TMAX,264
IRM00040811,2013-04-13,TMAX,326
IRM00040800,2010-06-14,TMAX,372
IRM00040811,2011-09-01,TMIN,286
IRM00040811,2014-09-29,TMAX,402
IRM00040800,2012-06-03,TMAX,352
IRM00040800,2013-01-29,TMAX,162
IRM00040811,2010-07-19,TMAX,470
IRM00040811,2009-08-02,TMAX,444
IRM00040811,2015-03-31,TMAX,280
IRM00040798,2010-10-24,TMAX,240
IRM00040798,2008-03-08,TMAX,166
IRM00040800,2015-10-04,TMAX,310
IRM00040831,2009-04-21,TMAX,320
IRM00040800,2015-03-17,TMAX,216
IRM00040811,2005-09-18,TMAX,422
IRM00040811,2012-12-15,TMAX,176
IRM00040800,2008-09-11,TMAX,320
IRM00040831,2013-01-05,TMAX,176
IRM00040811,2015-11-11,TMAX,254
IRM00040831,2009-10-24,TMIN,240
IRM00040831,2014-06-29,TMAX,480
IRM00040831,2013-10-04,TMIN,238
IRM00040831,2012-07-14,TMAX,508
IRM00040811,2012-12-15,TMIN,68
IRM00040811,2008-12-31,TMAX,206
IRM00040798,2011-02-28,TMIN,-4
IRM00040798,2012-06-28,TMAX,304
IRM00040800,2013-10-22,TMAX,200
IRM00040798,2011-01-07,TMIN,-92
IRM00040798,2005-01-24,TMIN,-222
IRM00040800,2014-08-25,TMAX,348
IRM00040798,2007-04-12,TMAX,176
IRM00040798,2008-11-22,TMAX,136
IRM00040831,2015-02-26,TMIN,96
IRM00040831,2013-09-02,TMAX,468
IRM00040811,2009-04-22,TMAX,346
IRM00040831,2006-01-07,TMAX,218
IRM00040811,2013-06-21,TMIN,270
IRM00040831,2015-09-30,TMAX,390
IRM00040811,2010-06-30,TMAX,462
IRM00040831,2006-09-14,TMAX,414
IRM00040811,2009-04-17,TMAX,318
IRM00040798,2008-11-22,TMIN,-22
IRM00040811,2011-08-10,TMIN,320
IRM00040811,2009-08-02,TMIN,284
IRM00040798,2005-09-27,TMAX,280
IRM00040811,2005-09-18,TMIN,224
IRM00040798,2007-06-20,TMAX,318
IRM00040831,2011-08-09,TMIN,286
IRM00040831,2011-08-09,TMAX,478
IRM00040831,2006-09-24,TMAX,444
IRM00040831,2007-01-02,TMAX,134
IRM00040831,2013-09-02,TMIN,300
IRM00040811,2010-08-08,TMAX,490
IRM00040831,2013-10-04,TMAX,418
IRM00040831,2015-10-12,TMAX,372
IRM00040831,2013-02-07,TMIN,146
IRM00040811,2011-05-14,TMAX,396
IRM00040800,2006-02-21,TMIN,-12
IRM00040831,2007-08-02,TMIN,296
IRM00040831,2008-11-10,TMIN,136
IRM00040831,2010-07-31,TMAX,472
IRM00040798,2014-07-06,TMIN,140
IRM00040798,2012-03-10,TMAX,108
IRM00040800,2008-05-03,TMAX,264
IRM00040831,2012-01-20,TMAX,190
IRM00040798,2015-02-26,TMIN,-22
IRM00040831,2015-09-30,TMIN,260
IRM00040800,2011-08-14,TMAX,386
IRM00040798,2014-08-01,TMAX,354
IRM00040798,2006-07-23,TMIN,98
IRM00040831,2015-06-06,TMAX,450
IRM00040798,2006-07-14,TMIN,114
IRM00040811,2011-08-05,TMAX,496
IRM00040798,2015-01-17,TMAX,86
IRM00040811,2006-11-23,TMAX,226
IRM00040800,2015-02-05,TMAX,198
IRM00040831,2010-04-16,TMIN,226
IRM00040831,2015-05-13,TMAX,436
IRM00040831,2007-08-23,TMIN,280
IRM00040831,2010-05-08,TMAX,396
IRM00040831,2015-04-11,TMAX,320
IRM00040798,2011-10-07,TMIN,-2
IRM00040831,2007-11-05,TMAX,304
IRM00040798,2006-10-10,TMIN,30
IRM00040831,2007-02-18,TMAX,216
IRM00040798,2009-01-06,TMIN,-108
IRM00040831,2006-02-03,TMIN,164
IRM00040798,2010-09-10,TMAX,312
IRM00040800,2013-07-06,TMAX,386
IRM00040798,2013-12-11,TMAX,74
IRM00040798,2012-09-18,TMAX,294
IRM00040811,2010-05-03,TMIN,208
IRM00040800,2013-01-25,TMAX,160
IRM00040798,2006-04-10,TMAX,198
IRM00040798,2008-08-11,TMAX,336
IRM00040798,2015-12-17,TMIN,-102
IRM00040800,2014-10-02,TMAX,326
IRM00040798,2015-05-26,TMAX,272
IRM00040798,2010-09-10,TMIN,58
IRM00040798,2013-10-09,TMAX,256
IRM00040811,2013-10-25,TMIN,128
IRM00040800,2007-04-25,TMAX,216
IRM00040798,2011-11-03,TMAX,154
IRM00040800,2014-04-15,TMAX,262
IRM00040831,2006-02-03,TMAX,226
IRM00040811,2011-07-26,TMAX,516
IRM00040800,2006-03-19,TMAX,182
IRM00040798,2009-05-07,TMAX,194
IRM00040831,2011-04-17,TMAX,356
IRM00040811,2011-10-11,TMIN,186
IRM00040811,2011-07-26,TMIN,338
IRM00040831,2011-02-09,TMAX,168
IRM00040831,2011-07-26,TMIN,310
IRM00040811,2005-09-10,TMIN,246
IRM00040798,2014-01-01,TMAX,60
IRM00040831,2010-04-16,TMAX,354
IRM00040811,2011-10-11,TMAX,374
IRM00040800,2014-10-20,TMAX,256
IRM00040798,2012-12-30,TMIN,-94
IRM00040811,2007-07-03,TMAX,453
IRM00040831,2013-11-26,TMIN,138
IRM00040811,2005-12-01,TMAX,252
IRM00040800,2012-05-09,TMAX,294
IRM00040800,2011-11-30,TMAX,44
IRM00040811,2012-07-25,TMAX,486
IRM00040798,2015-01-17,TMIN,-44
IRM00040831,2013-05-16,TMAX,374
IRM00040831,2015-01-22,TMIN,46
IRM00040831,2007-11-05,TMIN,150
IRM00040831,2011-07-26,TMAX,512
IRM00040831,2009-11-11,TMAX,296
IRM00040831,2015-06-17,TMAX,454
IRM00040811,2011-02-02,TMAX,132
IRM00040831,2010-12-15,TMAX,198
IRM00040831,2013-11-26,TMAX,246
IRM00040831,2009-08-17,TMAX,468
IRM00040811,2011-09-08,TMAX,432
IRM00040831,2012-07-08,TMAX,450
IRM00040798,2008-08-19,TMAX,300
IRM00040798,2008-09-14,TMIN,60
IRM00040811,2011-11-28,TMAX,194
IRM00040798,2012-12-07,TMAX,102
IRM00040798,2008-11-15,TMIN,-34
IRM00040798,2008-11-15,TMAX,102
IRM00040831,2009-01-15,TMAX,190
IRM00040831,2013-02-22,TMAX,250
IRM00040798,2014-05-02,TMIN,20
IRM00040831,2013-01-22,TMAX,212
IRM00040798,2012-12-30,TMAX,102
IRM00040800,2006-07-11,TMIN,210
IRM00040800,2006-07-11,TMAX,400
IRM00040811,2015-08-20,TMIN,320
IRM00040811,2008-08-29,TMIN,296
IRM00040798,2011-03-30,TMAX,160
IRM00040831,2009-08-26,TMIN,278
IRM00040800,2006-02-26,TMAX,192
IRM00040831,2013-09-05,TMAX,484
IRM00040798,2007-02-16,TMIN,-64
IRM00040798,2007-02-16,TMAX,78
IRM00040831,2014-08-24,TMAX,456
IRM00040811,2013-04-28,TMIN,164
IRM00040811,2013-04-28,TMAX,348
IRM00040811,2009-10-31,TMAX,292
IRM00040831,2007-08-27,TMAX,470
IRM00040811,2013-01-31,TMAX,154
IRM00040811,2012-08-20,TMIN,286
IRM00040798,2008-08-11,TMIN,140
IRM00040800,2011-01-02,TMAX,140
IRM00040798,2013-01-16,TMAX,20
IRM00040831,2014-12-27,TMAX,212
IRM00040831,2013-12-27,TMAX,172
IRM00040798,2014-12-09,TMAX,138
IRM00040798,2006-10-10,TMAX,252
IRM00040831,2013-03-09,TMAX,244
IRM00040811,2015-09-03,TMAX,464
IRM00040798,2011-10-07,TMAX,258
IRM00040831,2009-12-03,TMIN,70
IRM00040798,2010-08-20,TMIN,82
IRM00040831,2012-09-22,TMAX,442
IRM00040798,2011-02-14,TMAX,58
IRM00040800,2009-09-27,TMAX,292
IRM00040798,2010-08-20,TMAX,328
IRM00040800,2005-11-12,TMAX,132
IRM00040798,2010-02-01,TMAX,126
IRM00040811,2011-09-08,TMIN,274
IRM00040798,2008-09-14,TMAX,304
IRM00040798,2014-10-24,TMIN,-10
IRM00040811,2010-05-03,TMAX,322
IRM00040800,2009-07-07,TMIN,240
IRM00040831,2009-04-15,TMAX,320
IRM00040800,2014-06-03,TMAX,316
IRM00040831,2009-12-03,TMAX,202
IRM00040811,2013-10-30,TMAX,286
IRM00040811,2009-09-20,TMAX,380
IRM00040798,2007-08-29,TMAX,332
IRM00040811,2013-10-30,TMIN,138
IRM00040811,2008-01-29,TMAX,196
IRM00040831,2012-04-22,TMAX,346
IRM00040831,2015-06-04,TMAX,478
IRM00040800,2015-11-25,TMAX,150
IRM00040831,2007-12-10,TMIN,90
IRM00040831,2010-11-26,TMIN,90
IRM00040811,2006-09-27,TMAX,400
IRM00040831,2012-08-04,TMAX,514
IRM00040798,2015-11-27,TMIN,-98
IRM00040800,2012-11-20,TMAX,102
IRM00040811,2010-06-06,TMAX,465
IRM00040811,2014-09-30,TMAX,414
IRM00040811,2005-12-15,TMAX,274
IRM00040798,2006-03-24,TMAX,150
IRM00040800,2014-10-16,TMAX,268
IRM00040811,2014-09-30,TMIN,220
IRM00040800,2014-08-29,TMAX,336
IRM00040798,2006-03-24,TMIN,-6
IRM00040831,2015-11-14,TMIN,120
IRM00040800,2010-02-01,TMAX,174
IRM00040798,2011-08-29,TMAX,274
IRM00040798,2008-02-23,TMAX,130
IRM00040800,2015-01-12,TMAX,112
IRM00040800,2015-12-09,TMAX,102
IRM00040798,2010-09-24,TMIN,32
IRM00040811,2005-12-09,TMAX,268
IRM00040800,2009-06-28,TMAX,366
IRM00040800,2008-04-18,TMAX,262
IRM00040798,2012-05-03,TMAX,198
IRM00040798,2008-02-23,TMIN,-90
IRM00040831,2012-04-13,TMIN,168
IRM00040831,2010-08-27,TMAX,452
IRM00040798,2012-07-03,TMAX,332
IRM00040831,2011-06-28,TMAX,476
IRM00040811,2008-12-15,TMAX,182
IRM00040798,2007-11-16,TMIN,-46
IRM00040831,2012-08-04,TMIN,326
IRM00040811,2014-09-10,TMAX,432
IRM00040831,2011-12-14,TMIN,26
IRM00040798,2014-01-28,TMAX,74
IRM00040831,2015-06-19,TMIN,288
IRM00040811,2005-12-10,TMIN,100
IRM00040831,2013-06-08,TMAX,408
IRM00040811,2005-11-20,TMAX,228
IRM00040798,2012-11-29,TMIN,-60
IRM00040831,2015-06-19,TMAX,454
IRM00040831,2015-02-23,TMAX,182
IRM00040798,2006-06-03,TMAX,270
IRM00040798,2007-10-13,TMAX,244
IRM00040831,2009-02-20,TMAX,236
IRM00040811,2007-05-04,TMAX,394
IRM00040798,2013-01-18,TMIN,-44
IRM00040831,2015-09-29,TMAX,420
IRM00040800,2006-11-23,TMAX,104
IRM00040800,2010-01-11,TMAX,114
IRM00040811,2010-07-16,TMAX,486
IRM00040831,2009-06-21,TMIN,292
IRM00040831,2015-12-18,TMIN,100
IRM00040831,2015-09-29,TMIN,230
IRM00040831,2014-10-15,TMIN,250
IRM00040811,2012-01-29,TMAX,196
IRM00040831,2007-09-09,TMAX,438
IRM00040800,2013-11-27,TMAX,186
IRM00040831,2009-08-17,TMIN,280
IRM00040831,2008-10-26,TMIN,220
IRM00040798,2008-11-04,TMAX,156
IRM00040811,2006-04-20,TMAX,352
IRM00040811,2015-11-26,TMAX,274
IRM00040811,2012-10-19,TMIN,184
IRM00040831,2013-03-12,TMAX,274
IRM00040798,2012-11-29,TMAX,74
IRM00040798,2007-02-21,TMAX,82
IRM00040831,2008-06-28,TMIN,288
IRM00040800,2015-10-05,TMAX,314
IRM00040811,2012-12-24,TMAX,218
IRM00040798,2006-04-10,TMIN,8
IRM00040831,2013-12-19,TMIN,90
IRM00040811,2015-07-23,TMIN,310
IRM00040798,2007-12-15,TMIN,-8
IRM00040798,2013-08-26,TMIN,104
IRM00040811,2005-09-10,TMAX,448
IRM00040831,2006-10-21,TMIN,234
IRM00040798,2008-11-20,TMIN,-42
IRM00040831,2015-11-15,TMAX,256
IRM00040798,2011-03-04,TMAX,96
IRM00040811,2005-11-20,TMIN,100
IRM00040831,2011-01-31,TMAX,222
IRM00040831,2015-11-15,TMIN,120
IRM00040831,2006-10-21,TMAX,384
IRM00040811,2015-11-08,TMAX,260
IRM00040811,2013-10-25,TMAX,326
IRM00040831,2011-12-07,TMAX,196
IRM00040831,2006-03-04,TMIN,130
IRM00040831,2008-06-28,TMAX,490
IRM00040798,2009-01-22,TMAX,50
IRM00040798,2005-09-06,TMAX,320
IRM00040798,2005-09-06,TMIN,72
IRM00040800,2012-08-10,TMAX,376
IRM00040798,2006-02-14,TMAX,104
IRM00040798,2006-02-14,TMIN,16
IRM00040811,2006-04-20,TMIN,200
IRM00040800,2009-04-19,TMAX,220
IRM00040798,2015-10-04,TMIN,63
IRM00040798,2012-07-03,TMIN,98
IRM00040831,2006-08-22,TMAX,494
IRM00040831,2015-12-18,TMAX,208
IRM00040798,2012-09-28,TMAX,262
IRM00040831,2011-04-17,TMIN,194
IRM00040798,2015-10-04,TMAX,282
IRM00040798,2008-03-17,TMIN,-94
IRM00040798,2007-12-15,TMAX,138
IRM00040800,2008-03-10,TMAX,222
IRM00040831,2011-11-16,TMAX,274
IRM00040800,2009-07-06,TMAX,366
IRM00040811,2010-07-20,TMIN,310
IRM00040811,2009-01-01,TMAX,206
IRM00040831,2011-12-27,TMAX,184
IRM00040800,2009-09-10,TMIN,142
IRM00040831,2012-04-13,TMAX,296
IRM00040811,2012-10-19,TMAX,358
IRM00040800,2014-04-14,TMAX,246
IRM00040811,2015-04-14,TMAX,282
IRM00040800,2010-01-13,TMAX,134
IRM00040811,2015-07-23,TMAX,460
IRM00040811,2012-12-24,TMIN,100
IRM00040811,2008-09-08,TMIN,290
IRM00040831,2010-08-11,TMAX,480
IRM00040811,2013-05-22,TMAX,380
IRM00040798,2011-11-03,TMIN,-58
IRM00040798,2014-05-28,TMAX,276
IRM00040831,2012-08-02,TMAX,516
IRM00040798,2006-10-21,TMIN,-42
IRM00040831,2014-06-16,TMIN,290
IRM00040831,2013-02-16,TMAX,220
IRM00040831,2007-02-23,TMAX,244
IRM00040831,2014-04-07,TMIN,150
IRM00040800,2009-11-09,TMAX,194
IRM00040811,2006-06-15,TMIN,280
IRM00040800,2014-01-27,TMAX,138
IRM00040811,2009-11-16,TMAX,308
IRM00040811,2011-10-07,TMIN,152
IRM00040798,2012-07-14,TMAX,364
IRM00040831,2008-08-17,TMIN,286
IRM00040811,2014-01-23,TMAX,184
IRM00040811,2014-06-28,TMAX,454
IRM00040831,2007-02-04,TMAX,210
IRM00040811,2013-06-21,TMAX,440
IRM00040798,2008-01-13,TMAX,-36
IRM00040831,2011-11-09,TMAX,204
IRM00040831,2006-03-22,TMIN,130
IRM00040831,2012-07-14,TMIN,316
IRM00040811,2012-05-25,TMAX,402
IRM00040800,2008-06-03,TMAX,360
IRM00040800,2011-06-19,TMAX,382
IRM00040831,2013-07-10,TMIN,296
IRM00040798,2014-06-24,TMIN,96
IRM00040831,2015-03-27,TMAX,278
IRM00040800,2015-09-27,TMAX,296
IRM00040831,2014-08-28,TMAX,448
IRM00040798,2012-09-25,TMAX,278
IRM00040798,2010-10-10,TMAX,250
IRM00040800,2007-02-03,TMAX,148
IRM00040831,2011-10-17,TMIN,192
IRM00040798,2014-06-24,TMAX,338
IRM00040811,2015-03-18,TMAX,208
IRM00040831,2015-01-22,TMAX,222
IRM00040831,2014-09-23,TMIN,260
IRM00040811,2010-10-30,TMAX,346
IRM00040831,2011-03-01,TMAX,262
IRM00040798,2006-01-19,TMAX,-12
IRM00040831,2006-10-10,TMAX,410
IRM00040831,2005-08-07,TMIN,324
IRM00040800,2007-03-18,TMAX,126
IRM00040831,2013-05-13,TMIN,260
IRM00040831,2009-11-26,TMAX,190
IRM00040831,2013-02-12,TMAX,256
IRM00040800,2008-06-18,TMAX,388
IRM00040811,2006-06-15,TMAX,470
IRM00040798,2007-06-15,TMIN,102
IRM00040831,2011-10-17,TMAX,402
IRM00040831,2008-09-14,TMIN,232
IRM00040798,2007-06-15,TMAX,358
IRM00040798,2012-07-14,TMIN,126
IRM00040811,2014-04-21,TMAX,378
IRM00040798,2012-09-09,TMAX,304
IRM00040798,2014-09-10,TMAX,302
IRM00040831,2012-08-03,TMAX,510
IRM00040811,2012-05-09,TMAX,422
IRM00040831,2008-09-14,TMAX,468
IRM00040811,2015-07-12,TMAX,470
IRM00040831,2008-01-16,TMAX,114
IRM00040798,2010-12-26,TMAX,92
IRM00040831,2012-12-01,TMAX,202
IRM00040798,2013-10-09,TMIN,2
IRM00040800,2011-09-21,TMAX,326
IRM00040798,2015-07-24,TMAX,294
IRM00040831,2015-11-08,TMAX,274
IRM00040811,2012-10-01,TMIN,224
IRM00040831,2008-07-23,TMAX,480
IRM00040811,2015-09-16,TMIN,296
IRM00040798,2014-09-02,TMIN,74
IRM00040800,2012-04-09,TMAX,260
IRM00040811,2011-06-03,TMIN,320
IRM00040811,2013-10-09,TMIN,136
IRM00040798,2006-12-23,TMIN,-204
IRM00040798,2012-12-31,TMAX,90
IRM00040798,2005-12-31,TMAX,-10
IRM00040811,2015-01-05,TMAX,216
IRM00040811,2014-01-28,TMAX,184
IRM00040831,2007-10-11,TMAX,404
IRM00040811,2014-10-03,TMIN,230
IRM00040811,2011-10-07,TMAX,368
IRM00040800,2012-12-21,TMAX,108
IRM00040800,2010-09-29,TMIN,146
IRM00040831,2009-07-05,TMAX,430
IRM00040811,2011-06-12,TMAX,434
IRM00040831,2011-11-09,TMIN,2
IRM00040831,2007-06-25,TMIN,270
IRM00040831,2007-06-25,TMAX,464
IRM00040831,2015-12-17,TMIN,70
IRM00040798,2007-02-27,TMAX,92
IRM00040800,2009-02-12,TMAX,120
IRM00040811,2014-03-15,TMAX,166
IRM00040811,2015-10-14,TMAX,396
IRM00040798,2015-01-22,TMAX,144
IRM00040811,2009-06-14,TMAX,456
IRM00040811,2013-08-04,TMIN,296
IRM00040800,2009-07-01,TMAX,394
IRM00040831,2009-03-25,TMAX,256
IRM00040800,2014-11-13,TMAX,144
IRM00040811,2015-04-23,TMAX,386
IRM00040800,2006-02-07,TMAX,190
IRM00040798,2012-09-09,TMIN,66
IRM00040811,2010-10-30,TMIN,170
IRM00040798,2006-11-23,TMAX,42
IRM00040800,2010-03-03,TMAX,154
IRM00040831,2011-09-10,TMAX,456
IRM00040831,2008-07-23,TMIN,286
IRM00040798,2008-03-07,TMAX,172
IRM00040811,2011-04-10,TMAX,314
IRM00040798,2006-10-21,TMAX,236
IRM00040798,2012-11-28,TMIN,-54
IRM00040811,2012-05-25,TMIN,264
IRM00040798,2006-07-14,TMAX,350
IRM00040831,2008-06-29,TMAX,490
IRM00040800,2010-07-29,TMAX,340
IRM00040800,2015-03-12,TMAX,150
IRM00040831,2008-02-07,TMAX,198
IRM00040798,2007-08-10,TMIN,96
IRM00040798,2013-02-19,TMAX,132
IRM00040811,2014-10-03,TMAX,406
IRM00040800,2008-03-31,TMAX,282
IRM00040811,2011-04-10,TMIN,186
IRM00040831,2006-03-22,TMAX,288
IRM00040800,2012-02-22,TMAX,44
IRM00040800,2011-08-19,TMAX,382
IRM00040811,2005-06-19,TMIN,280
IRM00040811,2013-08-04,TMAX,450
IRM00040811,2011-06-03,TMAX,430
IRM00040811,2015-09-15,TMAX,464
IRM00040811,2011-04-15,TMAX,304
IRM00040831,2009-01-07,TMIN,16
IRM00040831,2006-01-11,TMIN,150
IRM00040798,2006-05-18,TMAX,270
IRM00040831,2007-08-23,TMAX,442
IRM00040811,2010-06-11,TMAX,474
IRM00040831,2011-07-17,TMAX,462
IRM00040800,2008-02-22,TMAX,104
IRM00040798,2007-04-11,TMAX,166
IRM00040800,2013-03-17,TMAX,230
IRM00040811,2009-07-26,TMAX,450
IRM00040800,2009-10-06,TMAX,300
IRM00040800,2010-07-22,TMAX,394
IRM00040811,2010-06-11,TMIN,312
IRM00040798,2006-01-19,TMIN,-220
IRM00040800,2010-04-13,TMAX,240
IRM00040831,2013-07-31,TMAX,426
IRM00040798,2012-09-20,TMAX,290
IRM00040831,2011-07-17,TMIN,290
IRM00040811,2009-07-26,TMIN,324
IRM00040811,2008-07-07,TMIN,290
IRM00040798,2007-09-30,TMIN,16
IRM00040798,2007-10-16,TMAX,246
IRM00040831,2006-07-01,TMAX,440
IRM00040811,2008-07-07,TMAX,456
IRM00040798,2011-07-08,TMIN,156
IRM00040798,2006-03-23,TMAX,154
IRM00040831,2006-07-01,TMIN,266
IRM00040798,2007-02-26,TMAX,102
IRM00040798,2010-10-27,TMIN,8
IRM00040798,2011-07-08,TMAX,360
IRM00040811,2013-03-10,TMAX,278
IRM00040831,2006-01-11,TMAX,214
IRM00040800,2009-03-24,TMAX,250
IRM00040798,2008-04-19,TMIN,-20
IRM00040798,2009-01-06,TMAX,94
IRM00040831,2010-11-26,TMAX,270
IRM00040811,2013-01-31,TMIN,114
IRM00040798,2010-08-23,TMIN,86
IRM00040811,2006-09-22,TMIN,206
IRM00040811,2006-09-22,TMAX,422
IRM00040811,2012-01-27,TMIN,60
IRM00040800,2006-05-15,TMAX,318
IRM00040798,2011-12-25,TMAX,114
IRM00040831,2014-01-13,TMAX,146
IRM00040811,2012-02-09,TMAX,190
IRM00040800,2006-09-25,TMAX,328
IRM00040798,2014-01-24,TMIN,-68
IRM00040831,2014-07-05,TMAX,452
IRM00040811,2014-04-16,TMAX,374
IRM00040798,2011-03-30,TMIN,-50
IRM00040831,2014-11-04,TMAX,312
IRM00040831,2006-03-04,TMAX,260
IRM00040798,2007-04-11,TMIN,60
IRM00040831,2007-05-12,TMAX,418
IRM00040831,2006-08-28,TMAX,470
IRM00040800,2012-04-06,TMAX,230
IRM00040798,2014-11-03,TMAX,151
IRM00040798,2011-12-04,TMAX,94
IRM00040798,2010-09-24,TMAX,288
IRM00040800,2012-07-15,TMAX,390
IRM00040800,2014-01-07,TMAX,10
IRM00040798,2008-04-19,TMAX,218
IRM00040831,2006-12-21,TMIN,58
IRM00040800,2013-12-05,TMAX,154
IRM00040798,2012-08-09,TMAX,346
IRM00040811,2006-09-09,TMAX,456
IRM00040811,2006-12-09,TMAX,166
IRM00040798,2007-02-03,TMAX,66
IRM00040798,2007-02-03,TMIN,-36
IRM00040798,2007-09-30,TMAX,244
IRM00040798,2014-01-24,TMAX,100
IRM00040800,2006-06-23,TMIN,188
IRM00040831,2009-08-29,TMAX,478
IRM00040800,2006-06-23,TMAX,374
IRM00040811,2015-08-20,TMAX,484
IRM00040800,2015-01-27,TMAX,162
IRM00040800,2013-11-26,TMAX,152
IRM00040811,2011-04-15,TMIN,138
IRM00040831,2009-04-15,TMIN,140
IRM00040811,2006-04-22,TMAX,385
IRM00040831,2012-09-22,TMIN,258
IRM00040831,2005-08-07,TMAX,470
IRM00040798,2012-12-31,TMIN,-92
IRM00040811,2014-08-16,TMAX,480
IRM00040811,2013-10-26,TMAX,332
IRM00040811,2015-09-15,TMIN,288
IRM00040831,2013-12-19,TMAX,166
IRM00040831,2010-07-31,TMIN,308
IRM00040798,2008-01-13,TMIN,-148
IRM00040831,2013-04-22,TMAX,292
IRM00040831,2008-01-16,TMIN,-10
IRM00040800,2009-09-25,TMAX,286
IRM00040831,2013-02-12,TMIN,150
IRM00040811,2013-10-26,TMIN,154
IRM00040798,2005-08-25,TMAX,324
IRM00040831,2007-07-22,TMAX,472
IRM00040811,2014-08-15,TMAX,484
IRM00040798,2012-11-28,TMAX,76
IRM00040800,2013-12-05,TMIN,46
IRM00040831,2007-08-27,TMIN,266
IRM00040811,2006-11-12,TMAX,250
IRM00040831,2006-12-21,TMAX,96
IRM00040811,2006-11-17,TMAX,216
IRM00040811,2014-04-16,TMIN,200
IRM00040798,2012-12-07,TMIN,-46
IRM00040811,2006-04-22,TMIN,218
IRM00040831,2009-04-30,TMAX,390
IRM00040798,2010-10-27,TMAX,188
IRM00040798,2007-10-16,TMIN,26
IRM00040811,2013-07-30,TMIN,290
IRM00040831,2009-11-16,TMIN,164
IRM00040798,2013-11-29,TMAX,166
IRM00040831,2011-05-19,TMAX,446
IRM00040831,2008-05-01,TMAX,382
IRM00040798,2006-05-18,TMIN,54
IRM00040811,2012-01-14,TMIN,78
IRM00040831,2009-11-16,TMAX,290
IRM00040798,2006-08-03,TMAX,374
IRM00040798,2006-03-23,TMIN,-4
IRM00040800,2012-12-12,TMAX,120
IRM00040811,2006-01-28,TMIN,88
IRM00040831,2006-10-10,TMIN,210
IRM00040798,2012-08-09,TMIN,120
IRM00040811,2006-01-28,TMAX,174
IRM00040800,2010-01-25,TMAX,124
IRM00040811,2006-09-09,TMIN,247
IRM00040811,2009-06-02,TMIN,246
IRM00040811,2009-08-14,TMAX,470
IRM00040831,2007-08-15,TMAX,460
IRM00040831,2011-05-26,TMAX,428
IRM00040831,2008-08-25,TMAX,466
IRM00040831,2011-09-17,TMIN,218
IRM00040798,2008-03-12,TMIN,-22
IRM00040798,2010-12-08,TMIN,-110
IRM00040800,2010-03-10,TMAX,248
IRM00040811,2014-10-19,TMAX,346
IRM00040831,2006-09-10,TMAX,462
IRM00040811,2006-02-20,TMIN,74
IRM00040798,2009-05-24,TMIN,62
IRM00040811,2006-04-30,TMIN,220
IRM00040811,2010-12-24,TMAX,210
IRM00040800,2013-04-25,TMAX,210
IRM00040798,2013-04-01,TMAX,190
IRM00040831,2010-03-01,TMAX,260
IRM00040800,2009-04-21,TMAX,214
IRM00040831,2011-08-06,TMIN,300
IRM00040831,2009-07-21,TMAX,460
IRM00040798,2006-03-25,TMAX,190
IRM00040811,2009-04-25,TMAX,378
IRM00040831,2008-04-12,TMAX,342
IRM00040800,2007-02-09,TMAX,124
IRM00040811,2009-04-25,TMIN,236
IRM00040811,2011-05-02,TMAX,324
IRM00040831,2006-09-10,TMIN,240
IRM00040811,2010-12-10,TMIN,52
IRM00040800,2014-01-04,TMAX,70
IRM00040811,2006-02-20,TMAX,190
IRM00040811,2013-01-15,TMIN,46
IRM00040831,2010-10-08,TMAX,424
IRM00040811,2014-10-28,TMIN,186
IRM00040798,2014-07-17,TMIN,148
IRM00040798,2006-03-25,TMIN,-52
IRM00040800,2009-07-18,TMAX,394
IRM00040800,2010-02-21,TMAX,166
IRM00040798,2009-04-12,TMIN,-20
IRM00040811,2006-04-30,TMAX,390
IRM00040798,2010-12-08,TMAX,152
IRM00040811,2008-12-13,TMAX,186
IRM00040800,2010-12-27,TMAX,116
IRM00040811,2015-06-27,TMAX,424
IRM00040811,2014-10-19,TMIN,168
IRM00040811,2015-06-27,TMIN,298
IRM00040811,2006-12-10,TMAX,156
IRM00040800,2009-07-18,TMIN,214
IRM00040800,2011-01-26,TMAX,130
IRM00040800,2011-11-18,TMAX,204
IRM00040798,2014-07-17,TMAX,334
IRM00040831,2011-08-06,TMAX,502
IRM00040800,2011-11-18,TMIN,60
IRM00040798,2015-08-31,TMAX,322
IRM00040831,2006-01-20,TMAX,166
IRM00040798,2011-11-06,TMAX,124
IRM00040798,2015-06-03,TMIN,88
IRM00040798,2009-11-14,TMIN,-20
IRM00040800,2008-07-26,TMIN,212
IRM00040811,2013-06-24,TMIN,294
IRM00040798,2014-07-21,TMIN,130
IRM00040798,2015-08-11,TMAX,336
IRM00040831,2009-09-29,TMIN,224
IRM00040831,2013-11-05,TMAX,290
IRM00040798,2015-10-20,TMIN,-2
IRM00040811,2011-07-13,TMAX,484
IRM00040798,2015-10-20,TMAX,242
IRM00040798,2015-03-25,TMAX,138
IRM00040831,2008-12-08,TMIN,60
IRM00040811,2006-04-03,TMIN,170
IRM00040831,2008-11-08,TMAX,274
IRM00040811,2006-04-03,TMAX,300
IRM00040831,2014-11-02,TMAX,306
IRM00040798,2007-03-13,TMAX,148
IRM00040831,2006-01-20,TMIN,58
IRM00040798,2006-06-29,TMIN,110
IRM00040800,2012-06-07,TMAX,360
IRM00040798,2011-11-06,TMIN,40
IRM00040831,2011-02-20,TMAX,238
IRM00040798,2010-05-10,TMIN,24
IRM00040798,2009-01-27,TMAX,114
IRM00040811,2014-10-28,TMAX,344
IRM00040800,2015-10-09,TMAX,304
IRM00040831,2011-05-05,TMAX,380
IRM00040798,2007-03-29,TMIN,0
IRM00040798,2014-01-27,TMIN,-152
IRM00040798,2014-01-27,TMAX,64
IRM00040811,2011-10-03,TMAX,368
IRM00040800,2015-11-26,TMAX,152
IRM00040798,2009-01-27,TMIN,-76
IRM00040831,2013-08-26,TMAX,448
IRM00040798,2010-09-06,TMIN,40
IRM00040798,2009-11-14,TMAX,186
IRM00040798,2009-03-13,TMAX,204
IRM00040798,2007-03-29,TMAX,108
IRM00040798,2009-03-13,TMIN,-68
IRM00040831,2008-11-08,TMIN,118
IRM00040811,2007-03-11,TMAX,270
IRM00040831,2008-04-12,TMIN,192
IRM00040798,2007-03-13,TMIN,-46
IRM00040800,2008-11-24,TMAX,192
IRM00040798,2011-07-30,TMIN,94
IRM00040798,2011-07-21,TMIN,132
IRM00040800,2010-07-13,TMAX,378
IRM00040798,2005-01-30,TMIN,-222
IRM00040800,2010-02-17,TMAX,206
IRM00040800,2009-04-05,TMAX,176
IRM00040811,2008-04-23,TMAX,392
IRM00040831,2014-04-21,TMIN,228
IRM00040798,2009-09-27,TMAX,270
IRM00040798,2005-11-24,TMAX,150
IRM00040798,2013-02-25,TMAX,112
IRM00040798,2011-07-21,TMAX,322
IRM00040798,2010-12-17,TMIN,-110
IRM00040811,2015-09-22,TMIN,228
IRM00040831,2010-04-18,TMAX,322
IRM00040798,2013-05-13,TMAX,226
IRM00040800,2013-04-27,TMAX,234
IRM00040831,2007-05-17,TMAX,370
IRM00040811,2006-01-23,TMAX,165
IRM00040800,2011-06-27,TMAX,394
IRM00040798,2007-11-08,TMIN,-56
IRM00040800,2006-07-29,TMAX,394
IRM00040798,2013-02-25,TMIN,-88
IRM00040831,2014-04-21,TMAX,388
IRM00040811,2011-08-31,TMIN,272
IRM00040811,2015-08-11,TMAX,480
IRM00040798,2010-11-11,TMIN,-32
IRM00040831,2009-07-06,TMIN,304
IRM00040798,2010-11-11,TMAX,160
IRM00040798,2014-03-28,TMIN,-35
IRM00040800,2009-12-19,TMAX,62
IRM00040798,2012-10-15,TMAX,244
IRM00040798,2012-10-15,TMIN,22
IRM00040800,2015-03-15,TMAX,202
IRM00040798,2005-01-30,TMAX,10
IRM00040811,2015-04-07,TMAX,356
IRM00040831,2009-07-06,TMAX,434
IRM00040811,2015-04-07,TMIN,182
IRM00040798,2012-01-07,TMAX,112
IRM00040831,2011-10-05,TMIN,174
IRM00040831,2010-10-23,TMIN,188
IRM00040831,2010-10-23,TMAX,404
IRM00040831,2011-10-05,TMAX,356
IRM00040831,2009-12-30,TMIN,96
IRM00040800,2010-12-28,TMAX,130
IRM00040798,2010-12-17,TMAX,156
IRM00040798,2010-03-20,TMAX,160
IRM00040798,2009-04-12,TMAX,166
IRM00040831,2013-04-06,TMIN,144
IRM00040798,2008-03-12,TMAX,184
IRM00040831,2006-10-23,TMIN,234
IRM00040798,2012-12-28,TMAX,54
IRM00040831,2006-10-23,TMAX,380
IRM00040831,2006-07-29,TMAX,450
IRM00040831,2006-07-29,TMIN,280
IRM00040798,2005-11-24,TMIN,-42
IRM00040811,2011-01-28,TMAX,194
IRM00040811,2009-04-07,TMAX,306
IRM00040831,2008-09-30,TMAX,378
IRM00040811,2013-08-01,TMIN,280
IRM00040800,2008-02-06,TMAX,64
IRM00040831,2012-09-03,TMAX,450
IRM00040798,2007-08-28,TMAX,332
IRM00040800,2009-05-02,TMAX,190
IRM00040831,2012-09-03,TMIN,244
IRM00040811,2010-10-25,TMIN,176
IRM00040811,2012-07-03,TMAX,470
IRM00040811,2012-05-11,TMAX,446
IRM00040798,2008-02-02,TMAX,28
IRM00040800,2015-05-12,TMAX,304
IRM00040811,2012-05-11,TMIN,290
IRM00040800,2006-07-03,TMAX,348
IRM00040831,2013-08-14,TMAX,494
IRM00040831,2012-05-29,TMAX,420
IRM00040831,2012-01-14,TMIN,54
IRM00040831,2012-01-14,TMAX,194
IRM00040831,2009-02-28,TMAX,234
IRM00040800,2006-07-15,TMAX,390
IRM00040798,2010-03-20,TMIN,76
IRM00040831,2013-07-15,TMIN,300
IRM00040811,2015-09-07,TMAX,456
IRM00040800,2007-03-31,TMAX,138
IRM00040811,2014-05-13,TMAX,386
IRM00040831,2006-09-12,TMIN,228
IRM00040800,2006-03-05,TMAX,192
IRM00040811,2013-08-01,TMAX,436
IRM00040831,2006-09-12,TMAX,460
IRM00040798,2011-01-25,TMIN,-104
IRM00040800,2008-05-17,TMAX,312
IRM00040798,2011-07-30,TMAX,318
IRM00040811,2013-11-08,TMAX,312
IRM00040811,2015-09-07,TMIN,310
IRM00040798,2009-11-24,TMIN,-74
IRM00040831,2009-06-06,TMIN,260
IRM00040798,2014-05-13,TMIN,29
IRM00040811,2008-01-24,TMAX,120
IRM00040811,2008-04-09,TMAX,302
IRM00040811,2013-12-14,TMAX,188
IRM00040800,2015-09-25,TMAX,304
IRM00040831,2012-12-16,TMIN,88
IRM00040798,2011-09-06,TMAX,316
IRM00040831,2015-08-30,TMAX,490
IRM00040831,2015-09-02,TMAX,424
IRM00040811,2015-09-29,TMIN,240
IRM00040811,2012-05-28,TMIN,256
IRM00040831,2008-09-02,TMAX,426
IRM00040800,2013-12-17,TMAX,78
IRM00040831,2011-03-05,TMIN,80
IRM00040798,2008-09-02,TMIN,74
IRM00040800,2013-09-27,TMAX,284
IRM00040811,2008-04-05,TMIN,190
IRM00040831,2009-12-19,TMAX,224
IRM00040831,2009-12-19,TMIN,110
IRM00040811,2008-10-05,TMIN,196
IRM00040798,2011-02-25,TMAX,152
IRM00040831,2013-07-15,TMAX,490
IRM00040831,2015-01-10,TMIN,60
IRM00040811,2008-04-05,TMAX,326
IRM00040831,2012-12-16,TMAX,186
IRM00040831,2008-09-02,TMIN,310
IRM00040811,2015-09-29,TMAX,418
IRM00040800,2014-12-14,TMAX,140
IRM00040811,2009-12-15,TMIN,108
IRM00040798,2014-07-08,TMAX,320
IRM00040811,2007-05-15,TMAX,382
IRM00040798,2014-07-08,TMIN,130
IRM00040811,2015-08-04,TMIN,310
IRM00040811,2015-08-04,TMAX,474
IRM00040800,2010-07-06,TMAX,404
IRM00040800,2006-12-23,TMAX,68
IRM00040800,2010-11-20,TMAX,172
IRM00040798,2005-03-29,TMAX,182
IRM00040798,2008-09-02,TMAX,312
IRM00040800,2012-05-24,TMAX,284
IRM00040798,2011-10-24,TMIN,-72
IRM00040798,2005-03-29,TMIN,-54
IRM00040831,2012-03-22,TMIN,112
IRM00040798,2007-03-27,TMAX,128
IRM00040798,2012-04-12,TMAX,226
IRM00040798,2012-04-12,TMIN,38
IRM00040798,2011-09-06,TMIN,66
IRM00040798,2007-05-21,TMAX,236
IRM00040800,2011-05-16,TMAX,298
IRM00040800,2010-04-17,TMAX,230
IRM00040831,2015-01-10,TMAX,154
IRM00040831,2014-01-29,TMAX,214
IRM00040831,2009-09-29,TMAX,382
IRM00040798,2015-02-12,TMAX,105
IRM00040831,2015-09-02,TMIN,276
IRM00040798,2011-04-19,TMAX,232
IRM00040831,2009-10-21,TMAX,370
IRM00040831,2008-11-26,TMAX,256
IRM00040800,2011-03-01,TMAX,152
IRM00040800,2012-02-20,TMAX,74
IRM00040831,2007-08-28,TMAX,490
IRM00040800,2015-05-09,TMAX,254
IRM00040811,2008-04-06,TMAX,334
IRM00040811,2008-10-31,TMAX,284
IRM00040811,2005-09-29,TMAX,392
IRM00040800,2010-12-26,TMAX,114
IRM00040798,2010-12-14,TMAX,82
IRM00040831,2014-02-27,TMAX,282
IRM00040800,2012-02-21,TMAX,44
IRM00040831,2010-11-30,TMIN,70
IRM00040831,2010-11-20,TMAX,274
IRM00040798,2008-01-15,TMAX,-64
IRM00040811,2005-09-29,TMIN,230
IRM00040811,2015-05-17,TMAX,394
IRM00040831,2012-11-02,TMAX,310
IRM00040798,2008-12-08,TMIN,-108
IRM00040811,2006-04-11,TMIN,186
IRM00040831,2007-11-01,TMAX,292
IRM00040798,2006-05-11,TMAX,256
IRM00040811,2013-11-12,TMIN,176
IRM00040811,2012-05-28,TMAX,388
IRM00040811,2013-11-10,TMAX,280
IRM00040798,2008-12-08,TMAX,74
IRM00040811,2010-12-10,TMAX,250
IRM00040800,2015-07-03,TMAX,372
IRM00040831,2006-09-18,TMAX,390
IRM00040811,2012-08-14,TMAX,454
IRM00040831,2010-09-11,TMAX,438
IRM00040798,2012-05-11,TMAX,254
IRM00040831,2006-09-18,TMIN,206
IRM00040798,2013-06-23,TMIN,96
IRM00040831,2011-09-17,TMAX,420
IRM00040811,2009-07-04,TMAX,444
IRM00040798,2007-06-21,TMIN,68
IRM00040831,2011-05-09,TMAX,388
IRM00040811,2006-04-11,TMAX,346
IRM00040800,2012-09-14,TMAX,330
IRM00040798,2012-05-11,TMIN,44
IRM00040798,2011-04-19,TMIN,-6
IRM00040831,2010-11-30,TMAX,264
IRM00040800,2010-09-12,TMAX,326
IRM00040811,2014-05-06,TMIN,202
IRM00040831,2009-01-14,TMAX,190
IRM00040831,2008-12-08,TMAX,222
IRM00040831,2013-08-03,TMAX,460
IRM00040831,2009-05-04,TMIN,212
IRM00040800,2010-05-18,TMAX,322
IRM00040831,2009-05-04,TMAX,378
IRM00040798,2006-06-29,TMAX,338
IRM00040798,2014-12-11,TMAX,135
IRM00040811,2015-10-15,TMAX,388
IRM00040798,2011-01-08,TMAX,104
IRM00040800,2012-07-30,TMAX,368
IRM00040811,2012-10-16,TMAX,386
IRM00040831,2009-10-13,TMAX,390
IRM00040800,2007-06-23,TMAX,382
IRM00040798,2011-10-24,TMAX,208
IRM00040811,2007-05-15,TMIN,244
IRM00040831,2011-05-10,TMAX,404
IRM00040811,2010-07-11,TMAX,470
IRM00040800,2013-03-31,TMAX,218
IRM00040811,2011-04-12,TMAX,340
IRM00040811,2006-10-22,TMAX,362
IRM00040811,2015-02-12,TMAX,252
IRM00040831,2007-12-27,TMAX,146
IRM00040831,2012-06-15,TMAX,472
IRM00040800,2012-09-27,TMAX,316
IRM00040831,2014-11-02,TMIN,168
IRM00040798,2013-10-13,TMAX,230
IRM00040831,2007-09-17,TMIN,246
IRM00040800,2012-01-12,TMAX,170
IRM00040811,2009-08-06,TMAX,460
IRM00040831,2007-09-17,TMAX,450
IRM00040798,2013-10-13,TMIN,-8
IRM00040811,2009-08-06,TMIN,300
IRM00040811,2015-07-26,TMAX,488
IRM00040798,2008-06-17,TMIN,98
IRM00040800,2012-06-02,TMAX,374
IRM00040798,2008-06-17,TMAX,340
IRM00040811,2010-09-19,TMIN,244
IRM00040811,2007-01-19,TMIN,24
IRM00040831,2006-11-18,TMIN,84
IRM00040831,2006-11-18,TMAX,220
IRM00040811,2008-07-16,TMIN,302
IRM00040811,2008-07-16,TMAX,452
IRM00040811,2010-09-19,TMAX,420
IRM00040798,2013-01-07,TMAX,84
IRM00040831,2012-06-15,TMIN,270
IRM00040798,2010-05-10,TMAX,234
IRM00040811,2006-11-08,TMAX,264
IRM00040811,2010-07-11,TMIN,296
IRM00040811,2015-10-15,TMIN,236
IRM00040800,2015-09-12,TMAX,314
IRM00040831,2008-09-26,TMAX,396
IRM00040831,2012-10-30,TMAX,312
IRM00040800,2008-02-02,TMAX,74
IRM00040831,2015-08-03,TMIN,288
IRM00040798,2011-09-24,TMIN,70
IRM00040798,2009-08-02,TMIN,110
IRM00040798,2011-10-16,TMAX,256
IRM00040811,2015-02-01,TMAX,226
IRM00040831,2008-09-26,TMIN,248
IRM00040798,2009-08-02,TMAX,346
IRM00040798,2007-03-02,TMAX,80
IRM00040800,2005-09-26,TMAX,340
IRM00040811,2008-11-09,TMAX,280
IRM00040798,2006-05-11,TMIN,60
IRM00040831,2012-03-22,TMAX,278
IRM00040798,2011-10-16,TMIN,10
IRM00040811,2015-07-26,TMIN,306
IRM00040798,2007-06-04,TMIN,72
IRM00040798,2007-01-05,TMIN,-232
IRM00040811,2011-04-12,TMIN,184
IRM00040798,2011-09-24,TMAX,272
IRM00040831,2015-08-03,TMAX,480
IRM00040831,2011-05-10,TMIN,248
IRM00040800,2008-06-11,TMAX,356
IRM00040798,2007-09-21,TMAX,294
IRM00040798,2007-09-21,TMIN,48
IRM00040811,2012-08-14,TMIN,330
IRM00040811,2015-03-04,TMAX,254
IRM00040831,2011-05-05,TMIN,220
IRM00040798,2008-03-10,TMAX,216
IRM00040800,2005-11-08,TMAX,150
IRM00040831,2012-05-29,TMIN,258
IRM00040798,2008-03-10,TMIN,-82
IRM00040811,2014-09-20,TMAX,426
IRM00040800,2006-05-12,TMAX,332
IRM00040811,2009-01-24,TMAX,190
IRM00040798,2012-04-29,TMAX,232
IRM00040831,2011-03-05,TMAX,220
IRM00040811,2006-03-26,TMAX,315
IRM00040798,2012-04-29,TMIN,18
IRM00040798,2009-09-29,TMIN,22
IRM00040800,2010-07-06,TMIN,222
IRM00040811,2012-10-16,TMIN,196
IRM00040798,2006-03-11,TMAX,132
IRM00040811,2007-11-20,TMAX,318
IRM00040831,2006-01-21,TMAX,194
IRM00040811,2010-10-24,TMIN,188
IRM00040831,2006-07-07,TMAX,464
IRM00040831,2006-08-13,TMAX,486
IRM00040831,2006-08-13,TMIN,300
IRM00040800,2007-09-25,TMAX,292
IRM00040800,2011-03-07,TMAX,162
IRM00040798,2010-10-26,TMAX,230
IRM00040831,2013-02-06,TMAX,226
IRM00040831,2010-10-28,TMIN,178
IRM00040800,2008-02-26,TMIN,-26
IRM00040811,2005-06-27,TMAX,442
IRM00040831,2010-06-04,TMIN,278
IRM00040811,2005-06-27,TMIN,286
IRM00040811,2005-11-04,TMAX,342
IRM00040831,2014-12-20,TMIN,108
IRM00040811,2005-11-04,TMIN,186
IRM00040831,2010-08-13,TMAX,504
IRM00040831,2009-11-27,TMIN,134
IRM00040811,2006-08-17,TMAX,484
IRM00040831,2013-08-23,TMIN,280
IRM00040831,2009-11-29,TMAX,186
IRM00040831,2014-04-13,TMIN,230
IRM00040798,2011-11-21,TMIN,22
IRM00040811,2013-04-07,TMIN,176
IRM00040811,2005-11-22,TMIN,174
IRM00040831,2007-07-10,TMAX,460
IRM00040831,2012-04-10,TMIN,210
IRM00040798,2011-11-21,TMAX,114
IRM00040831,2015-09-05,TMAX,418
IRM00040811,2010-03-04,TMIN,140
IRM00040798,2015-03-19,TMAX,157
IRM00040811,2010-03-04,TMAX,226
IRM00040798,2015-11-23,TMAX,132
IRM00040798,2011-03-28,TMIN,-62
IRM00040800,2009-10-22,TMAX,234
IRM00040811,2005-11-22,TMAX,270
IRM00040831,2014-07-14,TMAX,450
IRM00040800,2009-10-22,TMIN,60
IRM00040811,2015-03-10,TMAX,284
IRM00040831,2006-04-29,TMAX,342
IRM00040831,2007-04-22,TMAX,338
IRM00040798,2015-03-19,TMIN,36
IRM00040831,2006-07-27,TMAX,494
IRM00040831,2015-04-27,TMIN,214
IRM00040831,2006-04-29,TMIN,202
IRM00040800,2013-12-30,TMAX,78
IRM00040798,2015-07-11,TMAX,336
IRM00040800,2010-06-04,TMIN,174
IRM00040798,2011-03-28,TMAX,152
IRM00040831,2006-11-28,TMIN,70
IRM00040798,2007-08-13,TMAX,320
IRM00040798,2008-02-22,TMIN,-92
IRM00040831,2009-04-20,TMAX,314
IRM00040798,2015-08-04,TMAX,311
IRM00040798,2015-08-04,TMIN,85
IRM00040798,2006-06-17,TMAX,316
IRM00040798,2012-04-28,TMAX,208
IRM00040831,2012-08-17,TMIN,266
IRM00040831,2015-09-11,TMAX,438
IRM00040800,2013-05-16,TMAX,304
IRM00040811,2015-12-09,TMAX,184
IRM00040798,2009-11-13,TMAX,174
IRM00040798,2011-01-19,TMIN,-122
IRM00040811,2009-05-08,TMAX,386
IRM00040798,2009-11-13,TMIN,-30
IRM00040831,2007-03-31,TMAX,276
IRM00040800,2011-09-27,TMAX,324
IRM00040811,2013-01-27,TMAX,240
IRM00040831,2011-01-21,TMAX,192
IRM00040811,2008-07-14,TMAX,500
IRM00040798,2012-04-19,TMAX,182
IRM00040811,2009-05-08,TMIN,264
IRM00040831,2012-03-09,TMIN,138
IRM00040831,2008-01-05,TMAX,204
IRM00040798,2006-06-22,TMAX,330
IRM00040831,2011-07-09,TMAX,516
IRM00040831,2014-12-20,TMAX,238
IRM00040811,2005-05-23,TMIN,236
IRM00040831,2014-08-08,TMAX,468
IRM00040831,2014-04-13,TMAX,328
IRM00040831,2013-06-02,TMAX,430
IRM00040811,2005-05-23,TMAX,424
IRM00040798,2012-06-12,TMIN,106
IRM00040800,2007-05-11,TMAX,332
IRM00040798,2013-05-18,TMAX,222
IRM00040800,2014-11-15,TMAX,184
IRM00040798,2012-06-12,TMAX,294
IRM00040800,2005-01-30,TMAX,146
IRM00040800,2011-08-04,TMAX,376
IRM00040811,2011-10-22,TMIN,130
IRM00040800,2009-12-19,TMIN,-24
IRM00040798,2006-06-22,TMIN,116
IRM00040831,2012-03-09,TMAX,280
IRM00040831,2015-12-20,TMAX,174
IRM00040811,2011-10-22,TMAX,312
IRM00040800,2014-05-26,TMAX,326
IRM00040798,2007-08-13,TMIN,98
IRM00040831,2012-07-20,TMAX,516
IRM00040798,2014-11-26,TMAX,74
IRM00040798,2009-11-22,TMAX,88
IRM00040811,2011-06-13,TMIN,286
IRM00040831,2015-04-27,TMAX,348
IRM00040811,2008-01-20,TMAX,176
IRM00040798,2011-03-26,TMAX,118
IRM00040811,2010-09-10,TMIN,280
IRM00040798,2007-03-31,TMAX,122
IRM00040798,2007-03-31,TMIN,-50
IRM00040811,2010-07-29,TMAX,466
IRM00040798,2011-01-19,TMAX,74
IRM00040811,2010-01-29,TMIN,50
IRM00040831,2008-11-27,TMAX,258
IRM00040811,2009-12-14,TMAX,198
IRM00040798,2013-07-15,TMIN,154
IRM00040831,2012-12-23,TMAX,210
IRM00040831,2011-06-26,TMAX,468
IRM00040798,2011-06-06,TMAX,304
IRM00040798,2011-11-23,TMAX,94
IRM00040811,2010-02-04,TMAX,222
IRM00040831,2005-11-25,TMIN,112
IRM00040831,2011-06-26,TMIN,254
IRM00040831,2005-11-25,TMAX,254
IRM00040800,2007-01-07,TMAX,106
IRM00040831,2009-04-02,TMAX,256
IRM00040831,2006-09-26,TMAX,440
IRM00040811,2007-12-25,TMAX,170
IRM00040800,2007-03-24,TMAX,204
IRM00040831,2010-02-26,TMAX,258
IRM00040811,2007-12-25,TMIN,-18
IRM00040831,2013-02-06,TMIN,90
IRM00040811,2006-01-18,TMIN,30
IRM00040798,2014-06-16,TMAX,314
IRM00040811,2012-11-18,TMAX,268
IRM00040811,2006-12-30,TMAX,114
IRM00040811,2012-02-13,TMAX,220
IRM00040811,2012-02-13,TMIN,68
IRM00040811,2006-12-30,TMIN,18
IRM00040831,2010-02-26,TMIN,164
IRM00040831,2006-05-12,TMIN,250
IRM00040800,2009-02-10,TMAX,168
IRM00040798,2006-12-19,TMAX,-22
IRM00040811,2006-05-29,TMAX,440
IRM00040811,2013-11-29,TMIN,128
IRM00040811,2013-11-29,TMAX,274
IRM00040811,2010-12-15,TMAX,196
IRM00040831,2009-04-02,TMIN,130
IRM00040831,2010-04-07,TMAX,356
IRM00040811,2012-11-18,TMIN,136
IRM00040831,2006-10-20,TMAX,394
IRM00040800,2008-04-11,TMAX,230
IRM00040800,2010-06-04,TMAX,342
IRM00040798,2015-09-22,TMIN,26
IRM00040798,2013-11-07,TMAX,194
IRM00040811,2015-06-13,TMAX,470
IRM00040800,2010-10-01,TMAX,310
IRM00040811,2014-08-18,TMIN,300
IRM00040831,2009-04-20,TMIN,150
IRM00040798,2013-11-07,TMIN,-40
IRM00040831,2006-09-05,TMIN,250
IRM00040831,2015-10-25,TMIN,190
IRM00040831,2008-05-05,TMIN,246
IRM00040811,2015-10-23,TMAX,322
IRM00040811,2015-10-23,TMIN,188
IRM00040798,2008-01-27,TMAX,22
IRM00040831,2006-06-18,TMIN,270
IRM00040831,2006-07-27,TMIN,318
IRM00040811,2014-08-18,TMAX,446
IRM00040831,2006-06-18,TMAX,488
IRM00040798,2006-11-02,TMIN,16
IRM00040831,2006-09-05,TMAX,418
IRM00040811,2010-09-10,TMAX,438
IRM00040831,2015-10-25,TMAX,364
IRM00040798,2012-08-06,TMIN,104
IRM00040798,2015-09-22,TMAX,287
IRM00040811,2010-07-29,TMIN,318
IRM00040798,2011-02-08,TMAX,40
IRM00040831,2006-09-26,TMIN,236
IRM00040811,2009-02-20,TMAX,230
IRM00040798,2012-01-20,TMAX,50
IRM00040831,2007-11-07,TMIN,79
IRM00040831,2012-03-27,TMAX,254
IRM00040798,2011-06-06,TMIN,52
IRM00040831,2014-03-29,TMIN,164
IRM00040800,2008-10-21,TMAX,242
IRM00040798,2012-08-06,TMAX,322
IRM00040798,2013-09-03,TMAX,308
IRM00040798,2010-06-17,TMAX,312
IRM00040811,2009-05-30,TMIN,290
IRM00040831,2013-06-02,TMIN,278
IRM00040798,2008-06-03,TMAX,310
IRM00040798,2008-04-28,TMAX,270
IRM00040798,2013-09-03,TMIN,116
IRM00040831,2006-11-14,TMAX,254
IRM00040798,2008-06-03,TMIN,90
IRM00040798,2008-04-28,TMIN,40
IRM00040798,2010-01-20,TMAX,140
IRM00040798,2006-05-27,TMIN,60
IRM00040798,2010-12-12,TMIN,-70
IRM00040800,2014-08-04,TMAX,402
IRM00040798,2008-12-10,TMIN,-86
IRM00040798,2011-09-12,TMAX,302
IRM00040798,2012-09-22,TMAX,292
IRM00040798,2014-08-19,TMAX,320
IRM00040811,2015-07-31,TMAX,482
IRM00040798,2014-12-04,TMIN,-52
IRM00040798,2012-01-29,TMAX,60
IRM00040831,2013-04-11,TMAX,330
IRM00040800,2006-02-15,TMAX,170
IRM00040831,2010-11-10,TMAX,324
IRM00040811,2006-11-30,TMAX,230
IRM00040831,2013-04-11,TMIN,188
IRM00040811,2009-05-14,TMAX,396
IRM00040800,2006-06-04,TMAX,302
IRM00040798,2013-07-08,TMIN,98
IRM00040811,2005-12-21,TMAX,246
IRM00040811,2013-02-17,TMIN,108
IRM00040811,2013-02-17,TMAX,230
IRM00040831,2009-03-31,TMAX,186
IRM00040798,2010-01-06,TMAX,128
IRM00040811,2006-12-22,TMAX,104
IRM00040800,2009-06-12,TMAX,338
IRM00040811,2005-12-21,TMIN,130
IRM00040798,2011-09-12,TMIN,70
IRM00040831,2015-12-16,TMAX,178
IRM00040831,2008-08-04,TMAX,468
IRM00040811,2014-04-24,TMIN,194
IRM00040811,2012-03-25,TMIN,104
IRM00040811,2006-01-01,TMIN,58
IRM00040811,2012-03-25,TMAX,288
IRM00040831,2008-08-04,TMIN,288
IRM00040798,2007-10-15,TMAX,244
IRM00040831,2007-01-18,TMAX,126
IRM00040798,2007-10-15,TMIN,20
IRM00040811,2009-05-14,TMIN,278
IRM00040798,2014-03-28,TMAX,163
IRM00040831,2013-02-09,TMIN,140
IRM00040798,2012-09-22,TMIN,60
IRM00040811,2015-08-06,TMAX,484
IRM00040831,2009-12-02,TMAX,190
IRM00040831,2013-07-21,TMAX,456
IRM00040798,2015-07-02,TMIN,136
IRM00040800,2015-10-11,TMAX,278
IRM00040811,2015-08-06,TMIN,326
IRM00040831,2013-07-21,TMIN,290
IRM00040831,2009-07-28,TMIN,270
IRM00040831,2010-04-18,TMIN,216
IRM00040831,2015-06-03,TMIN,300
IRM00040811,2013-04-10,TMAX,320
IRM00040831,2007-04-28,TMIN,230
IRM00040798,2011-06-17,TMAX,348
IRM00040798,2014-09-26,TMIN,39
IRM00040811,2010-01-15,TMAX,226
IRM00040831,2009-01-18,TMAX,188
IRM00040798,2014-01-11,TMIN,-132
IRM00040831,2015-08-22,TMAX,484
IRM00040798,2008-12-10,TMAX,140
IRM00040798,2009-09-29,TMAX,236
IRM00040811,2006-11-30,TMIN,58
IRM00040811,2006-01-06,TMAX,224
IRM00040798,2013-10-05,TMAX,266
IRM00040798,2013-10-05,TMIN,30
IRM00040811,2014-07-10,TMAX,460
IRM00040831,2015-08-22,TMIN,280
IRM00040811,2010-10-24,TMAX,406
IRM00040831,2013-08-26,TMIN,290
IRM00040811,2008-11-13,TMAX,280
IRM00040811,2015-06-13,TMIN,286
IRM00040798,2014-09-26,TMAX,268
IRM00040811,2014-07-10,TMIN,270
IRM00040798,2014-01-11,TMAX,-6
IRM00040831,2010-06-02,TMAX,468
IRM00040811,2015-06-18,TMIN,294
IRM00040831,2011-10-15,TMAX,400
IRM00040831,2009-07-28,TMAX,454
IRM00040831,2008-03-27,TMIN,216
IRM00040811,2009-01-26,TMIN,62
IRM00040831,2009-12-30,TMAX,220
IRM00040831,2015-06-03,TMAX,486
IRM00040811,2013-04-10,TMIN,208
IRM00040800,2008-11-15,TMIN,-108
IRM00040831,2011-10-15,TMIN,202
IRM00040831,2014-06-04,TMIN,230
IRM00040831,2014-06-04,TMAX,362
IRM00040831,2006-04-17,TMAX,344
IRM00040831,2015-07-11,TMAX,484
IRM00040831,2008-03-27,TMAX,328
IRM00040798,2006-05-27,TMAX,266
IRM00040831,2015-07-11,TMIN,310
IRM00040798,2009-06-10,TMAX,282
IRM00040798,2009-06-10,TMIN,68
IRM00040800,2007-01-24,TMAX,104
IRM00040831,2007-04-28,TMAX,360
IRM00040811,2015-06-18,TMAX,454
IRM00040800,2012-07-23,TMAX,356
IRM00040798,2009-10-13,TMAX,238
IRM00040811,2013-01-19,TMAX,210
IRM00040798,2014-02-04,TMAX,11
IRM00040811,2008-12-22,TMAX,216
IRM00040798,2012-01-08,TMIN,-92
IRM00040798,2008-02-22,TMAX,88
IRM00040800,2009-01-03,TMAX,104
IRM00040811,2012-02-14,TMAX,228
IRM00040811,2012-04-17,TMAX,330
IRM00040811,2009-02-20,TMIN,120
IRM00040831,2014-06-07,TMAX,470
IRM00040800,2014-12-22,TMAX,122
IRM00040798,2014-02-15,TMIN,-90
IRM00040811,2013-07-11,TMIN,288
IRM00040798,2007-05-26,TMIN,76
IRM00040798,2007-05-26,TMAX,276
IRM00040831,2013-03-15,TMAX,356
IRM00040811,2013-01-27,TMIN,106
IRM00040811,2009-12-11,TMAX,176
IRM00040831,2010-01-14,TMAX,234
IRM00040798,2012-10-29,TMAX,160
IRM00040798,2011-01-28,TMAX,90
IRM00040800,2008-01-07,TMAX,2
IRM00040798,2011-01-08,TMIN,-84
IRM00040811,2013-12-28,TMIN,38
IRM00040798,2008-09-20,TMAX,290
IRM00040798,2008-09-20,TMIN,62
IRM00040798,2012-04-28,TMIN,34
IRM00040798,2009-10-13,TMIN,0
IRM00040831,2011-08-22,TMIN,268
IRM00040798,2012-08-17,TMAX,324
IRM00040798,2012-04-19,TMIN,26
IRM00040811,2010-05-29,TMAX,434
IRM00040831,2011-08-22,TMAX,478
IRM00040811,2015-12-22,TMAX,182
IRM00040811,2005-09-05,TMAX,426
IRM00040798,2010-05-30,TMAX,292
IRM00040800,2009-03-19,TMAX,218
IRM00040798,2009-08-15,TMAX,356
IRM00040811,2008-07-14,TMIN,328
IRM00040800,2014-05-13,TMAX,300
IRM00040800,2015-05-14,TMAX,314
IRM00040800,2008-06-21,TMAX,378
IRM00040800,2010-01-20,TMIN,40
IRM00040800,2010-01-20,TMAX,186
IRM00040800,2008-10-27,TMAX,234
IRM00040798,2010-06-06,TMAX,302
IRM00040811,2012-04-17,TMIN,178
IRM00040798,2009-09-13,TMIN,12
IRM00040811,2015-08-11,TMIN,320
IRM00040798,2009-09-13,TMAX,298
IRM00040831,2007-01-18,TMIN,36
IRM00040798,2014-08-19,TMIN,100
IRM00040800,2009-05-16,TMAX,312
IRM00040811,2008-04-15,TMAX,382
IRM00040831,2014-04-03,TMAX,240
IRM00040798,2011-05-27,TMIN,36
IRM00040798,2013-11-08,TMAX,214
IRM00040831,2010-06-04,TMAX,460
IRM00040831,2013-02-09,TMAX,264
IRM00040831,2015-01-31,TMAX,246
IRM00040798,2011-01-13,TMAX,6
IRM00040831,2013-09-04,TMAX,450
IRM00040798,2012-10-11,TMIN,40
IRM00040798,2011-02-03,TMAX,6
IRM00040798,2010-01-23,TMAX,124
IRM00040798,2014-02-04,TMIN,-135
IRM00040800,2012-12-31,TMAX,118
IRM00040811,2014-04-24,TMAX,354
IRM00040811,2005-05-22,TMAX,412
IRM00040811,2005-05-22,TMIN,226
IRM00040831,2010-08-28,TMAX,458
IRM00040831,2009-01-26,TMAX,200
IRM00040831,2014-09-11,TMAX,446
IRM00040798,2012-10-11,TMAX,254
IRM00040798,2010-01-16,TMAX,140
IRM00040798,2012-10-29,TMIN,6
IRM00040831,2009-11-27,TMAX,208
IRM00040800,2012-07-05,TMAX,386
IRM00040800,2011-12-24,TMAX,132
IRM00040800,2008-10-18,TMAX,280
IRM00040800,2008-07-10,TMAX,394
IRM00040798,2014-03-29,TMAX,173
IRM00040831,2013-03-15,TMIN,168
IRM00040798,2007-07-02,TMAX,352
IRM00040800,2013-04-14,TMAX,162
IRM00040798,2007-07-02,TMIN,166
IRM00040811,2006-03-21,TMIN,126
IRM00040811,2006-03-21,TMAX,256
IRM00040800,2013-01-11,TMAX,46
IRM00040800,2011-07-06,TMAX,402
IRM00040831,2006-02-13,TMAX,198
IRM00040800,2012-05-03,TMAX,238
IRM00040831,2013-07-19,TMAX,518
IRM00040811,2013-12-28,TMAX,190
IRM00040800,2009-08-09,TMAX,384
IRM00040798,2015-07-02,TMAX,331
IRM00040798,2007-09-05,TMIN,74
IRM00040798,2015-01-30,TMAX,114
IRM00040811,2008-04-21,TMAX,346
IRM00040811,2009-04-13,TMAX,312
IRM00040811,2012-05-02,TMAX,418
IRM00040831,2008-04-24,TMAX,408
IRM00040798,2012-05-28,TMIN,102
IRM00040831,2009-08-18,TMAX,458
IRM00040800,2011-04-10,TMAX,230
IRM00040831,2012-05-25,TMIN,250
IRM00040798,2013-04-11,TMIN,38
IRM00040798,2007-01-09,TMAX,24
IRM00040831,2009-05-24,TMAX,478
IRM00040831,2012-08-26,TMAX,466
IRM00040811,2006-07-20,TMAX,484
IRM00040800,2014-08-13,TMAX,390
IRM00040798,2007-12-26,TMIN,-166
IRM00040831,2009-05-24,TMIN,284
IRM00040831,2011-06-27,TMIN,280
IRM00040831,2013-07-09,TMAX,492
IRM00040831,2009-05-02,TMIN,218
IRM00040811,2006-12-20,TMAX,110
IRM00040811,2013-12-19,TMAX,126
IRM00040831,2005-09-05,TMIN,270
IRM00040831,2011-06-27,TMAX,470
IRM00040798,2005-05-23,TMAX,238
IRM00040798,2005-05-23,TMIN,72
IRM00040798,2007-12-16,TMAX,136
IRM00040798,2014-04-11,TMAX,205
IRM00040811,2011-12-10,TMAX,242
IRM00040811,2008-02-22,TMAX,202
IRM00040811,2011-12-10,TMIN,66
IRM00040831,2011-12-30,TMAX,198
IRM00040798,2010-08-01,TMAX,278
IRM00040831,2013-09-20,TMAX,432
IRM00040831,2013-09-20,TMIN,280
IRM00040811,2012-05-02,TMIN,246
IRM00040831,2008-04-24,TMIN,204
IRM00040800,2008-04-12,TMAX,240
IRM00040798,2009-02-27,TMIN,-89
IRM00040831,2011-05-25,TMAX,422
IRM00040798,2009-02-27,TMAX,126
IRM00040811,2015-06-25,TMAX,424
IRM00040811,2015-06-25,TMIN,306
IRM00040831,2012-05-25,TMAX,406
IRM00040811,2009-02-10,TMAX,246
IRM00040831,2011-12-16,TMIN,70
IRM00040831,2012-08-26,TMIN,278
IRM00040800,2008-04-19,TMAX,266
IRM00040798,2010-11-24,TMIN,-104
IRM00040811,2010-12-06,TMAX,266
IRM00040831,2005-09-05,TMAX,416
IRM00040798,2011-09-19,TMIN,58
IRM00040798,2005-11-16,TMIN,7
IRM00040811,2013-06-12,TMAX,418
IRM00040800,2012-04-30,TMAX,240
IRM00040811,2015-05-15,TMAX,370
IRM00040798,2007-12-06,TMIN,-8
IRM00040831,2007-03-23,TMIN,140
IRM00040831,2007-01-07,TMAX,166
IRM00040811,2007-11-18,TMIN,156
IRM00040831,2014-01-23,TMIN,110
IRM00040831,2013-07-09,TMIN,328
IRM00040831,2007-02-08,TMIN,90
IRM00040798,2011-04-16,TMIN,-58
IRM00040798,2007-12-06,TMAX,124
IRM00040798,2014-04-25,TMAX,233
IRM00040831,2006-04-03,TMAX,296
IRM00040798,2008-08-17,TMIN,86
IRM00040811,2007-11-18,TMAX,320
IRM00040831,2014-03-16,TMIN,104
IRM00040831,2007-02-08,TMAX,168
IRM00040800,2013-09-11,TMAX,342
IRM00040831,2006-04-03,TMIN,192
IRM00040798,2015-07-26,TMAX,320
IRM00040798,2005-11-16,TMAX,102
IRM00040798,2015-07-26,TMIN,105
IRM00040800,2007-08-28,TMAX,360
IRM00040798,2009-02-22,TMAX,68
IRM00040798,2009-02-22,TMIN,4
IRM00040831,2014-01-23,TMAX,200
IRM00040831,2006-03-11,TMAX,222
IRM00040798,2007-01-09,TMIN,-164
IRM00040831,2010-03-02,TMIN,130
IRM00040831,2006-03-11,TMIN,110
IRM00040831,2009-06-12,TMIN,300
IRM00040800,2011-07-01,TMAX,404
IRM00040811,2015-04-15,TMAX,298
IRM00040831,2014-03-16,TMAX,216
IRM00040811,2012-07-17,TMAX,464
IRM00040798,2011-09-19,TMAX,290
IRM00040811,2012-07-17,TMIN,298
IRM00040800,2015-02-25,TMAX,108
IRM00040811,2007-08-25,TMIN,290
IRM00040811,2007-08-25,TMAX,474
IRM00040800,2005-05-02,TMAX,264
IRM00040811,2011-03-03,TMIN,120
IRM00040811,2008-06-08,TMIN,280
IRM00040831,2011-04-30,TMAX,360
IRM00040831,2014-04-08,TMIN,198
IRM00040831,2011-12-16,TMAX,226
IRM00040800,2010-12-03,TMAX,206
IRM00040811,2012-03-29,TMIN,166
IRM00040811,2012-03-29,TMAX,324
IRM00040800,2006-04-29,TMAX,236
IRM00040798,2012-10-13,TMAX,242
IRM00040831,2012-04-25,TMIN,196
IRM00040811,2008-06-08,TMAX,410
IRM00040798,2012-10-13,TMIN,34
IRM00040798,2010-11-17,TMAX,158
IRM00040811,2015-03-20,TMIN,200
IRM00040831,2007-05-17,TMIN,260
IRM00040831,2012-04-25,TMAX,382
IRM00040811,2011-03-30,TMIN,146
IRM00040798,2009-09-08,TMAX,286
IRM00040798,2009-09-08,TMIN,60
IRM00040831,2015-08-31,TMAX,480
IRM00040811,2010-05-28,TMIN,250
IRM00040811,2013-08-28,TMIN,268
IRM00040800,2012-02-29,TMAX,170
IRM00040831,2015-08-31,TMIN,318
IRM00040831,2010-04-28,TMAX,354
IRM00040811,2014-09-11,TMAX,420
IRM00040811,2012-07-23,TMIN,306
IRM00040811,2012-07-23,TMAX,496
IRM00040811,2008-03-25,TMIN,190
IRM00040831,2006-03-13,TMIN,106
IRM00040798,2007-04-13,TMAX,156
IRM00040811,2012-03-01,TMAX,236
IRM00040798,2007-09-25,TMIN,32
IRM00040798,2007-09-25,TMAX,274
IRM00040800,2007-11-27,TMAX,146
IRM00040800,2012-12-09,TMAX,136
IRM00040811,2013-08-28,TMAX,438
IRM00040831,2009-11-14,TMAX,310
IRM00040831,2012-08-19,TMIN,288
IRM00040831,2009-11-14,TMIN,144
IRM00040811,2014-12-04,TMAX,244
IRM00040798,2015-07-19,TMIN,140
IRM00040811,2014-12-04,TMIN,116
IRM00040798,2014-07-10,TMAX,342
IRM00040811,2009-05-26,TMAX,430
IRM00040798,2014-07-10,TMIN,90
IRM00040798,2006-09-05,TMAX,304
IRM00040811,2013-01-21,TMIN,78
IRM00040831,2010-11-09,TMAX,340
IRM00040831,2007-07-02,TMAX,450
IRM00040831,2011-06-30,TMAX,426
IRM00040798,2005-01-09,TMAX,-30
IRM00040798,2010-09-27,TMAX,286
IRM00040811,2011-04-22,TMAX,332
IRM00040831,2013-10-13,TMAX,352
IRM00040831,2008-05-02,TMAX,356
IRM00040831,2015-01-04,TMAX,226
IRM00040831,2013-10-13,TMIN,150
IRM00040798,2009-10-10,TMAX,240
IRM00040831,2009-08-18,TMIN,264
IRM00040811,2007-10-15,TMAX,396
IRM00040831,2005-12-28,TMAX,144
IRM00040831,2009-11-13,TMAX,314
IRM00040831,2014-04-29,TMAX,384
IRM00040831,2013-09-01,TMAX,478
IRM00040800,2009-10-13,TMAX,264
IRM00040798,2010-08-01,TMIN,108
IRM00040800,2009-08-28,TMAX,370
IRM00040831,2010-09-03,TMIN,278
IRM00040831,2011-06-30,TMIN,300
IRM00040800,2012-05-26,TMAX,328
IRM00040798,2013-04-11,TMAX,188
IRM00040831,2010-09-03,TMAX,494
IRM00040800,2009-01-07,TMAX,126
IRM00040811,2015-12-01,TMAX,266
IRM00040798,2010-03-10,TMAX,214
IRM00040798,2010-03-10,TMIN,-34
IRM00040831,2009-01-24,TMAX,192
IRM00040831,2015-08-04,TMAX,472
IRM00040798,2014-12-03,TMIN,-84
IRM00040811,2014-03-29,TMAX,312
IRM00040811,2012-04-07,TMIN,186
IRM00040811,2005-11-29,TMIN,118
IRM00040811,2012-03-01,TMIN,132
IRM00040800,2011-02-18,TMAX,140
IRM00040811,2012-04-07,TMAX,324
IRM00040800,2005-03-27,TMAX,176
IRM00040798,2014-12-03,TMAX,104
IRM00040811,2013-01-24,TMAX,246
IRM00040811,2011-03-30,TMAX,300
IRM00040800,2008-11-04,TMAX,202
IRM00040800,2006-06-21,TMAX,362
IRM00040811,2008-03-25,TMAX,374
IRM00040800,2011-10-15,TMAX,280
IRM00040831,2010-02-20,TMAX,258
IRM00040798,2012-06-27,TMAX,306
IRM00040798,2012-06-27,TMIN,100
IRM00040800,2013-12-11,TMAX,118
IRM00040811,2013-01-21,TMAX,224
IRM00040800,2012-02-28,TMAX,172
IRM00040811,2007-11-08,TMIN,138
IRM00040811,2013-09-05,TMIN,308
IRM00040831,2011-10-28,TMIN,240
IRM00040798,2008-06-22,TMIN,84
IRM00040831,2010-08-06,TMAX,486
IRM00040831,2013-10-05,TMIN,208
IRM00040811,2012-12-02,TMIN,94
IRM00040798,2014-04-07,TMAX,202
IRM00040800,2006-03-21,TMAX,206
IRM00040831,2014-04-08,TMAX,340
IRM00040798,2008-06-22,TMAX,320
IRM00040800,2011-09-28,TMAX,314
IRM00040800,2010-04-07,TMAX,232
IRM00040831,2014-01-17,TMIN,68
IRM00040831,2014-09-02,TMIN,290
IRM00040798,2013-10-28,TMAX,168
IRM00040798,2013-10-28,TMIN,-16
IRM00040798,2014-09-22,TMIN,46
IRM00040811,2009-12-21,TMAX,222
IRM00040831,2014-01-17,TMAX,204
IRM00040831,2013-05-19,TMAX,388
IRM00040798,2005-12-12,TMIN,-64
IRM00040811,2015-11-29,TMAX,260
IRM00040811,2010-04-25,TMAX,326
IRM00040831,2009-10-10,TMAX,394
IRM00040798,2005-09-05,TMAX,320
IRM00040798,2005-09-05,TMIN,68
IRM00040811,2009-03-23,TMAX,274
IRM00040831,2012-11-17,TMAX,256
IRM00040800,2008-10-19,TMAX,250
IRM00040811,2006-04-15,TMAX,376
IRM00040811,2015-09-30,TMAX,400
IRM00040800,2011-04-18,TMAX,252
IRM00040798,2013-05-07,TMIN,18
IRM00040800,2007-01-11,TMAX,64
IRM00040811,2009-03-23,TMIN,130
IRM00040811,2012-07-05,TMIN,296
IRM00040811,2008-03-06,TMIN,80
IRM00040798,2014-06-21,TMAX,330
IRM00040811,2007-06-23,TMIN,296
IRM00040831,2006-08-01,TMIN,280
IRM00040811,2012-12-02,TMAX,204
IRM00040800,2006-01-17,TMAX,42
IRM00040811,2007-06-23,TMAX,446
IRM00040811,2008-07-19,TMAX,472
IRM00040831,2013-10-05,TMAX,404
IRM00040798,2006-04-03,TMAX,130
IRM00040811,2008-07-19,TMIN,286
IRM00040798,2009-01-21,TMAX,50
IRM00040831,2010-08-06,TMIN,294
IRM00040811,2009-12-21,TMIN,130
IRM00040831,2015-10-11,TMAX,374
IRM00040800,2008-02-14,TMAX,148
IRM00040831,2010-01-12,TMAX,236
IRM00040798,2006-01-06,TMAX,72
IRM00040798,2014-09-29,TMAX,287
IRM00040798,2014-08-02,TMAX,358
IRM00040798,2006-01-06,TMIN,-102
IRM00040811,2013-12-01,TMIN,140
IRM00040831,2012-03-06,TMIN,80
IRM00040798,2013-06-25,TMIN,72
IRM00040831,2013-04-26,TMIN,142
IRM00040798,2008-11-10,TMIN,-4
IRM00040800,2015-01-02,TMAX,162
IRM00040798,2006-01-29,TMAX,24
IRM00040831,2011-12-13,TMAX,184
IRM00040811,2015-01-02,TMAX,246
IRM00040831,2015-04-16,TMIN,210
IRM00040811,2011-01-13,TMAX,172
IRM00040831,2015-04-16,TMAX,312
IRM00040798,2010-12-03,TMAX,186
IRM00040798,2014-08-29,TMAX,302
IRM00040831,2012-03-06,TMAX,194
IRM00040800,2011-04-16,TMAX,234
IRM00040831,2014-03-14,TMAX,244
IRM00040800,2014-03-04,TMAX,196
IRM00040798,2014-08-29,TMIN,78
IRM00040831,2012-12-18,TMAX,202
IRM00040798,2014-08-17,TMAX,318
IRM00040798,2013-06-01,TMAX,274
IRM00040831,2012-12-18,TMIN,80
IRM00040798,2008-06-27,TMIN,148
IRM00040811,2010-04-25,TMIN,188
IRM00040800,2014-08-20,TMAX,358
IRM00040798,2014-09-29,TMIN,16
IRM00040798,2010-06-01,TMIN,18
IRM00040798,2015-03-06,TMAX,132
IRM00040831,2010-01-12,TMIN,90
IRM00040800,2010-10-19,TMAX,298
IRM00040831,2013-01-04,TMIN,6
IRM00040798,2005-12-12,TMAX,138
IRM00040831,2013-01-04,TMAX,180
IRM00040798,2009-12-06,TMAX,104
IRM00040798,2015-03-06,TMIN,-86
IRM00040831,2013-12-10,TMAX,118
IRM00040800,2008-03-26,TMAX,266
IRM00040831,2010-10-12,TMAX,368
IRM00040798,2014-04-07,TMIN,-36
IRM00040811,2015-05-15,TMIN,280
IRM00040798,2013-02-12,TMIN,-30
IRM00040811,2007-07-30,TMAX,478
IRM00040798,2013-07-29,TMIN,118
IRM00040831,2010-02-17,TMIN,170
IRM00040811,2007-11-07,TMIN,146
IRM00040831,2010-02-17,TMAX,284
IRM00040800,2008-03-24,TMAX,262
IRM00040800,2011-03-21,TMAX,246
IRM00040831,2007-08-09,TMAX,434
IRM00040831,2007-08-09,TMIN,286
IRM00040811,2008-09-01,TMAX,476
IRM00040798,2009-02-04,TMIN,-76
IRM00040831,2011-02-14,TMAX,188
IRM00040831,2011-04-28,TMAX,360
IRM00040831,2012-01-17,TMAX,202
IRM00040831,2010-12-02,TMIN,70
IRM00040831,2007-06-12,TMAX,474
IRM00040811,2005-11-29,TMAX,274
IRM00040811,2009-10-30,TMIN,240
IRM00040811,2009-04-26,TMIN,264
IRM00040811,2013-06-12,TMIN,260
IRM00040798,2012-11-02,TMAX,190
IRM00040800,2007-04-07,TMAX,240
IRM00040831,2014-06-11,TMIN,296
IRM00040831,2011-06-01,TMIN,284
IRM00040831,2007-02-09,TMAX,192
IRM00040798,2014-09-09,TMIN,54
IRM00040831,2011-10-28,TMAX,340
IRM00040831,2010-03-02,TMAX,228
IRM00040831,2007-03-19,TMIN,78
IRM00040798,2009-02-04,TMAX,68
IRM00040831,2011-06-18,TMAX,470
IRM00040811,2015-04-06,TMAX,346
IRM00040800,2010-11-13,TMAX,202
IRM00040798,2010-11-24,TMAX,160
IRM00040831,2007-03-13,TMAX,286
IRM00040831,2014-10-17,TMAX,312
IRM00040831,2007-03-19,TMAX,224
IRM00040831,2014-06-11,TMAX,490
IRM00040831,2011-08-03,TMAX,498
IRM00040798,2012-05-28,TMAX,272
IRM00040831,2011-08-03,TMIN,304
IRM00040811,2010-12-14,TMIN,96
IRM00040811,2010-12-14,TMAX,178
IRM00040811,2007-10-16,TMAX,392
IRM00040798,2010-06-03,TMAX,306
IRM00040831,2011-06-01,TMAX,500
IRM00040811,2015-08-03,TMAX,480
IRM00040798,2011-07-07,TMIN,128
IRM00040798,2009-01-13,TMAX,24
IRM00040800,2012-10-23,TMAX,226
IRM00040831,2014-04-25,TMIN,210
IRM00040798,2014-08-02,TMIN,136
IRM00040811,2006-04-09,TMAX,322
IRM00040831,2014-04-25,TMAX,378
IRM00040831,2013-04-26,TMAX,320
IRM00040798,2012-11-02,TMIN,-6
IRM00040798,2006-09-17,TMAX,264
IRM00040811,2014-02-22,TMAX,262
IRM00040800,2013-02-24,TMAX,166
IRM00040798,2008-11-10,TMAX,114
IRM00040831,2009-06-01,TMAX,426
IRM00040800,2007-03-27,TMIN,-33
IRM00040798,2011-07-12,TMAX,326
IRM00040831,2013-08-28,TMAX,446
IRM00040798,2009-01-13,TMIN,-68
IRM00040831,2012-06-27,TMAX,446
IRM00040831,2012-06-27,TMIN,278
IRM00040800,2010-02-10,TMAX,100
IRM00040798,2014-05-20,TMAX,234
IRM00040811,2012-07-05,TMAX,436
IRM00040800,2007-03-27,TMAX,190
IRM00040800,2008-01-03,TMAX,120
IRM00040798,2007-04-27,TMIN,40
IRM00040831,2007-04-29,TMAX,364
IRM00040831,2005-06-28,TMAX,428
IRM00040811,2010-08-19,TMIN,308
IRM00040811,2012-04-12,TMIN,208
IRM00040798,2014-05-20,TMIN,83
IRM00040811,2009-10-30,TMAX,324
IRM00040811,2010-08-19,TMAX,486
IRM00040811,2015-10-09,TMAX,382
IRM00040831,2009-06-14,TMIN,316
IRM00040811,2009-04-26,TMAX,366
IRM00040831,2009-06-14,TMAX,456
IRM00040811,2014-07-24,TMAX,470
IRM00040800,2010-10-19,TMIN,60
IRM00040798,2007-04-27,TMAX,208
IRM00040831,2007-04-29,TMIN,226
IRM00040811,2011-03-03,TMAX,230
IRM00040811,2012-10-20,TMAX,330
IRM00040831,2012-06-01,TMAX,452
IRM00040800,2009-08-12,TMAX,400
IRM00040800,2011-12-22,TMAX,116
IRM00040798,2009-10-12,TMIN,-1
IRM00040800,2005-10-21,TMAX,264
IRM00040831,2005-06-28,TMIN,246
IRM00040800,2014-09-14,TMAX,340
IRM00040811,2010-05-28,TMAX,454
IRM00040811,2010-02-02,TMAX,260
IRM00040800,2011-08-26,TMAX,368
IRM00040798,2014-04-04,TMAX,131
IRM00040798,2006-10-23,TMIN,36
IRM00040811,2011-03-20,TMAX,296
IRM00040798,2006-10-23,TMAX,204
IRM00040798,2008-08-12,TMIN,106
IRM00040831,2015-09-04,TMAX,452
IRM00040811,2011-03-20,TMIN,136
IRM00040811,2012-07-10,TMIN,310
IRM00040831,2006-05-21,TMIN,242
IRM00040798,2015-01-31,TMAX,129
IRM00040798,2012-01-21,TMAX,-4
IRM00040831,2015-11-11,TMAX,258
IRM00040800,2015-07-11,TMAX,382
IRM00040798,2008-11-14,TMAX,114
IRM00040831,2010-04-22,TMAX,356
IRM00040831,2006-01-16,TMAX,164
IRM00040800,2015-04-03,TMIN,50
IRM00040800,2015-04-03,TMAX,242
IRM00040811,2015-05-27,TMAX,430
IRM00040811,2005-06-20,TMAX,456
IRM00040800,2010-10-22,TMAX,276
IRM00040811,2008-06-24,TMIN,290
IRM00040800,2014-06-09,TMAX,358
IRM00040800,2008-11-13,TMAX,124
IRM00040800,2015-12-31,TMAX,144
IRM00040811,2007-09-08,TMAX,446
IRM00040800,2010-08-18,TMAX,356
IRM00040831,2006-11-21,TMAX,202
IRM00040798,2005-04-17,TMAX,160
IRM00040800,2015-08-12,TMAX,362
IRM00040831,2010-04-15,TMAX,336
IRM00040811,2006-10-28,TMIN,220
IRM00040831,2007-09-25,TMIN,210
IRM00040811,2009-03-05,TMIN,108
IRM00040831,2013-03-01,TMIN,186
IRM00040831,2007-09-25,TMAX,436
IRM00040811,2012-03-08,TMIN,126
IRM00040800,2008-05-07,TMAX,270
IRM00040831,2007-11-03,TMAX,294
IRM00040798,2007-10-28,TMAX,202
IRM00040798,2008-08-12,TMAX,340
IRM00040798,2013-01-27,TMAX,104
IRM00040831,2015-02-22,TMAX,118
IRM00040831,2012-10-30,TMIN,158
IRM00040811,2015-05-27,TMIN,264
IRM00040798,2011-04-25,TMIN,46
IRM00040811,2012-07-10,TMAX,456
IRM00040831,2010-01-04,TMAX,230
IRM00040811,2008-02-01,TMIN,60
IRM00040798,2010-09-27,TMIN,62
IRM00040831,2013-04-03,TMAX,364
IRM00040811,2009-03-05,TMAX,250
IRM00040800,2014-02-11,TMAX,122
IRM00040800,2010-02-25,TMAX,152
IRM00040798,2006-07-18,TMAX,336
IRM00040798,2006-07-18,TMIN,170
IRM00040811,2010-04-22,TMIN,218
IRM00040811,2014-05-03,TMAX,392
IRM00040798,2008-04-22,TMIN,-10
IRM00040800,2009-10-31,TMIN,90
IRM00040800,2009-10-31,TMAX,190
IRM00040831,2011-06-13,TMAX,420
IRM00040800,2011-10-12,TMAX,264
IRM00040798,2013-10-18,TMIN,-34
IRM00040831,2013-09-29,TMAX,398
IRM00040831,2013-09-29,TMIN,188
IRM00040811,2007-12-02,TMIN,90
IRM00040798,2013-05-23,TMIN,70
IRM00040811,2006-10-28,TMAX,354
IRM00040800,2015-12-29,TMAX,122
IRM00040811,2011-10-16,TMIN,206
IRM00040798,2011-08-22,TMAX,342
IRM00040831,2013-09-01,TMIN,276
IRM00040831,2005-02-06,TMAX,200
IRM00040811,2005-07-10,TMAX,492
IRM00040798,2012-03-13,TMIN,60
IRM00040798,2012-03-13,TMAX,160
IRM00040798,2014-09-04,TMAX,316
IRM00040798,2013-05-24,TMAX,240
IRM00040798,2014-09-04,TMIN,60
IRM00040831,2006-05-21,TMAX,406
IRM00040798,2011-02-07,TMIN,-106
IRM00040798,2015-02-12,TMIN,60
IRM00040831,2013-04-03,TMIN,204
IRM00040798,2011-02-07,TMAX,84
IRM00040798,2011-08-22,TMIN,92
IRM00040811,2005-03-31,TMIN,190
IRM00040831,2010-04-15,TMIN,226
IRM00040798,2013-01-27,TMIN,-20
IRM00040811,2012-09-27,TMAX,411
IRM00040800,2005-09-05,TMAX,360
IRM00040798,2011-04-25,TMAX,190
IRM00040831,2015-09-04,TMIN,270
IRM00040811,2005-07-10,TMIN,328
IRM00040831,2015-12-27,TMAX,184
IRM00040811,2007-09-08,TMIN,260
IRM00040811,2013-02-15,TMAX,230
IRM00040798,2011-10-05,TMIN,-10
IRM00040811,2015-02-26,TMIN,106
IRM00040798,2011-10-05,TMAX,256
IRM00040811,2015-02-26,TMAX,226
IRM00040811,2014-04-09,TMIN,206
IRM00040811,2006-04-17,TMAX,374
IRM00040811,2009-12-13,TMAX,194
IRM00040800,2009-05-27,TMAX,352
IRM00040798,2007-03-23,TMAX,144
IRM00040800,2008-12-15,TMAX,116
IRM00040800,2015-08-29,TMAX,350
IRM00040811,2015-07-24,TMAX,472
IRM00040798,2008-12-13,TMAX,106
IRM00040831,2012-02-07,TMIN,68
IRM00040798,2008-12-13,TMIN,-90
IRM00040831,2012-02-07,TMAX,182
IRM00040811,2006-02-25,TMIN,116
IRM00040831,2015-12-24,TMAX,130
IRM00040811,2006-02-25,TMAX,258
IRM00040798,2007-03-23,TMIN,-74
IRM00040800,2013-03-14,TMAX,218
IRM00040800,2012-01-10,TMAX,162
IRM00040831,2007-09-21,TMAX,430
IRM00040811,2007-04-24,TMAX,320
IRM00040800,2013-10-30,TMAX,186
IRM00040831,2015-08-15,TMAX,496
IRM00040798,2007-06-21,TMAX,330
IRM00040811,2009-04-13,TMIN,168
IRM00040811,2008-04-21,TMIN,200
IRM00040798,2007-11-02,TMAX,204
IRM00040811,2013-11-12,TMAX,288
IRM00040798,2007-09-17,TMIN,50
IRM00040798,2011-04-12,TMIN,68
IRM00040811,2008-01-02,TMAX,196
IRM00040811,2014-07-30,TMAX,450
IRM00040831,2006-08-23,TMAX,492
IRM00040831,2012-04-05,TMIN,206
IRM00040811,2009-09-10,TMAX,438
IRM00040831,2013-03-01,TMAX,236
IRM00040811,2010-07-04,TMAX,478
IRM00040811,2009-09-10,TMIN,266
IRM00040798,2007-09-17,TMAX,290
IRM00040811,2015-10-29,TMAX,290
IRM00040831,2013-01-26,TMAX,216
IRM00040831,2012-04-05,TMAX,340
IRM00040811,2005-09-23,TMIN,236
IRM00040831,2007-05-21,TMAX,410
IRM00040811,2008-06-24,TMAX,456
IRM00040811,2011-08-14,TMAX,464
IRM00040798,2010-03-01,TMIN,-46
IRM00040798,2010-03-01,TMAX,134
IRM00040798,2011-04-12,TMAX,192
IRM00040811,2005-08-31,TMIN,286
IRM00040811,2005-08-31,TMAX,430
IRM00040798,2013-06-20,TMIN,66
IRM00040798,2013-04-05,TMIN,10
IRM00040798,2010-03-13,TMIN,-28
IRM00040811,2007-10-05,TMAX,406
IRM00040800,2005-05-23,TMAX,280
IRM00040811,2008-09-24,TMAX,424
IRM00040798,2010-09-21,TMAX,274
IRM00040811,2012-11-03,TMAX,342
IRM00040798,2005-02-13,TMIN,-158
IRM00040798,2005-02-13,TMAX,32
IRM00040811,2008-09-24,TMIN,240
IRM00040811,2007-12-31,TMAX,236
IRM00040798,2013-06-15,TMAX,342
IRM00040811,2009-04-01,TMAX,232
IRM00040811,2015-07-24,TMIN,284
IRM00040798,2013-06-15,TMIN,118
IRM00040798,2010-03-13,TMAX,210
IRM00040811,2005-09-23,TMAX,422
IRM00040798,2007-10-28,TMIN,8
IRM00040800,2014-06-13,TMAX,320
IRM00040831,2009-01-14,TMIN,36
IRM00040798,2005-02-20,TMAX,96
IRM00040798,2013-06-23,TMAX,330
IRM00040831,2010-10-11,TMAX,400
IRM00040798,2005-02-20,TMIN,-104
IRM00040800,2006-11-14,TMIN,10
IRM00040798,2011-02-25,TMIN,-62
IRM00040811,2007-10-05,TMIN,226
IRM00040811,2014-04-09,TMAX,342
IRM00040800,2012-06-25,TMAX,340
IRM00040798,2010-10-17,TMAX,268
IRM00040831,2009-02-19,TMAX,226
IRM00040811,2012-11-03,TMIN,156
IRM00040811,2009-07-08,TMAX,450
IRM00040811,2015-08-22,TMIN,302
IRM00040800,2007-03-20,TMAX,162
IRM00040811,2009-10-14,TMAX,384
IRM00040831,2011-11-14,TMAX,288
IRM00040811,2012-03-08,TMAX,256
IRM00040811,2015-08-22,TMAX,472
IRM00040831,2010-10-11,TMIN,260
IRM00040800,2011-11-27,TMAX,54
IRM00040831,2006-08-01,TMAX,458
IRM00040798,2013-05-23,TMAX,252
IRM00040831,2010-09-06,TMAX,458
IRM00040798,2013-04-13,TMIN,14
IRM00040831,2009-07-25,TMAX,466
IRM00040811,2013-03-27,TMIN,130
IRM00040800,2015-11-21,TMAX,144
IRM00040811,2013-12-09,TMAX,212
IRM00040831,2011-04-10,TMAX,328
IRM00040798,2010-08-16,TMAX,318
IRM00040831,2005-11-20,TMAX,230
IRM00040811,2014-05-03,TMIN,234
IRM00040831,2009-03-05,TMAX,250
IRM00040831,2009-03-05,TMIN,110
IRM00040831,2013-03-23,TMAX,282
IRM00040800,2010-11-08,TMAX,194
IRM00040831,2010-09-11,TMIN,250
IRM00040811,2007-07-08,TMAX,454
IRM00040800,2012-09-18,TMAX,314
IRM00040831,2015-09-22,TMAX,450
IRM00040811,2009-11-06,TMAX,316
IRM00040798,2010-06-09,TMIN,98
IRM00040798,2011-04-23,TMAX,232
IRM00040811,2006-10-07,TMIN,210
IRM00040811,2008-12-25,TMIN,118
IRM00040811,2008-12-25,TMAX,214
IRM00040800,2006-11-06,TMAX,258
IRM00040800,2006-10-05,TMAX,314
IRM00040800,2007-04-28,TMAX,268
IRM00040811,2014-02-10,TMAX,210
IRM00040831,2010-11-05,TMIN,138
IRM00040811,2006-02-01,TMAX,162
IRM00040798,2012-06-15,TMIN,72
IRM00040800,2012-02-06,TMAX,78
IRM00040811,2008-05-26,TMAX,438
IRM00040798,2012-06-15,TMAX,298
IRM00040800,2012-05-27,TMAX,320
IRM00040831,2012-05-14,TMAX,420
IRM00040831,2012-10-04,TMIN,214
IRM00040831,2014-01-05,TMIN,98
IRM00040811,2010-08-01,TMAX,444
IRM00040800,2006-06-24,TMAX,376
IRM00040811,2006-10-07,TMAX,366
IRM00040800,2013-01-09,TMAX,130
IRM00040798,2013-03-10,TMAX,110
IRM00040831,2009-07-25,TMIN,280
IRM00040798,2010-08-16,TMIN,120
IRM00040811,2012-02-03,TMAX,152
IRM00040831,2010-11-05,TMAX,306
IRM00040831,2009-03-13,TMAX,310
IRM00040811,2009-11-06,TMIN,200
IRM00040811,2014-06-14,TMAX,406
IRM00040811,2014-06-14,TMIN,268
IRM00040811,2006-03-18,TMIN,102
IRM00040798,2010-05-19,TMAX,286
IRM00040798,2008-03-13,TMIN,50
IRM00040811,2007-08-17,TMIN,280
IRM00040831,2006-02-23,TMAX,218
IRM00040811,2006-03-18,TMAX,276
IRM00040831,2015-12-06,TMAX,124
IRM00040811,2015-10-27,TMAX,348
IRM00040831,2011-08-01,TMAX,500
IRM00040831,2010-12-10,TMIN,58
IRM00040798,2008-03-13,TMAX,190
IRM00040811,2015-03-06,TMAX,262
IRM00040811,2009-07-23,TMIN,338
IRM00040811,2007-08-17,TMAX,482
IRM00040811,2009-07-23,TMAX,462
IRM00040831,2010-12-10,TMAX,258
IRM00040831,2006-03-13,TMAX,250
IRM00040831,2012-12-26,TMAX,166
IRM00040831,2011-03-14,TMAX,212
IRM00040831,2010-07-26,TMAX,466
IRM00040831,2005-05-23,TMAX,426
IRM00040811,2015-10-27,TMIN,206
IRM00040798,2010-06-09,TMAX,305
IRM00040798,2006-01-20,TMAX,-26
IRM00040800,2005-06-28,TMAX,352
IRM00040831,2014-07-01,TMAX,488
IRM00040798,2006-04-19,TMAX,214
IRM00040798,2006-02-13,TMIN,20
IRM00040831,2009-03-13,TMIN,140
IRM00040811,2005-05-01,TMAX,370
IRM00040811,2007-03-31,TMAX,258
IRM00040831,2015-05-25,TMAX,420
IRM00040798,2006-07-10,TMIN,124
IRM00040831,2011-01-10,TMAX,172
IRM00040831,2014-12-31,TMAX,228
IRM00040831,2012-11-08,TMAX,342
IRM00040831,2014-12-31,TMIN,80
IRM00040831,2015-05-25,TMIN,276
IRM00040800,2015-05-30,TMAX,344
IRM00040811,2012-01-12,TMAX,204
IRM00040811,2015-11-02,TMAX,266
IRM00040831,2005-05-23,TMIN,238
IRM00040811,2015-03-06,TMIN,120
IRM00040831,2005-11-20,TMIN,100
IRM00040798,2009-12-08,TMIN,-14
IRM00040831,2012-11-08,TMIN,170
IRM00040800,2010-07-17,TMAX,400
IRM00040831,2015-10-22,TMAX,300
IRM00040831,2007-03-27,TMAX,268
IRM00040798,2007-01-17,TMAX,16
IRM00040798,2012-04-08,TMIN,2
IRM00040800,2012-07-20,TMAX,362
IRM00040811,2014-07-30,TMIN,266
IRM00040811,2008-02-01,TMAX,122
IRM00040798,2011-08-03,TMAX,324
IRM00040798,2011-08-03,TMIN,118
IRM00040811,2009-03-31,TMAX,178
IRM00040831,2005-12-14,TMAX,250
IRM00040798,2008-11-14,TMIN,-20
IRM00040798,2013-03-30,TMIN,-20
IRM00040800,2012-01-04,TMAX,104
IRM00040811,2010-03-12,TMAX,354
IRM00040831,2013-04-17,TMIN,228
IRM00040811,2009-05-29,TMAX,468
IRM00040811,2005-08-26,TMIN,274
IRM00040811,2005-08-26,TMAX,478
IRM00040811,2013-10-04,TMIN,214
IRM00040798,2012-04-08,TMAX,192
IRM00040798,2010-10-17,TMIN,30
IRM00040811,2006-02-15,TMIN,154
IRM00040798,2014-10-13,TMAX,237
IRM00040800,2010-10-30,TMAX,242
IRM00040800,2005-11-02,TMAX,240
IRM00040831,2012-10-04,TMAX,404
IRM00040831,2010-03-10,TMAX,348
IRM00040798,2014-09-12,TMAX,314
IRM00040798,2014-10-13,TMIN,44
IRM00040800,2011-04-24,TMAX,276
IRM00040798,2006-03-13,TMAX,160
IRM00040811,2011-05-28,TMAX,436
IRM00040798,2006-06-18,TMIN,78
IRM00040800,2009-01-06,TMAX,128
IRM00040798,2006-06-18,TMAX,326
IRM00040798,2013-04-13,TMAX,134
IRM00040831,2013-11-23,TMAX,198
IRM00040831,2006-03-15,TMAX,308
IRM00040800,2012-09-20,TMAX,314
IRM00040831,2006-05-27,TMAX,434
IRM00040811,2006-02-15,TMAX,250
IRM00040800,2012-10-03,TMAX,266
IRM00040831,2013-04-17,TMAX,374
IRM00040798,2011-04-16,TMAX,208
IRM00040798,2013-10-18,TMAX,250
IRM00040800,2009-12-18,TMAX,30
IRM00040798,2009-12-08,TMAX,68
IRM00040811,2009-05-29,TMIN,278
IRM00040798,2007-08-09,TMIN,110
IRM00040811,2015-11-10,TMAX,242
IRM00040831,2007-07-13,TMAX,468
IRM00040811,2010-04-22,TMAX,384
IRM00040798,2013-03-06,TMAX,92
IRM00040811,2015-11-10,TMIN,178
IRM00040831,2015-11-24,TMAX,232
IRM00040831,2006-06-19,TMAX,480
IRM00040798,2011-06-25,TMIN,94
IRM00040798,2007-08-09,TMAX,328
IRM00040831,2012-05-14,TMIN,268
IRM00040800,2013-09-26,TMAX,276
IRM00040811,2013-03-27,TMAX,316
IRM00040798,2011-10-11,TMAX,240
IRM00040800,2010-02-26,TMAX,148
IRM00040798,2015-01-15,TMAX,135
IRM00040800,2010-11-05,TMAX,166
IRM00040798,2013-03-10,TMIN,8
IRM00040831,2011-05-25,TMIN,256
IRM00040811,2007-12-31,TMIN,88
IRM00040798,2015-01-10,TMAX,19
IRM00040798,2011-10-11,TMIN,8
IRM00040831,2014-11-16,TMAX,288
IRM00040798,2010-03-23,TMAX,206
IRM00040811,2013-10-04,TMAX,418
IRM00040831,2005-06-19,TMIN,304
IRM00040831,2005-06-19,TMAX,456
IRM00040800,2015-11-11,TMIN,22
IRM00040831,2007-07-13,TMIN,276
IRM00040811,2012-01-19,TMAX,200
IRM00040798,2013-06-11,TMIN,56
IRM00040811,2009-03-30,TMAX,198
IRM00040798,2015-10-01,TMIN,57
IRM00040811,2011-12-02,TMAX,196
IRM00040811,2011-12-02,TMIN,58
IRM00040798,2007-05-01,TMAX,218
IRM00040831,2014-11-16,TMIN,144
IRM00040798,2015-10-01,TMAX,274
IRM00040800,2011-09-04,TMAX,334
IRM00040798,2011-11-02,TMAX,146
IRM00040800,2006-08-19,TMAX,332
IRM00040811,2014-07-08,TMAX,456
IRM00040811,2012-01-19,TMIN,50
IRM00040798,2011-07-12,TMIN,86
IRM00040831,2010-05-16,TMAX,414
IRM00040831,2005-11-06,TMAX,264
IRM00040800,2011-10-28,TMAX,238
IRM00040811,2005-11-14,TMAX,262
IRM00040831,2008-05-05,TMAX,406
IRM00040798,2011-10-23,TMAX,204
IRM00040800,2012-02-07,TMAX,84
IRM00040798,2008-01-18,TMIN,-294
IRM00040831,2006-05-29,TMIN,282
IRM00040800,2015-12-18,TMAX,98
IRM00040798,2008-01-18,TMAX,-50
IRM00040811,2013-04-03,TMAX,358
IRM00040811,2013-10-05,TMAX,416
IRM00040798,2015-08-18,TMAX,338
IRM00040831,2006-05-29,TMAX,444
IRM00040811,2011-08-19,TMIN,300
IRM00040798,2015-08-18,TMIN,62
IRM00040811,2011-11-22,TMAX,212
IRM00040798,2013-12-14,TMAX,100
IRM00040831,2013-09-27,TMIN,200
IRM00040811,2009-05-11,TMAX,360
IRM00040811,2015-05-25,TMIN,286
IRM00040811,2011-02-24,TMAX,272
IRM00040831,2010-10-22,TMAX,408
IRM00040811,2015-05-25,TMAX,412
IRM00040831,2007-07-16,TMIN,252
IRM00040811,2013-04-03,TMIN,190
IRM00040798,2009-10-06,TMAX,254
IRM00040811,2014-05-02,TMAX,384
IRM00040831,2015-02-13,TMAX,210
IRM00040811,2014-11-25,TMAX,186
IRM00040798,2013-04-12,TMIN,12
IRM00040811,2007-09-25,TMAX,424
IRM00040800,2007-09-10,TMAX,346
IRM00040811,2012-08-31,TMAX,472
IRM00040811,2014-11-25,TMIN,150
IRM00040798,2012-06-23,TMAX,318
IRM00040811,2011-08-19,TMAX,442
IRM00040831,2010-01-06,TMAX,214
IRM00040831,2008-08-05,TMAX,460
IRM00040811,2007-10-01,TMIN,228
IRM00040798,2013-11-09,TMIN,-4
IRM00040798,2006-09-11,TMIN,56
IRM00040831,2010-12-20,TMAX,230
IRM00040831,2015-05-23,TMIN,288
IRM00040798,2007-10-26,TMAX,186
IRM00040800,2008-01-25,TMAX,62
IRM00040798,2013-11-09,TMAX,194
IRM00040798,2009-10-06,TMIN,18
IRM00040831,2013-09-27,TMAX,384
IRM00040798,2015-12-08,TMAX,61
IRM00040800,2007-01-13,TMIN,-12
IRM00040798,2012-02-21,TMAX,10
IRM00040800,2014-01-14,TMAX,10
IRM00040798,2006-09-18,TMIN,24
IRM00040798,2010-12-22,TMAX,126
IRM00040811,2010-11-17,TMAX,306
IRM00040811,2009-03-21,TMAX,334
IRM00040811,2009-03-21,TMIN,150
IRM00040798,2006-04-17,TMAX,180
IRM00040798,2006-04-17,TMIN,60
IRM00040831,2012-03-13,TMAX,248
IRM00040798,2011-06-08,TMIN,82
IRM00040811,2006-03-04,TMIN,110
IRM00040831,2015-06-25,TMAX,436
IRM00040800,2011-05-07,TMAX,272
IRM00040831,2013-08-04,TMIN,290
IRM00040811,2008-10-12,TMAX,386
IRM00040798,2013-03-17,TMIN,40
IRM00040798,2009-09-10,TMIN,62
IRM00040831,2011-03-02,TMAX,244
IRM00040800,2012-06-12,TMAX,332
IRM00040811,2009-06-19,TMIN,286
IRM00040798,2009-09-10,TMAX,294
IRM00040811,2009-06-19,TMAX,410
IRM00040798,2006-09-18,TMAX,272
IRM00040798,2012-06-09,TMIN,72
IRM00040811,2006-03-04,TMAX,262
IRM00040798,2006-02-22,TMAX,42
IRM00040800,2014-01-14,TMIN,-46
IRM00040798,2015-05-29,TMIN,89
IRM00040798,2009-02-10,TMAX,158
IRM00040798,2009-02-10,TMIN,-28
IRM00040831,2010-01-28,TMAX,146
IRM00040811,2015-05-21,TMAX,434
IRM00040831,2013-01-06,TMAX,222
IRM00040831,2011-04-13,TMAX,258
IRM00040800,2011-12-26,TMAX,132
IRM00040800,2010-12-17,TMAX,156
IRM00040831,2012-08-11,TMAX,474
IRM00040831,2005-09-14,TMAX,432
IRM00040798,2012-10-03,TMIN,14
IRM00040798,2009-02-19,TMAX,110
IRM00040798,2015-02-02,TMAX,190
IRM00040831,2013-08-04,TMAX,452
IRM00040831,2014-01-02,TMAX,176
IRM00040800,2014-01-30,TMAX,174
IRM00040800,2006-12-21,TMAX,98
IRM00040798,2009-05-15,TMIN,56
IRM00040811,2010-01-24,TMIN,106
IRM00040798,2013-11-25,TMAX,124
IRM00040800,2014-10-07,TMAX,294
IRM00040811,2015-01-10,TMIN,40
IRM00040831,2013-05-07,TMAX,344
IRM00040800,2009-03-22,TMAX,230
IRM00040811,2006-10-19,TMAX,386
IRM00040798,2008-06-08,TMAX,310
IRM00040811,2014-04-01,TMAX,222
IRM00040800,2009-01-17,TMAX,102
IRM00040798,2015-08-17,TMAX,332
IRM00040831,2010-08-24,TMIN,306
IRM00040798,2013-12-14,TMIN,30
IRM00040800,2012-12-18,TMAX,96
IRM00040831,2010-08-24,TMAX,480
IRM00040800,2012-08-24,TMAX,354
IRM00040811,2010-12-25,TMIN,88
IRM00040798,2015-08-17,TMIN,63
IRM00040811,2010-01-24,TMAX,162
IRM00040798,2014-01-23,TMAX,76
IRM00040800,2010-07-04,TMAX,402
IRM00040811,2010-12-04,TMAX,268
IRM00040811,2006-10-19,TMIN,220
IRM00040811,2010-12-04,TMIN,72
IRM00040811,2009-01-28,TMAX,226
IRM00040831,2015-11-16,TMAX,262
IRM00040798,2014-11-11,TMIN,-55
IRM00040798,2015-05-29,TMAX,296
IRM00040800,2013-10-31,TMAX,198
IRM00040798,2008-10-24,TMIN,-16
IRM00040798,2012-05-25,TMAX,276
IRM00040831,2014-07-16,TMAX,478
IRM00040831,2006-08-15,TMAX,490
IRM00040831,2011-09-06,TMAX,466
IRM00040831,2015-11-16,TMIN,116
IRM00040798,2012-05-25,TMIN,36
IRM00040798,2008-10-24,TMAX,220
IRM00040798,2011-09-25,TMIN,64
IRM00040811,2007-07-27,TMAX,480
IRM00040811,2013-08-02,TMAX,450
IRM00040811,2012-10-06,TMIN,224
IRM00040811,2005-11-19,TMAX,234
IRM00040800,2007-02-24,TMAX,172
IRM00040831,2014-04-04,TMIN,122
IRM00040798,2010-07-29,TMAX,296
IRM00040811,2015-05-07,TMAX,374
IRM00040798,2014-11-11,TMAX,134
IRM00040798,2007-04-01,TMIN,-52
IRM00040798,2007-04-01,TMAX,128
IRM00040800,2009-06-13,TMAX,338
IRM00040811,2015-01-10,TMAX,140
IRM00040811,2013-08-02,TMIN,274
IRM00040798,2014-01-23,TMIN,-162
IRM00040811,2009-12-10,TMIN,108
IRM00040798,2007-10-03,TMAX,234
IRM00040831,2010-11-11,TMIN,150
IRM00040811,2014-04-01,TMIN,86
IRM00040831,2010-11-11,TMAX,322
IRM00040811,2014-05-02,TMIN,246
IRM00040798,2011-09-27,TMIN,38
IRM00040798,2013-04-12,TMAX,210
IRM00040800,2013-12-15,TMAX,138
IRM00040831,2015-05-23,TMAX,444
IRM00040800,2006-02-23,TMAX,86
IRM00040831,2013-08-05,TMAX,456
IRM00040800,2013-07-08,TMAX,392
IRM00040811,2009-10-25,TMAX,346
IRM00040811,2009-10-25,TMIN,230
IRM00040798,2012-05-20,TMAX,280
IRM00040811,2008-11-11,TMAX,284
IRM00040798,2012-05-20,TMIN,60
IRM00040811,2007-10-01,TMAX,394
IRM00040800,2013-12-01,TMAX,190
IRM00040831,2014-04-04,TMAX,276
IRM00040798,2006-02-10,TMAX,106
IRM00040811,2009-12-10,TMAX,178
IRM00040811,2009-05-25,TMIN,296
IRM00040798,2007-03-09,TMAX,158
IRM00040798,2010-09-20,TMAX,268
IRM00040811,2006-03-17,TMIN,112
IRM00040800,2012-10-18,TMAX,246
IRM00040798,2015-02-17,TMAX,82
IRM00040798,2011-09-27,TMAX,280
IRM00040811,2007-10-09,TMAX,380
IRM00040811,2010-12-25,TMAX,214
IRM00040831,2008-08-29,TMIN,266
IRM00040798,2015-09-11,TMAX,290
IRM00040798,2010-09-20,TMIN,86
IRM00040831,2008-07-10,TMAX,440
IRM00040798,2015-09-11,TMIN,76
IRM00040800,2014-03-18,TMAX,186
IRM00040831,2008-07-10,TMIN,238
IRM00040798,2007-08-18,TMAX,318
IRM00040798,2014-02-14,TMIN,-107
IRM00040831,2010-01-06,TMIN,110
IRM00040798,2014-02-14,TMAX,105
IRM00040800,2012-11-02,TMAX,228
IRM00040811,2009-05-25,TMAX,440
IRM00040811,2006-03-17,TMAX,256
IRM00040811,2011-03-24,TMAX,274
IRM00040798,2014-10-17,TMAX,166
IRM00040798,2014-02-12,TMAX,46
IRM00040798,2008-11-19,TMAX,164
IRM00040831,2014-06-03,TMAX,390
IRM00040798,2008-11-19,TMIN,-62
IRM00040811,2013-04-26,TMIN,154
IRM00040811,2006-09-17,TMAX,392
IRM00040800,2013-07-12,TMAX,404
IRM00040831,2007-02-07,TMAX,212
IRM00040811,2012-07-13,TMAX,470
IRM00040831,2014-12-07,TMAX,246
IRM00040831,2012-08-30,TMAX,486
IRM00040831,2005-09-16,TMAX,434
IRM00040811,2007-05-08,TMAX,420
IRM00040811,2013-11-28,TMAX,268
IRM00040811,2013-11-28,TMIN,120
IRM00040798,2008-10-17,TMAX,230
IRM00040831,2005-09-16,TMIN,218
IRM00040798,2007-10-26,TMIN,8
IRM00040811,2005-11-27,TMAX,238
IRM00040798,2014-03-20,TMAX,128
IRM00040798,2012-02-16,TMAX,54
IRM00040811,2015-06-03,TMAX,496
IRM00040800,2008-02-17,TMAX,154
IRM00040831,2007-02-07,TMIN,100
IRM00040831,2005-09-08,TMAX,416
IRM00040800,2011-03-19,TMAX,210
IRM00040798,2013-08-21,TMAX,336
IRM00040798,2011-11-09,TMIN,-56
IRM00040811,2012-08-31,TMIN,320
IRM00040798,2013-08-21,TMIN,88
IRM00040811,2012-07-13,TMIN,298
IRM00040800,2011-07-05,TMAX,408
IRM00040831,2005-05-01,TMAX,376
IRM00040831,2012-12-25,TMIN,140
IRM00040811,2011-03-09,TMAX,264
IRM00040798,2014-08-03,TMAX,356
IRM00040798,2013-09-05,TMIN,86
IRM00040800,2006-02-13,TMAX,164
IRM00040800,2008-11-06,TMAX,130
IRM00040811,2013-05-15,TMAX,386
IRM00040831,2007-06-26,TMIN,290
IRM00040800,2009-10-01,TMAX,290
IRM00040811,2013-11-26,TMIN,120
IRM00040831,2011-06-15,TMIN,260
IRM00040811,2010-09-12,TMAX,446
IRM00040811,2007-04-16,TMAX,284
IRM00040831,2014-04-15,TMAX,350
IRM00040798,2009-08-25,TMIN,90
IRM00040811,2013-04-26,TMAX,326
IRM00040831,2014-12-04,TMAX,248
IRM00040798,2008-05-29,TMAX,274
IRM00040798,2014-06-30,TMAX,346
IRM00040798,2014-06-30,TMIN,146
IRM00040811,2010-12-08,TMIN,68
IRM00040798,2007-07-10,TMIN,160
IRM00040811,2015-08-10,TMIN,298
IRM00040811,2015-08-10,TMAX,492
IRM00040798,2006-03-09,TMAX,190
IRM00040811,2010-12-08,TMAX,246
IRM00040831,2006-05-11,TMAX,394
IRM00040798,2008-10-08,TMIN,18
IRM00040800,2006-05-29,TMAX,322
IRM00040811,2007-09-03,TMIN,256
IRM00040800,2014-02-28,TMAX,190
IRM00040831,2014-04-15,TMIN,214
IRM00040800,2009-10-04,TMAX,280
IRM00040811,2008-10-28,TMAX,308
IRM00040831,2011-06-05,TMAX,460
IRM00040798,2013-05-27,TMAX,286
IRM00040811,2014-10-06,TMIN,240
IRM00040798,2008-05-29,TMIN,138
IRM00040800,2012-11-28,TMAX,126
IRM00040811,2007-04-16,TMIN,144
IRM00040798,2007-07-10,TMAX,346
IRM00040811,2015-04-29,TMAX,392
IRM00040811,2013-01-06,TMAX,204
IRM00040798,2008-05-07,TMAX,214
IRM00040800,2012-11-28,TMIN,8
IRM00040811,2015-04-29,TMIN,196
IRM00040811,2007-09-03,TMAX,478
IRM00040800,2009-08-17,TMAX,384
IRM00040798,2008-05-07,TMIN,34
IRM00040798,2005-10-27,TMIN,-18
IRM00040811,2010-04-19,TMAX,326
IRM00040800,2011-01-27,TMAX,100
IRM00040811,2015-07-28,TMAX,472
IRM00040800,2015-09-14,TMAX,324
IRM00040811,2013-11-11,TMAX,214
IRM00040800,2006-12-04,TMAX,68
IRM00040798,2005-10-27,TMAX,206
IRM00040831,2008-10-30,TMAX,278
IRM00040800,2015-12-10,TMAX,88
IRM00040831,2015-11-28,TMAX,274
IRM00040811,2008-02-24,TMAX,238
IRM00040798,2005-12-14,TMAX,118
IRM00040831,2013-01-06,TMIN,108
IRM00040811,2011-04-03,TMIN,176
IRM00040831,2006-06-17,TMAX,490
IRM00040798,2008-03-24,TMIN,-18
IRM00040800,2011-04-03,TMAX,254
IRM00040831,2008-07-18,TMAX,476
IRM00040800,2009-11-29,TMAX,92
IRM00040831,2008-10-11,TMAX,412
IRM00040798,2015-09-12,TMIN,76
IRM00040800,2012-10-12,TMAX,298
IRM00040798,2009-05-09,TMAX,222
IRM00040811,2014-08-08,TMIN,306
IRM00040811,2008-08-12,TMAX,474
IRM00040811,2014-01-18,TMAX,136
IRM00040811,2015-06-28,TMAX,446
IRM00040811,2009-03-17,TMAX,246
IRM00040831,2012-08-30,TMIN,262
IRM00040831,2012-01-09,TMAX,226
IRM00040831,2015-03-31,TMIN,188
IRM00040831,2015-03-31,TMAX,294
IRM00040798,2015-12-08,TMIN,-103
IRM00040798,2015-05-30,TMIN,68
IRM00040798,2011-06-29,TMAX,352
IRM00040798,2011-06-29,TMIN,116
IRM00040831,2013-10-17,TMAX,374
IRM00040798,2010-01-13,TMIN,-48
IRM00040798,2007-04-07,TMIN,-6
IRM00040798,2010-12-22,TMIN,-82
IRM00040800,2007-05-03,TMAX,292
IRM00040798,2013-11-25,TMIN,-46
IRM00040798,2009-09-03,TMAX,322
IRM00040831,2008-07-18,TMIN,290
IRM00040798,2015-12-31,TMIN,3
IRM00040800,2007-05-03,TMIN,106
IRM00040800,2013-10-28,TMAX,210
IRM00040798,2008-12-07,TMAX,60
IRM00040811,2008-04-02,TMAX,310
IRM00040798,2015-05-14,TMIN,65
IRM00040831,2005-09-14,TMIN,238
IRM00040798,2015-12-31,TMAX,74
IRM00040811,2013-02-22,TMAX,244
IRM00040798,2015-05-30,TMAX,309
IRM00040798,2009-01-12,TMAX,38
IRM00040798,2011-06-08,TMAX,332
IRM00040798,2009-05-15,TMAX,250
IRM00040798,2009-05-09,TMIN,46
IRM00040831,2011-06-05,TMIN,268
IRM00040800,2008-02-16,TMAX,152
IRM00040798,2007-04-07,TMAX,190
IRM00040811,2013-01-06,TMIN,84
IRM00040798,2009-08-25,TMAX,336
IRM00040831,2009-11-15,TMAX,312
IRM00040798,2008-06-25,TMIN,88
IRM00040831,2006-09-04,TMAX,458
IRM00040831,2010-08-16,TMAX,460
IRM00040811,2011-04-03,TMAX,336
IRM00040811,2008-11-25,TMAX,270
IRM00040831,2011-12-22,TMAX,234
IRM00040811,2013-05-15,TMIN,226
IRM00040831,2011-12-22,TMIN,60
IRM00040831,2008-08-05,TMIN,296
IRM00040800,2014-04-03,TMAX,184
IRM00040798,2009-04-22,TMIN,-44
IRM00040831,2011-03-30,TMIN,136
IRM00040831,2005-01-09,TMAX,164
IRM00040800,2009-05-20,TMAX,310
IRM00040831,2009-01-29,TMAX,232
IRM00040798,2011-07-15,TMIN,146
IRM00040798,2015-01-11,TMIN,-39
IRM00040811,2015-08-19,TMAX,484
IRM00040798,2009-01-12,TMIN,-48
IRM00040831,2007-06-26,TMAX,468
IRM00040831,2006-06-17,TMIN,266
IRM00040811,2014-10-14,TMAX,384
IRM00040798,2007-07-16,TMAX,358
IRM00040798,2007-07-16,TMIN,136
IRM00040831,2013-10-17,TMIN,156
IRM00040811,2015-06-28,TMIN,284
IRM00040798,2015-10-19,TMIN,7
IRM00040831,2013-10-25,TMIN,146
IRM00040800,2012-10-27,TMAX,206
IRM00040798,2015-01-07,TMIN,28
IRM00040798,2015-01-07,TMAX,133
IRM00040811,2007-02-09,TMIN,76
IRM00040798,2008-06-25,TMAX,324
IRM00040811,2007-02-09,TMAX,196
IRM00040811,2010-07-17,TMIN,310
IRM00040798,2010-04-05,TMIN,-8
IRM00040798,2010-04-05,TMAX,188
IRM00040798,2015-10-19,TMAX,236
IRM00040800,2015-09-04,TMAX,312
IRM00040798,2013-10-08,TMIN,14
IRM00040798,2013-10-08,TMAX,258
IRM00040800,2009-01-25,TMAX,28
IRM00040831,2015-11-18,TMAX,264
IRM00040831,2010-08-16,TMIN,310
IRM00040831,2013-10-25,TMAX,332
IRM00040811,2014-08-08,TMAX,468
IRM00040798,2007-11-12,TMAX,192
IRM00040831,2013-04-28,TMAX,348
IRM00040798,2007-03-09,TMIN,-64
IRM00040831,2008-08-29,TMAX,490
IRM00040798,2011-11-11,TMIN,-62
IRM00040800,2006-09-15,TMAX,332
IRM00040800,2008-09-07,TMAX,324
IRM00040798,2012-11-13,TMAX,128
IRM00040831,2011-08-26,TMIN,236
IRM00040798,2015-06-25,TMAX,349
IRM00040831,2015-08-24,TMAX,486
IRM00040831,2015-06-10,TMAX,490
IRM00040811,2010-07-28,TMAX,476
IRM00040798,2008-03-23,TMIN,-24
IRM00040798,2008-08-27,TMIN,104
IRM00040831,2015-06-10,TMIN,286
IRM00040811,2009-06-06,TMAX,454
IRM00040831,2011-08-11,TMAX,470
IRM00040800,2011-07-08,TMAX,400
IRM00040831,2010-11-04,TMIN,148
IRM00040800,2014-02-06,TMAX,30
IRM00040831,2007-05-30,TMIN,306
IRM00040798,2005-11-02,TMAX,206
IRM00040800,2006-10-16,TMAX,236
IRM00040798,2015-06-25,TMIN,133
IRM00040831,2011-08-26,TMAX,476
IRM00040831,2011-09-22,TMAX,414
IRM00040811,2015-05-05,TMAX,382
IRM00040798,2014-10-05,TMAX,262
IRM00040798,2007-07-24,TMIN,118
IRM00040798,2007-07-24,TMAX,320
IRM00040798,2008-08-27,TMAX,318
IRM00040831,2009-12-08,TMAX,202
IRM00040798,2011-11-11,TMAX,164
IRM00040811,2006-04-02,TMAX,285
IRM00040831,2011-06-15,TMAX,414
IRM00040800,2006-04-27,TMAX,196
IRM00040811,2012-08-08,TMIN,292
IRM00040800,2006-12-31,TMAX,54
IRM00040831,2010-11-04,TMAX,302
IRM00040811,2015-05-05,TMIN,236
IRM00040811,2011-01-14,TMAX,184
IRM00040798,2013-08-09,TMAX,332
IRM00040811,2007-08-12,TMAX,475
IRM00040811,2007-08-12,TMIN,308
IRM00040831,2006-11-16,TMAX,260
IRM00040811,2008-03-16,TMAX,242
IRM00040811,2011-01-14,TMIN,40
IRM00040811,2008-11-29,TMAX,275
IRM00040831,2013-05-23,TMAX,396
IRM00040831,2005-10-31,TMIN,172
IRM00040798,2006-11-05,TMAX,206
IRM00040798,2008-04-14,TMIN,4
IRM00040811,2012-09-03,TMAX,434
IRM00040798,2015-03-21,TMIN,25
IRM00040800,2015-06-27,TMAX,362
IRM00040798,2009-05-02,TMAX,160
IRM00040831,2015-10-21,TMAX,384
IRM00040811,2013-07-06,TMAX,478
IRM00040831,2009-12-18,TMAX,212
IRM00040798,2008-07-06,TMIN,52
IRM00040798,2008-07-06,TMAX,328
IRM00040831,2007-05-30,TMAX,416
IRM00040798,2013-09-18,TMAX,282
IRM00040831,2011-01-16,TMAX,146
IRM00040811,2007-05-20,TMAX,406
IRM00040800,2011-03-18,TMAX,190
IRM00040831,2010-04-11,TMAX,342
IRM00040811,2014-01-29,TMAX,232
IRM00040800,2014-03-08,TMAX,224
IRM00040831,2011-04-08,TMIN,220
IRM00040800,2006-12-19,TMAX,88
IRM00040798,2015-03-07,TMIN,-105
IRM00040800,2006-02-10,TMAX,144
IRM00040798,2013-09-18,TMIN,46
IRM00040798,2015-03-21,TMAX,158
IRM00040811,2013-02-16,TMAX,206
IRM00040831,2009-05-16,TMAX,380
IRM00040831,2013-04-18,TMIN,206
IRM00040811,2011-08-20,TMAX,452
IRM00040811,2011-08-20,TMIN,294
IRM00040800,2006-10-10,TMAX,282
IRM00040831,2008-03-13,TMAX,300
IRM00040798,2015-04-21,TMIN,-15
IRM00040798,2005-11-02,TMIN,-8
IRM00040811,2013-09-20,TMIN,248
IRM00040831,2009-08-11,TMAX,446
IRM00040798,2008-04-20,TMIN,30
IRM00040798,2008-04-20,TMAX,202
IRM00040831,2015-07-26,TMIN,302
IRM00040831,2015-07-26,TMAX,496
IRM00040811,2008-08-18,TMAX,462
IRM00040811,2013-09-20,TMAX,428
IRM00040811,2010-07-28,TMIN,318
IRM00040798,2009-04-21,TMAX,180
IRM00040831,2009-11-06,TMAX,332
IRM00040798,2013-09-29,TMAX,272
IRM00040811,2011-01-01,TMAX,172
IRM00040798,2014-03-01,TMIN,-73
IRM00040798,2015-03-07,TMAX,165
IRM00040811,2008-08-18,TMIN,290
IRM00040811,2008-11-29,TMIN,108
IRM00040831,2006-05-16,TMAX,430
IRM00040798,2006-09-25,TMAX,280
IRM00040831,2006-03-03,TMAX,254
IRM00040831,2013-07-22,TMIN,306
IRM00040811,2007-01-02,TMIN,20
IRM00040811,2007-01-02,TMAX,134
IRM00040811,2007-05-20,TMIN,276
IRM00040800,2009-09-21,TMAX,334
IRM00040831,2010-06-19,TMIN,308
IRM00040811,2015-08-15,TMAX,484
IRM00040831,2008-04-05,TMAX,326
IRM00040831,2013-11-01,TMAX,280
IRM00040831,2008-04-05,TMIN,180
IRM00040798,2012-03-04,TMIN,-104
IRM00040798,2014-04-24,TMAX,213
IRM00040831,2013-11-01,TMIN,194
IRM00040798,2012-03-04,TMAX,54
IRM00040811,2012-03-17,TMAX,242
IRM00040831,2010-10-17,TMAX,404
IRM00040831,2013-04-18,TMAX,364
IRM00040811,2009-02-04,TMAX,202
IRM00040798,2011-06-18,TMAX,348
IRM00040811,2013-08-08,TMAX,444
IRM00040798,2010-02-10,TMAX,60
IRM00040800,2011-03-06,TMAX,126
IRM00040831,2013-08-17,TMAX,460
IRM00040831,2013-08-17,TMIN,290
IRM00040811,2010-02-03,TMAX,218
IRM00040800,2007-01-28,TMAX,128
IRM00040798,2012-02-12,TMIN,-78
IRM00040800,2006-01-22,TMAX,92
IRM00040811,2009-04-27,TMAX,304
IRM00040831,2010-04-04,TMAX,370
IRM00040811,2013-05-27,TMIN,286
IRM00040798,2011-01-15,TMAX,20
IRM00040831,2007-10-03,TMIN,216
IRM00040811,2015-12-12,TMIN,68
IRM00040811,2013-08-08,TMIN,254
IRM00040798,2012-02-12,TMAX,74
IRM00040831,2006-04-16,TMIN,202
IRM00040831,2007-10-03,TMAX,408
IRM00040831,2012-02-06,TMAX,214
IRM00040831,2011-04-08,TMAX,346
IRM00040831,2010-06-19,TMAX,434
IRM00040800,2010-10-07,TMAX,290
IRM00040798,2015-12-03,TMAX,134
IRM00040831,2011-08-11,TMIN,274
IRM00040811,2011-05-30,TMAX,464
IRM00040831,2010-11-08,TMAX,330
IRM00040831,2015-06-18,TMAX,456
IRM00040798,2011-01-20,TMIN,-118
IRM00040800,2006-04-11,TMIN,78
IRM00040798,2013-04-05,TMAX,194
IRM00040800,2014-07-21,TMIN,224
IRM00040831,2014-10-02,TMAX,392
IRM00040798,2014-02-19,TMIN,-64
IRM00040800,2013-06-08,TMAX,336
IRM00040811,2011-02-08,TMAX,124
IRM00040811,2007-12-12,TMIN,86
IRM00040831,2005-10-31,TMAX,358
IRM00040798,2008-06-12,TMAX,290
IRM00040811,2012-06-08,TMAX,458
IRM00040811,2012-06-08,TMIN,280
IRM00040811,2008-12-04,TMAX,206
IRM00040798,2008-03-23,TMAX,220
IRM00040811,2013-11-22,TMAX,204
IRM00040811,2006-06-24,TMIN,280
IRM00040800,2014-09-16,TMAX,340
IRM00040798,2014-10-05,TMIN,12
IRM00040831,2015-06-18,TMIN,288
IRM00040798,2009-12-30,TMAX,74
IRM00040800,2006-04-11,TMAX,232
IRM00040798,2006-02-16,TMAX,32
IRM00040811,2010-11-19,TMAX,288
IRM00040831,2011-05-11,TMIN,280
IRM00040831,2014-01-19,TMAX,160
IRM00040811,2007-08-13,TMIN,330
IRM00040811,2007-08-13,TMAX,492
IRM00040798,2008-12-05,TMAX,40
IRM00040811,2012-12-30,TMAX,182
IRM00040831,2012-09-16,TMAX,424
IRM00040798,2014-11-24,TMAX,130
IRM00040811,2014-01-22,TMAX,190
IRM00040831,2011-05-11,TMAX,438
IRM00040798,2014-10-11,TMIN,0
IRM00040831,2006-08-19,TMAX,470
IRM00040811,2013-08-03,TMIN,274
IRM00040811,2015-10-11,TMIN,220
IRM00040811,2015-10-11,TMAX,372
IRM00040831,2006-08-19,TMIN,308
IRM00040798,2008-06-12,TMIN,44
IRM00040798,2014-02-21,TMIN,-73
IRM00040798,2009-07-31,TMAX,342
IRM00040798,2014-02-21,TMAX,135
IRM00040798,2011-03-18,TMAX,168
IRM00040831,2011-09-06,TMIN,300
IRM00040798,2015-04-19,TMIN,-11
IRM00040798,2007-03-16,TMAX,96
IRM00040811,2008-02-11,TMAX,260
IRM00040800,2013-06-02,TMAX,328
IRM00040831,2014-02-04,TMAX,144
IRM00040798,2008-12-09,TMIN,-80
IRM00040811,2014-01-08,TMIN,56
IRM00040831,2006-07-08,TMAX,464
IRM00040831,2006-07-08,TMIN,310
IRM00040800,2008-09-27,TMAX,306
IRM00040798,2008-10-26,TMAX,196
IRM00040798,2013-02-02,TMIN,-94
IRM00040811,2013-09-28,TMIN,210
IRM00040798,2013-03-07,TMIN,-64
IRM00040831,2011-09-29,TMAX,420
IRM00040800,2011-11-23,TMAX,122
IRM00040811,2011-06-13,TMAX,416
IRM00040811,2013-09-28,TMAX,384
IRM00040800,2005-03-20,TMAX,188
IRM00040798,2013-03-07,TMAX,64
IRM00040811,2012-08-05,TMAX,468
IRM00040798,2013-02-02,TMAX,46
IRM00040798,2005-12-23,TMIN,4
IRM00040800,2010-09-21,TMAX,304
IRM00040831,2006-03-26,TMAX,300
IRM00040811,2011-09-07,TMIN,282
IRM00040811,2011-10-05,TMIN,200
IRM00040811,2011-10-05,TMAX,352
IRM00040800,2014-10-01,TMAX,332
IRM00040800,2010-07-02,TMAX,398
IRM00040800,2010-07-02,TMIN,220
IRM00040831,2006-03-09,TMIN,180
IRM00040798,2010-11-23,TMIN,-82
IRM00040811,2010-01-25,TMAX,202
IRM00040831,2006-03-09,TMAX,286
IRM00040798,2008-08-25,TMAX,316
IRM00040798,2008-03-11,TMAX,212
IRM00040811,2010-01-13,TMAX,212
IRM00040811,2012-08-05,TMIN,332
IRM00040798,2008-08-25,TMIN,90
IRM00040798,2011-06-17,TMIN,92
IRM00040811,2009-05-01,TMAX,384
IRM00040798,2010-06-08,TMAX,312
IRM00040811,2005-10-21,TMIN,198
IRM00040811,2009-05-01,TMIN,230
IRM00040811,2005-10-21,TMAX,296
IRM00040811,2014-09-17,TMAX,424
IRM00040831,2012-01-25,TMAX,182
IRM00040798,2011-02-06,TMAX,56
IRM00040811,2014-08-10,TMIN,296
IRM00040831,2012-01-25,TMIN,18
IRM00040811,2014-04-07,TMAX,314
IRM00040811,2011-05-03,TMAX,330
IRM00040800,2015-11-09,TMAX,190
IRM00040800,2009-03-14,TMAX,256
IRM00040831,2011-04-11,TMAX,336
IRM00040811,2008-08-12,TMIN,308
IRM00040811,2013-08-29,TMIN,246
IRM00040811,2014-10-01,TMAX,412
IRM00040798,2013-09-13,TMIN,54
IRM00040831,2007-06-18,TMAX,452
IRM00040811,2014-02-20,TMAX,250
IRM00040798,2013-06-02,TMAX,274
IRM00040831,2006-02-10,TMIN,110
IRM00040798,2008-10-26,TMIN,54
IRM00040831,2011-04-11,TMIN,190
IRM00040800,2007-04-29,TMAX,254
IRM00040800,2011-08-22,TMAX,384
IRM00040811,2011-08-31,TMAX,440
IRM00040798,2011-10-14,TMIN,18
IRM00040798,2011-10-14,TMAX,254
IRM00040811,2012-10-06,TMAX,404
IRM00040831,2012-06-09,TMAX,454
IRM00040798,2011-10-23,TMIN,-48
IRM00040831,2008-08-20,TMAX,472
IRM00040800,2007-02-08,TMAX,94
IRM00040798,2008-08-04,TMAX,328
IRM00040831,2007-01-26,TMAX,190
IRM00040831,2013-08-05,TMIN,290
IRM00040798,2014-07-24,TMAX,354
IRM00040798,2008-08-04,TMIN,138
IRM00040831,2006-03-26,TMIN,178
IRM00040798,2011-08-11,TMIN,136
IRM00040811,2006-04-27,TMIN,176
IRM00040800,2014-06-17,TMAX,360
IRM00040811,2010-01-01,TMAX,164
IRM00040831,2014-11-10,TMAX,270
IRM00040811,2006-04-27,TMAX,310
IRM00040800,2007-12-13,TMAX,120
IRM00040831,2014-11-10,TMIN,100
IRM00040811,2013-11-05,TMAX,296
IRM00040811,2014-03-12,TMAX,244
IRM00040798,2012-06-30,TMAX,310
IRM00040800,2009-10-27,TMAX,224
IRM00040831,2013-03-30,TMIN,190
IRM00040800,2015-01-01,TMAX,144
IRM00040831,2015-10-14,TMAX,410
IRM00040798,2005-12-17,TMAX,96
IRM00040811,2009-11-17,TMAX,294
IRM00040800,2015-10-20,TMAX,266
IRM00040811,2013-03-14,TMAX,330
IRM00040811,2005-11-23,TMAX,274
IRM00040831,2009-12-27,TMIN,100
IRM00040811,2012-02-15,TMAX,172
IRM00040831,2006-02-22,TMAX,190
IRM00040831,2008-04-23,TMIN,210
IRM00040811,2007-12-12,TMAX,214
IRM00040831,2008-04-23,TMAX,384
IRM00040831,2010-12-12,TMAX,292
IRM00040831,2014-09-01,TMAX,468
IRM00040798,2006-06-26,TMAX,352
IRM00040798,2011-08-11,TMAX,338
IRM00040811,2006-09-26,TMAX,436
IRM00040800,2014-05-01,TMAX,286
IRM00040831,2015-03-17,TMAX,268
IRM00040798,2015-04-21,TMAX,223
IRM00040811,2013-01-30,TMAX,188
IRM00040831,2010-08-18,TMAX,496
IRM00040811,2015-06-29,TMAX,466
IRM00040798,2006-06-26,TMIN,98
IRM00040811,2005-11-28,TMIN,100
IRM00040811,2013-01-30,TMIN,98
IRM00040831,2010-12-12,TMIN,164
IRM00040831,2007-01-04,TMAX,154
IRM00040798,2015-04-19,TMAX,193
IRM00040800,2014-05-29,TMAX,322
IRM00040800,2013-09-10,TMAX,352
IRM00040831,2009-06-26,TMAX,476
IRM00040798,2008-11-30,TMIN,-22
IRM00040798,2007-08-30,TMIN,100
IRM00040831,2008-01-15,TMAX,104
IRM00040798,2008-12-09,TMAX,122
IRM00040798,2015-08-22,TMAX,346
IRM00040798,2015-08-22,TMIN,75
IRM00040798,2008-11-30,TMAX,32
IRM00040831,2012-05-31,TMIN,276
IRM00040831,2012-05-31,TMAX,470
IRM00040798,2010-09-23,TMAX,282
IRM00040798,2007-08-30,TMAX,340
IRM00040800,2010-05-07,TMIN,110
IRM00040798,2013-09-29,TMIN,18
IRM00040831,2010-03-12,TMIN,188
IRM00040800,2010-05-07,TMAX,244
IRM00040811,2010-08-07,TMIN,304
IRM00040800,2010-05-11,TMAX,300
IRM00040831,2010-01-25,TMAX,240
IRM00040831,2010-05-28,TMIN,260
IRM00040831,2010-10-22,TMIN,186
IRM00040800,2006-12-20,TMAX,98
IRM00040798,2006-05-16,TMAX,270
IRM00040798,2008-06-08,TMIN,40
IRM00040800,2012-08-01,TMAX,374
IRM00040831,2011-02-01,TMAX,198
IRM00040798,2009-12-15,TMAX,98
IRM00040800,2014-04-22,TMAX,258
IRM00040800,2015-03-02,TMAX,178
IRM00040831,2012-04-14,TMAX,306
IRM00040811,2010-03-01,TMIN,146
IRM00040798,2011-11-17,TMAX,152
IRM00040811,2010-03-21,TMAX,250
IRM00040831,2007-04-01,TMAX,276
IRM00040811,2010-07-18,TMAX,482
IRM00040798,2011-06-18,TMIN,114
IRM00040798,2009-03-06,TMAX,124
IRM00040800,2010-10-03,TMAX,322
IRM00040831,2011-07-10,TMAX,436
IRM00040831,2010-05-28,TMAX,460
IRM00040811,2011-11-11,TMAX,246
IRM00040811,2010-08-07,TMAX,492
IRM00040798,2009-03-06,TMIN,-58
IRM00040811,2010-11-21,TMIN,100
IRM00040831,2013-02-25,TMAX,244
IRM00040811,2010-02-17,TMAX,274
IRM00040811,2010-01-25,TMIN,138
IRM00040798,2007-11-03,TMIN,-20
IRM00040798,2010-01-13,TMAX,144
IRM00040831,2006-06-12,TMAX,464
IRM00040811,2012-02-15,TMIN,86
IRM00040811,2005-11-28,TMAX,252
IRM00040831,2015-06-24,TMAX,444
IRM00040811,2012-09-03,TMIN,266
IRM00040831,2009-11-30,TMAX,196
IRM00040798,2010-09-23,TMIN,60
IRM00040800,2012-04-01,TMAX,184
IRM00040798,2011-11-17,TMIN,50
IRM00040798,2007-11-06,TMIN,-56
IRM00040798,2007-11-06,TMAX,198
IRM00040798,2015-03-29,TMIN,-20
IRM00040811,2014-09-20,TMIN,216
IRM00040831,2008-07-26,TMAX,508
IRM00040811,2011-09-07,TMAX,432
IRM00040800,2008-05-06,TMAX,262
IRM00040831,2008-07-26,TMIN,320
IRM00040798,2006-05-16,TMIN,54
IRM00040811,2015-06-29,TMIN,290
IRM00040811,2013-02-04,TMIN,68
IRM00040811,2013-02-04,TMAX,194
IRM00040798,2009-10-08,TMIN,6
IRM00040798,2012-07-23,TMIN,136
IRM00040811,2012-01-25,TMAX,172
IRM00040800,2010-01-07,TMAX,124
IRM00040800,2012-10-04,TMAX,270
IRM00040811,2007-04-21,TMAX,322
IRM00040798,2010-12-20,TMAX,140
IRM00040831,2015-05-30,TMAX,482
IRM00040800,2011-06-24,TMAX,360
IRM00040831,2015-08-18,TMIN,306
IRM00040811,2010-10-25,TMAX,390
IRM00040811,2006-01-12,TMAX,184
IRM00040811,2015-01-06,TMAX,228
IRM00040798,2010-10-30,TMAX,220
IRM00040831,2015-05-30,TMIN,296
IRM00040798,2011-10-15,TMAX,250
IRM00040811,2012-08-09,TMAX,476
IRM00040811,2015-09-09,TMAX,442
IRM00040811,2005-11-10,TMAX,252
IRM00040800,2011-01-19,TMAX,74
IRM00040811,2015-05-19,TMIN,254
IRM00040831,2011-07-29,TMAX,472
IRM00040798,2012-07-23,TMAX,312
IRM00040798,2012-04-15,TMAX,124
IRM00040831,2007-04-07,TMAX,358
IRM00040800,2014-05-27,TMAX,310
IRM00040811,2005-11-10,TMIN,126
IRM00040831,2014-05-28,TMAX,420
IRM00040800,2015-03-21,TMAX,208
IRM00040798,2009-07-21,TMIN,106
IRM00040800,2015-04-19,TMAX,232
IRM00040811,2015-02-04,TMAX,264
IRM00040798,2012-07-20,TMAX,320
IRM00040800,2006-05-30,TMAX,322
IRM00040798,2012-07-20,TMIN,148
IRM00040800,2011-10-05,TMAX,260
IRM00040811,2012-01-25,TMIN,30
IRM00040831,2012-04-10,TMAX,346
IRM00040798,2008-12-11,TMAX,130
IRM00040831,2015-08-18,TMAX,498
IRM00040798,2011-06-01,TMAX,306
IRM00040800,2013-12-08,TMAX,156
IRM00040831,2012-12-10,TMAX,236
IRM00040798,2015-10-22,TMIN,21
IRM00040800,2007-04-18,TMAX,254
IRM00040831,2015-05-14,TMAX,430
IRM00040811,2009-10-27,TMAX,344
IRM00040831,2013-02-21,TMAX,264
IRM00040811,2015-05-19,TMAX,422
IRM00040811,2011-09-24,TMIN,272
IRM00040811,2009-04-23,TMAX,374
IRM00040811,2007-05-16,TMAX,368
IRM00040811,2006-09-20,TMAX,404
IRM00040811,2009-04-23,TMIN,178
IRM00040800,2005-05-22,TMAX,266
IRM00040831,2014-12-03,TMAX,238
IRM00040800,2008-03-21,TMAX,244
IRM00040798,2011-10-04,TMIN,-4
IRM00040811,2006-09-20,TMIN,216
IRM00040831,2014-12-03,TMIN,80
IRM00040798,2010-10-30,TMIN,-10
IRM00040798,2011-07-31,TMIN,84
IRM00040831,2006-03-25,TMAX,310
IRM00040798,2006-04-29,TMAX,204
IRM00040798,2006-04-29,TMIN,12
IRM00040831,2010-09-12,TMIN,242
IRM00040831,2014-04-26,TMAX,390
IRM00040811,2013-01-11,TMAX,120
IRM00040798,2015-03-16,TMIN,-43
IRM00040831,2012-06-30,TMAX,470
IRM00040831,2015-05-18,TMAX,420
IRM00040811,2008-02-23,TMAX,216
IRM00040800,2015-01-19,TMAX,66
IRM00040831,2009-09-25,TMAX,370
IRM00040800,2012-05-22,TMAX,314
IRM00040831,2010-11-13,TMAX,312
IRM00040798,2006-03-15,TMAX,170
IRM00040831,2010-11-13,TMIN,112
IRM00040798,2006-03-03,TMAX,156
IRM00040811,2011-09-24,TMAX,428
IRM00040831,2010-11-29,TMAX,250
IRM00040798,2009-11-30,TMIN,-94
IRM00040798,2006-03-15,TMIN,-80
IRM00040831,2007-03-02,TMIN,130
IRM00040831,2007-03-29,TMAX,276
IRM00040798,2007-06-08,TMIN,70
IRM00040811,2013-01-11,TMIN,40
IRM00040831,2012-06-12,TMIN,268
IRM00040811,2013-06-06,TMAX,454
IRM00040798,2009-06-29,TMAX,348
IRM00040811,2015-09-09,TMIN,278
IRM00040831,2012-06-12,TMAX,470
IRM00040798,2009-11-30,TMAX,8
IRM00040831,2015-05-18,TMIN,220
IRM00040811,2007-05-16,TMIN,256
IRM00040831,2009-03-08,TMAX,320
IRM00040831,2012-01-27,TMIN,84
IRM00040798,2015-10-22,TMAX,195
IRM00040811,2005-02-06,TMAX,196
IRM00040831,2013-08-01,TMAX,440
IRM00040811,2008-04-18,TMAX,340
IRM00040811,2007-11-04,TMIN,118
IRM00040798,2010-01-04,TMIN,0
IRM00040800,2005-06-27,TMAX,372
IRM00040811,2008-09-17,TMAX,402
IRM00040831,2009-08-03,TMAX,464
IRM00040800,2007-05-24,TMAX,312
IRM00040831,2009-08-03,TMIN,288
IRM00040798,2008-03-30,TMIN,-14
IRM00040800,2013-07-26,TMAX,414
IRM00040811,2014-12-30,TMAX,230
IRM00040800,2012-06-05,TMAX,324
IRM00040800,2011-12-28,TMAX,84
IRM00040831,2014-01-08,TMIN,70
IRM00040798,2007-02-07,TMAX,42
IRM00040831,2010-07-20,TMAX,476
IRM00040798,2013-06-24,TMIN,100
IRM00040798,2007-08-01,TMIN,120
IRM00040811,2008-07-18,TMAX,468
IRM00040800,2005-12-02,TMAX,166
IRM00040811,2013-05-08,TMAX,346
IRM00040798,2008-03-30,TMAX,242
IRM00040831,2014-01-08,TMAX,142
IRM00040798,2006-09-04,TMAX,310
IRM00040798,2014-08-04,TMIN,98
IRM00040800,2009-06-10,TMAX,326
IRM00040831,2009-10-08,TMIN,200
IRM00040831,2013-06-28,TMAX,468
IRM00040798,2006-01-05,TMAX,60
IRM00040798,2011-09-30,TMIN,38
IRM00040798,2007-08-01,TMAX,330
IRM00040811,2007-05-23,TMAX,424
IRM00040798,2008-10-31,TMAX,130
IRM00040798,2012-01-09,TMAX,126
IRM00040798,2005-01-17,TMAX,-64
IRM00040831,2010-06-06,TMAX,478
IRM00040831,2012-07-05,TMAX,424
IRM00040831,2012-04-08,TMIN,184
IRM00040811,2014-04-14,TMAX,340
IRM00040831,2012-07-05,TMIN,296
IRM00040831,2012-04-08,TMAX,356
IRM00040800,2010-09-09,TMAX,332
IRM00040831,2005-04-17,TMAX,330
IRM00040831,2010-03-18,TMIN,186
IRM00040800,2012-12-29,TMAX,54
IRM00040831,2015-05-14,TMIN,290
IRM00040831,2008-05-07,TMAX,376
IRM00040831,2008-05-07,TMIN,254
IRM00040798,2015-10-09,TMIN,69
IRM00040800,2014-01-28,TMAX,146
IRM00040831,2014-12-09,TMAX,262
IRM00040811,2007-06-05,TMAX,438
IRM00040798,2006-05-12,TMAX,270
IRM00040800,2005-10-26,TMAX,220
IRM00040811,2014-08-26,TMAX,474
IRM00040798,2006-05-12,TMIN,48
IRM00040831,2009-06-18,TMIN,300
IRM00040798,2015-10-09,TMAX,247
IRM00040798,2011-12-24,TMAX,138
IRM00040800,2011-12-31,TMAX,94
IRM00040831,2009-06-18,TMAX,446
IRM00040798,2011-12-24,TMIN,-82
IRM00040811,2006-10-05,TMAX,388
IRM00040831,2009-12-22,TMAX,232
IRM00040798,2005-03-27,TMAX,150
IRM00040798,2005-03-27,TMIN,-74
IRM00040798,2009-07-21,TMAX,358
IRM00040811,2014-12-05,TMAX,246
IRM00040831,2010-09-12,TMAX,454
IRM00040800,2012-10-21,TMAX,206
IRM00040811,2011-06-01,TMAX,482
IRM00040798,2009-08-27,TMAX,332
IRM00040831,2012-10-25,TMAX,376
IRM00040811,2007-11-04,TMAX,298
IRM00040798,2009-06-29,TMIN,90
IRM00040811,2012-10-05,TMIN,230
IRM00040811,2014-08-26,TMIN,286
IRM00040798,2011-09-07,TMAX,300
IRM00040811,2012-10-05,TMAX,408
IRM00040798,2009-03-05,TMAX,102
IRM00040811,2011-09-11,TMAX,418
IRM00040811,2011-09-11,TMIN,264
IRM00040831,2010-12-05,TMAX,266
IRM00040800,2011-04-05,TMAX,170
IRM00040811,2011-06-01,TMIN,306
IRM00040798,2007-09-10,TMIN,48
IRM00040798,2009-08-27,TMIN,94
IRM00040831,2007-08-18,TMAX,468
IRM00040811,2013-06-06,TMIN,266
IRM00040798,2007-09-10,TMAX,310
IRM00040800,2006-10-23,TMAX,238
IRM00040798,2014-02-05,TMAX,31
IRM00040798,2009-03-05,TMIN,-56
IRM00040811,2012-10-29,TMAX,306
IRM00040811,2010-02-13,TMAX,244
IRM00040811,2011-05-19,TMIN,306
IRM00040831,2012-01-27,TMAX,234
IRM00040798,2011-05-23,TMAX,260
IRM00040798,2011-05-23,TMIN,78
IRM00040798,2015-10-05,TMIN,66
IRM00040811,2012-09-27,TMIN,212
IRM00040798,2010-11-25,TMAX,164
IRM00040831,2011-01-07,TMAX,206
IRM00040798,2012-03-02,TMAX,96
IRM00040798,2010-11-25,TMIN,-90
IRM00040811,2012-01-13,TMIN,86
IRM00040831,2010-08-12,TMAX,500
IRM00040798,2015-05-08,TMAX,223
IRM00040831,2009-09-07,TMAX,454
IRM00040831,2009-09-07,TMIN,256
IRM00040811,2008-12-02,TMAX,198
IRM00040811,2013-11-07,TMAX,314
IRM00040831,2008-08-08,TMAX,464
IRM00040811,2011-12-19,TMAX,210
IRM00040800,2014-03-02,TMAX,180
IRM00040831,2014-12-09,TMIN,100
IRM00040798,2014-02-26,TMIN,-56
IRM00040798,2007-05-30,TMAX,224
IRM00040831,2010-10-18,TMAX,396
IRM00040811,2013-11-07,TMIN,146
IRM00040798,2011-11-22,TMAX,74
IRM00040811,2015-07-31,TMIN,330
IRM00040798,2007-05-30,TMIN,60
IRM00040811,2012-01-13,TMAX,176
IRM00040800,2014-05-25,TMAX,294
IRM00040811,2013-10-21,TMIN,184
IRM00040798,2015-05-08,TMIN,11
IRM00040800,2010-06-30,TMAX,398
IRM00040800,2010-06-30,TMIN,216
IRM00040798,2011-11-22,TMIN,30
IRM00040831,2015-04-18,TMIN,210
IRM00040831,2015-04-18,TMAX,322
IRM00040811,2013-12-08,TMAX,222
IRM00040798,2013-09-20,TMAX,280
IRM00040798,2013-09-20,TMIN,28
IRM00040831,2010-08-12,TMIN,312
IRM00040831,2015-10-20,TMIN,204
IRM00040831,2015-10-20,TMAX,378
IRM00040800,2007-01-21,TMAX,64
IRM00040800,2014-09-23,TMAX,326
IRM00040831,2008-02-21,TMIN,70
IRM00040811,2012-09-14,TMAX,426
IRM00040831,2006-02-15,TMAX,264
IRM00040798,2007-12-30,TMIN,-168
IRM00040811,2006-01-18,TMAX,128
IRM00040798,2012-01-20,TMIN,-92
IRM00040800,2007-01-09,TMAX,78
IRM00040798,2014-12-21,TMAX,100
IRM00040811,2014-09-15,TMIN,230
IRM00040811,2006-01-29,TMAX,160
IRM00040798,2006-03-01,TMAX,174
IRM00040811,2011-11-27,TMAX,206
IRM00040811,2005-11-07,TMAX,278
IRM00040798,2014-04-20,TMAX,235
IRM00040811,2006-09-15,TMAX,412
IRM00040798,2011-06-26,TMAX,324
IRM00040811,2006-09-15,TMIN,228
IRM00040798,2006-07-26,TMAX,360
IRM00040798,2006-07-26,TMIN,130
IRM00040798,2014-12-07,TMIN,-45
IRM00040811,2014-06-17,TMAX,456
IRM00040831,2006-05-12,TMAX,378
IRM00040798,2012-04-30,TMIN,48
IRM00040798,2014-12-07,TMAX,109
IRM00040831,2013-02-15,TMAX,246
IRM00040811,2005-11-14,TMIN,120
IRM00040831,2008-12-06,TMIN,88
IRM00040798,2013-09-11,TMIN,66
IRM00040798,2006-02-06,TMAX,120
IRM00040811,2011-12-19,TMIN,76
IRM00040798,2012-12-23,TMAX,114
IRM00040811,2012-09-14,TMIN,258
IRM00040831,2007-11-10,TMAX,328
IRM00040798,2014-04-20,TMIN,5
IRM00040811,2009-04-09,TMAX,288
IRM00040811,2014-09-15,TMAX,424
IRM00040831,2015-10-09,TMAX,384
IRM00040811,2007-07-31,TMAX,486
IRM00040798,2014-06-16,TMIN,70
IRM00040811,2005-12-19,TMAX,228
IRM00040811,2013-10-02,TMAX,390
IRM00040800,2014-08-15,TMAX,360
IRM00040831,2010-05-25,TMAX,388
IRM00040811,2006-01-30,TMAX,146
IRM00040811,2005-12-19,TMIN,108
IRM00040831,2012-01-16,TMIN,30
IRM00040798,2006-03-01,TMIN,-34
IRM00040811,2013-08-13,TMAX,464
IRM00040798,2013-07-15,TMAX,374
IRM00040811,2005-12-07,TMIN,126
IRM00040811,2005-12-07,TMAX,278
IRM00040798,2010-03-19,TMAX,206
IRM00040798,2015-03-16,TMAX,159
IRM00040831,2012-07-23,TMIN,294
IRM00040831,2012-01-16,TMAX,180
IRM00040831,2007-11-03,TMIN,122
IRM00040811,2008-08-03,TMAX,496
IRM00040811,2008-02-04,TMAX,170
IRM00040831,2012-08-17,TMAX,476
IRM00040798,2006-08-09,TMIN,134
IRM00040831,2008-04-07,TMAX,320
IRM00040798,2007-12-03,TMAX,88
IRM00040831,2008-04-07,TMIN,180
IRM00040811,2009-04-10,TMAX,320
IRM00040831,2015-10-28,TMAX,298
IRM00040811,2006-09-23,TMAX,424
IRM00040811,2014-04-27,TMAX,386
IRM00040798,2015-08-01,TMAX,319
IRM00040811,2010-08-27,TMAX,454
IRM00040811,2011-05-19,TMAX,436
IRM00040800,2015-06-25,TMAX,390
IRM00040811,2010-08-27,TMIN,324
IRM00040798,2015-08-01,TMIN,104
IRM00040811,2010-08-11,TMAX,478
IRM00040800,2009-04-25,TMAX,292
IRM00040831,2007-03-02,TMAX,208
IRM00040800,2011-09-26,TMAX,324
IRM00040798,2015-07-22,TMIN,115
IRM00040800,2010-03-01,TMAX,170
IRM00040798,2015-10-14,TMIN,-15
IRM00040798,2011-07-31,TMAX,326
IRM00040798,2015-07-22,TMAX,293
IRM00040800,2014-01-17,TMAX,60
IRM00040800,2011-06-09,TMAX,360
IRM00040811,2012-01-06,TMIN,36
IRM00040811,2005-12-16,TMIN,130
IRM00040811,2005-12-16,TMAX,226
IRM00040831,2013-11-13,TMAX,242
IRM00040800,2010-04-21,TMAX,248
IRM00040811,2012-01-06,TMAX,208
IRM00040811,2015-03-14,TMAX,293
IRM00040811,2008-08-03,TMIN,340
IRM00040800,2014-02-02,TMAX,18
IRM00040831,2010-04-19,TMAX,338
IRM00040811,2011-11-27,TMIN,96
IRM00040831,2013-08-23,TMAX,450
IRM00040811,2006-11-29,TMAX,214
IRM00040798,2006-08-09,TMAX,332
IRM00040798,2011-08-01,TMAX,320
IRM00040811,2007-02-13,TMAX,230
IRM00040831,2009-11-22,TMAX,218
IRM00040831,2012-07-23,TMAX,510
IRM00040831,2008-11-17,TMAX,256
IRM00040800,2012-08-08,TMAX,366
IRM00040831,2014-04-26,TMIN,240
IRM00040798,2012-03-09,TMIN,-90
IRM00040811,2011-11-23,TMAX,206
IRM00040811,2011-05-18,TMAX,418
IRM00040811,2014-04-27,TMIN,252
IRM00040798,2012-01-09,TMIN,33
IRM00040811,2011-02-05,TMAX,124
IRM00040798,2011-04-22,TMIN,20
IRM00040800,2013-12-26,TMAX,102
IRM00040798,2012-03-09,TMAX,112
IRM00040798,2009-03-20,TMAX,176
IRM00040800,2007-10-19,TMAX,282
IRM00040831,2007-08-13,TMAX,486
IRM00040831,2008-12-06,TMAX,232
IRM00040831,2013-03-19,TMAX,252
IRM00040811,2007-04-21,TMIN,174
IRM00040811,2013-04-07,TMAX,334
IRM00040798,2013-06-22,TMAX,316
IRM00040798,2007-12-30,TMAX,16
IRM00040798,2011-02-05,TMAX,80
IRM00040811,2011-03-29,TMAX,285
IRM00040800,2013-05-27,TMAX,330
IRM00040798,2010-11-15,TMIN,-52
IRM00040811,2011-03-12,TMAX,266
IRM00040798,2006-02-15,TMAX,112
IRM00040798,2006-02-15,TMIN,36
IRM00040831,2008-05-10,TMAX,364
IRM00040798,2006-12-28,TMAX,40
IRM00040811,2011-03-29,TMIN,138
IRM00040798,2015-04-25,TMAX,201
IRM00040798,2008-10-10,TMIN,32
IRM00040831,2010-07-20,TMIN,316
IRM00040798,2008-10-10,TMAX,254
IRM00040831,2007-05-26,TMIN,270
IRM00040800,2011-10-18,TMAX,292
IRM00040831,2007-05-26,TMAX,460
IRM00040798,2014-02-26,TMAX,140
IRM00040800,2012-06-01,TMAX,356
IRM00040831,2006-09-11,TMAX,440
IRM00040798,2013-11-23,TMAX,104
IRM00040798,2011-04-22,TMAX,224
IRM00040798,2010-05-03,TMAX,180
IRM00040798,2011-06-26,TMIN,106
IRM00040798,2006-04-21,TMIN,20
IRM00040798,2015-10-05,TMAX,284
IRM00040811,2010-08-11,TMIN,304
IRM00040811,2012-06-06,TMIN,276
IRM00040798,2015-07-23,TMAX,283
IRM00040811,2010-01-28,TMAX,140
IRM00040811,2010-06-08,TMIN,316
IRM00040811,2015-10-16,TMAX,380
IRM00040800,2007-12-08,TMAX,160
IRM00040800,2005-11-03,TMAX,222
IRM00040798,2012-07-05,TMIN,116
IRM00040798,2008-03-31,TMIN,26
IRM00040798,2012-05-31,TMIN,62
IRM00040798,2012-05-31,TMAX,302
IRM00040811,2015-01-28,TMAX,244
IRM00040798,2013-03-08,TMAX,72
IRM00040800,2008-02-01,TMAX,50
IRM00040798,2008-03-31,TMAX,232
IRM00040831,2013-05-16,TMIN,270
IRM00040831,2010-02-10,TMAX,216
IRM00040831,2013-04-29,TMAX,368
IRM00040811,2013-08-22,TMIN,276
IRM00040798,2011-09-15,TMIN,68
IRM00040831,2013-04-29,TMIN,210
IRM00040831,2014-02-18,TMAX,206
IRM00040811,2010-09-15,TMIN,286
IRM00040811,2015-01-28,TMIN,138
IRM00040798,2012-07-05,TMAX,356
IRM00040811,2008-02-05,TMAX,182
IRM00040798,2010-08-03,TMAX,284
IRM00040811,2015-09-23,TMIN,256
IRM00040831,2015-09-10,TMAX,450
IRM00040800,2012-04-04,TMAX,212
IRM00040811,2013-11-15,TMIN,144
IRM00040831,2015-09-10,TMIN,290
IRM00040831,2007-09-22,TMAX,420
IRM00040798,2010-04-07,TMIN,20
IRM00040798,2014-04-01,TMAX,133
IRM00040798,2010-10-05,TMAX,278
IRM00040811,2015-10-16,TMIN,250
IRM00040811,2014-04-28,TMIN,256
IRM00040798,2010-10-05,TMIN,42
IRM00040811,2009-10-19,TMIN,198
IRM00040798,2006-11-24,TMAX,60
IRM00040798,2011-07-15,TMAX,346
IRM00040831,2010-07-21,TMIN,320
IRM00040811,2011-07-22,TMAX,462
IRM00040831,2006-08-24,TMIN,300
IRM00040831,2013-09-19,TMAX,444
IRM00040811,2011-07-22,TMIN,306
IRM00040811,2014-06-25,TMIN,280
IRM00040800,2009-08-01,TMAX,396
IRM00040811,2005-04-24,TMIN,220
IRM00040798,2011-08-28,TMIN,90
IRM00040798,2012-05-23,TMAX,196
IRM00040831,2012-05-20,TMAX,466
IRM00040831,2014-12-05,TMAX,246
IRM00040798,2009-02-03,TMAX,66
IRM00040800,2010-03-12,TMAX,260
IRM00040831,2014-05-19,TMAX,430
IRM00040831,2014-11-11,TMAX,264
IRM00040831,2012-05-20,TMIN,276
IRM00040811,2015-07-13,TMAX,458
IRM00040811,2005-04-24,TMAX,392
IRM00040798,2009-01-15,TMAX,28
IRM00040811,2015-07-13,TMIN,298
IRM00040831,2009-02-10,TMIN,144
IRM00040798,2010-09-02,TMAX,316
IRM00040800,2014-05-20,TMAX,278
IRM00040811,2008-03-13,TMAX,314
IRM00040831,2008-04-14,TMIN,188
IRM00040811,2012-04-27,TMIN,188
IRM00040811,2012-06-25,TMIN,290
IRM00040831,2014-12-05,TMIN,108
IRM00040798,2010-02-04,TMAX,92
IRM00040811,2007-12-03,TMAX,206
IRM00040811,2006-05-22,TMIN,256
IRM00040798,2006-03-04,TMAX,150
IRM00040831,2009-02-10,TMAX,242
IRM00040811,2013-12-11,TMAX,142
IRM00040831,2013-05-30,TMIN,246
IRM00040798,2008-07-11,TMIN,130
IRM00040831,2009-02-02,TMAX,212
IRM00040800,2008-04-14,TMAX,232
IRM00040811,2015-07-07,TMAX,486
IRM00040831,2011-07-25,TMAX,486
IRM00040798,2010-08-03,TMIN,104
IRM00040811,2010-07-12,TMAX,464
IRM00040811,2010-06-08,TMAX,440
IRM00040800,2009-08-22,TMAX,380
IRM00040831,2011-07-25,TMIN,322
IRM00040811,2007-09-17,TMIN,248
IRM00040811,2006-05-22,TMAX,400
IRM00040798,2007-06-10,TMIN,94
IRM00040811,2007-09-17,TMAX,435
IRM00040798,2015-08-30,TMAX,331
IRM00040798,2011-08-28,TMAX,302
IRM00040798,2015-08-30,TMIN,109
IRM00040800,2005-12-20,TMAX,130
IRM00040800,2009-11-22,TMAX,120
IRM00040798,2009-01-15,TMIN,-120
IRM00040811,2010-01-31,TMIN,126
IRM00040811,2010-10-13,TMAX,320
IRM00040831,2011-07-03,TMIN,270
IRM00040831,2006-06-22,TMAX,480
IRM00040831,2008-02-13,TMAX,236
IRM00040798,2011-05-17,TMAX,252
IRM00040811,2011-04-21,TMIN,220
IRM00040831,2011-03-30,TMAX,310
IRM00040798,2011-12-18,TMAX,104
IRM00040800,2006-05-21,TMAX,310
IRM00040811,2010-10-08,TMIN,224
IRM00040831,2013-05-30,TMAX,396
IRM00040800,2012-12-30,TMAX,66
IRM00040811,2010-10-08,TMAX,412
IRM00040811,2015-09-06,TMAX,424
IRM00040831,2009-06-25,TMIN,272
IRM00040831,2011-12-31,TMAX,240
IRM00040800,2012-09-22,TMAX,334
IRM00040798,2006-03-04,TMIN,-74
IRM00040798,2010-11-13,TMAX,172
IRM00040798,2010-11-13,TMIN,-50
IRM00040831,2013-07-04,TMAX,452
IRM00040798,2011-05-17,TMIN,58
IRM00040811,2015-09-06,TMIN,308
IRM00040798,2014-02-15,TMAX,112
IRM00040798,2008-03-24,TMAX,232
IRM00040811,2011-04-21,TMAX,376
IRM00040800,2010-06-05,TMAX,344
IRM00040798,2007-11-03,TMAX,194
IRM00040798,2011-09-15,TMAX,312
IRM00040831,2014-08-11,TMAX,456
IRM00040831,2009-06-16,TMAX,462
IRM00040831,2013-07-03,TMIN,260
IRM00040831,2009-06-16,TMIN,280
IRM00040811,2014-10-13,TMIN,246
IRM00040800,2015-12-04,TMAX,180
IRM00040811,2012-06-14,TMAX,460
IRM00040798,2007-11-12,TMIN,-42
IRM00040800,2013-01-31,TMAX,114
IRM00040831,2006-01-28,TMIN,84
IRM00040800,2011-12-07,TMAX,100
IRM00040831,2008-10-16,TMIN,206
IRM00040800,2014-01-23,TMAX,124
IRM00040831,2006-06-22,TMIN,278
IRM00040800,2010-09-03,TMIN,180
IRM00040811,2014-10-13,TMAX,362
IRM00040811,2012-06-14,TMIN,296
IRM00040831,2008-04-14,TMAX,364
IRM00040798,2015-08-20,TMAX,331
IRM00040798,2005-06-27,TMIN,84
IRM00040811,2012-11-01,TMIN,144
IRM00040831,2013-04-28,TMIN,190
IRM00040811,2010-05-23,TMAX,424
IRM00040798,2012-09-07,TMIN,64
IRM00040798,2012-09-07,TMAX,294
IRM00040811,2011-06-14,TMIN,282
IRM00040831,2012-11-03,TMAX,346
IRM00040811,2010-10-13,TMIN,188
IRM00040811,2011-02-17,TMAX,226
IRM00040798,2013-03-08,TMIN,-84
IRM00040811,2013-04-09,TMAX,348
IRM00040800,2011-04-19,TMAX,264
IRM00040831,2006-04-21,TMIN,190
IRM00040811,2009-10-19,TMAX,364
IRM00040798,2007-06-10,TMAX,312
IRM00040811,2009-01-20,TMAX,198
IRM00040811,2013-11-15,TMAX,254
IRM00040798,2010-04-07,TMAX,190
IRM00040811,2015-09-23,TMAX,434
IRM00040831,2011-07-03,TMAX,444
IRM00040831,2006-08-24,TMAX,480
IRM00040798,2005-06-27,TMAX,314
IRM00040798,2013-01-01,TMAX,104
IRM00040811,2011-03-31,TMAX,320
IRM00040811,2008-12-08,TMAX,226
IRM00040831,2010-07-21,TMAX,484
IRM00040831,2011-12-31,TMIN,90
IRM00040800,2014-07-20,TMAX,400
IRM00040831,2008-10-16,TMAX,420
IRM00040800,2009-03-27,TMAX,194
IRM00040811,2009-05-31,TMAX,414
IRM00040811,2012-11-01,TMAX,320
IRM00040811,2014-06-25,TMAX,454
IRM00040811,2010-09-15,TMAX,434
IRM00040798,2014-01-26,TMIN,-180
IRM00040831,2012-04-01,TMIN,150
IRM00040798,2008-07-11,TMAX,350
IRM00040831,2011-04-09,TMAX,360
IRM00040800,2010-02-18,TMAX,224
IRM00040811,2007-10-28,TMAX,366
IRM00040811,2009-05-31,TMIN,260
IRM00040811,2008-10-17,TMAX,370
IRM00040831,2011-04-09,TMIN,200
IRM00040811,2011-03-31,TMIN,164
IRM00040831,2007-10-16,TMAX,390
IRM00040831,2012-04-01,TMAX,306
IRM00040800,2006-08-16,TMAX,336
IRM00040811,2012-01-18,TMIN,56
IRM00040811,2012-06-25,TMAX,432
IRM00040800,2015-08-16,TMAX,366
IRM00040798,2011-02-21,TMAX,74
IRM00040798,2011-09-07,TMIN,54
IRM00040811,2010-03-10,TMAX,330
IRM00040831,2006-12-19,TMAX,154
IRM00040798,2007-05-22,TMAX,246
IRM00040798,2015-05-11,TMAX,236
IRM00040798,2015-05-11,TMIN,46
IRM00040831,2011-07-21,TMAX,480
IRM00040798,2013-05-12,TMIN,60
IRM00040798,2008-06-20,TMAX,334
IRM00040811,2011-09-02,TMIN,284
IRM00040800,2014-05-30,TMAX,330
IRM00040798,2013-12-25,TMAX,82
IRM00040811,2014-03-13,TMAX,232
IRM00040831,2013-06-14,TMIN,280
IRM00040831,2011-02-13,TMIN,30
IRM00040798,2015-11-29,TMAX,153
IRM00040811,2013-04-09,TMIN,196
IRM00040811,2013-08-12,TMIN,266
IRM00040798,2011-03-10,TMAX,126
IRM00040811,2014-03-13,TMIN,128
IRM00040831,2010-05-12,TMIN,270
IRM00040798,2014-11-02,TMIN,37
IRM00040831,2015-03-29,TMIN,162
IRM00040831,2015-03-29,TMAX,296
IRM00040811,2010-03-06,TMAX,260
IRM00040831,2015-08-07,TMIN,288
IRM00040798,2008-04-06,TMIN,-26
IRM00040798,2006-01-04,TMAX,52
IRM00040798,2015-03-03,TMIN,-74
IRM00040831,2007-11-15,TMAX,300
IRM00040798,2011-08-05,TMIN,94
IRM00040811,2007-02-24,TMAX,255
IRM00040811,2011-11-10,TMAX,222
IRM00040800,2009-11-06,TMAX,226
IRM00040800,2013-11-29,TMAX,190
IRM00040798,2010-02-26,TMAX,96
IRM00040831,2011-02-13,TMAX,164
IRM00040811,2015-05-02,TMAX,412
IRM00040798,2010-02-26,TMIN,-16
IRM00040831,2012-02-21,TMAX,188
IRM00040811,2015-05-02,TMIN,230
IRM00040811,2014-02-20,TMIN,96
IRM00040831,2014-05-19,TMIN,268
IRM00040811,2011-11-21,TMAX,226
IRM00040798,2014-11-02,TMAX,134
IRM00040811,2012-05-10,TMIN,244
IRM00040800,2010-10-24,TMAX,260
IRM00040800,2010-09-20,TMAX,302
IRM00040798,2010-01-04,TMAX,134
IRM00040798,2015-06-24,TMAX,362
IRM00040798,2012-04-01,TMAX,148
IRM00040800,2014-06-11,TMAX,372
IRM00040798,2011-01-15,TMIN,-70
IRM00040831,2010-01-16,TMAX,248
IRM00040800,2010-11-30,TMAX,176
IRM00040800,2014-05-23,TMAX,306
IRM00040798,2014-08-04,TMAX,340
IRM00040811,2008-01-01,TMIN,118
IRM00040798,2015-06-24,TMIN,129
IRM00040811,2013-02-08,TMAX,240
IRM00040831,2015-08-17,TMAX,486
IRM00040831,2009-07-10,TMAX,460
IRM00040831,2015-08-17,TMIN,310
IRM00040800,2008-08-31,TMAX,350
IRM00040831,2015-11-26,TMAX,270
IRM00040800,2010-10-04,TMAX,318
IRM00040811,2010-01-28,TMIN,30
IRM00040831,2005-03-31,TMAX,316
IRM00040811,2012-06-06,TMAX,474
IRM00040831,2010-03-18,TMAX,336
IRM00040831,2013-08-01,TMIN,250
IRM00040811,2013-05-08,TMIN,230
IRM00040798,2015-08-20,TMIN,84
IRM00040798,2011-03-10,TMIN,32
IRM00040798,2013-03-30,TMAX,180
IRM00040811,2015-09-28,TMAX,426
IRM00040811,2015-09-28,TMIN,246
IRM00040831,2009-08-19,TMIN,280
IRM00040811,2012-05-10,TMAX,430
IRM00040811,2015-05-08,TMAX,372
IRM00040811,2014-03-29,TMIN,140
IRM00040811,2015-05-08,TMIN,240
IRM00040811,2009-01-15,TMIN,50
IRM00040798,2012-01-19,TMIN,-128
IRM00040798,2014-11-28,TMAX,45
IRM00040811,2009-01-15,TMAX,200
IRM00040798,2012-01-19,TMAX,88
IRM00040831,2005-05-22,TMAX,414
IRM00040831,2005-05-22,TMIN,246
IRM00040798,2013-05-12,TMAX,242
IRM00040811,2011-06-14,TMAX,410
IRM00040831,2013-02-01,TMAX,202
IRM00040798,2006-07-07,TMAX,370
IRM00040798,2006-07-07,TMIN,140
IRM00040811,2014-09-08,TMIN,260
IRM00040800,2012-11-24,TMAX,100
IRM00040798,2015-05-25,TMAX,271
IRM00040798,2012-07-02,TMIN,102
IRM00040798,2007-04-05,TMAX,154
IRM00040798,2015-01-04,TMAX,127
IRM00040831,2010-10-17,TMIN,204
IRM00040811,2015-05-18,TMAX,420
IRM00040811,2007-07-12,TMIN,306
IRM00040811,2007-07-12,TMAX,476
IRM00040831,2008-11-20,TMAX,274
IRM00040831,2005-11-02,TMIN,158
IRM00040800,2006-11-07,TMAX,268
IRM00040800,2007-06-21,TMAX,372
IRM00040831,2013-06-14,TMAX,466
IRM00040811,2006-09-01,TMAX,462
IRM00040798,2013-06-04,TMIN,54
IRM00040831,2013-07-19,TMIN,308
IRM00040798,2013-12-10,TMAX,64
IRM00040800,2006-06-19,TMAX,360
IRM00040811,2006-12-08,TMAX,152
IRM00040831,2010-07-27,TMAX,470
IRM00040811,2011-12-29,TMAX,184
IRM00040811,2009-03-12,TMAX,290
IRM00040811,2010-05-23,TMIN,220
IRM00040831,2006-03-01,TMAX,298
IRM00040831,2013-07-03,TMAX,434
IRM00040798,2013-06-04,TMAX,302
IRM00040811,2012-04-27,TMAX,368
IRM00040831,2009-07-22,TMAX,466
IRM00040831,2009-07-22,TMIN,288
IRM00040831,2013-07-02,TMAX,466
IRM00040800,2009-07-29,TMIN,202
IRM00040800,2006-01-20,TMAX,62
IRM00040800,2014-04-17,TMAX,248
IRM00040811,2005-10-31,TMAX,354
IRM00040831,2010-12-27,TMAX,206
IRM00040811,2012-03-18,TMIN,88
IRM00040811,2012-03-18,TMAX,154
IRM00040831,2005-06-27,TMAX,446
IRM00040798,2015-10-21,TMIN,0
IRM00040798,2015-10-21,TMAX,231
IRM00040831,2012-03-30,TMAX,294
IRM00040831,2008-05-26,TMAX,434
IRM00040831,2011-03-16,TMAX,230
IRM00040831,2012-09-19,TMAX,428
IRM00040831,2005-11-02,TMAX,316
IRM00040831,2011-03-16,TMIN,106
IRM00040798,2014-01-26,TMAX,34
IRM00040811,2013-12-07,TMAX,206
IRM00040811,2011-08-15,TMAX,456
IRM00040811,2011-08-15,TMIN,294
IRM00040831,2013-06-28,TMIN,300
IRM00040831,2008-11-20,TMIN,106
IRM00040811,2014-10-23,TMIN,150
IRM00040831,2011-12-05,TMIN,20
IRM00040800,2013-10-23,TMAX,210
IRM00040831,2010-05-12,TMAX,408
IRM00040800,2011-01-09,TMAX,104
IRM00040811,2007-09-02,TMAX,450
IRM00040811,2007-09-02,TMIN,264
IRM00040800,2010-06-20,TMAX,376
IRM00040831,2011-12-05,TMAX,186
IRM00040798,2007-05-22,TMIN,58
IRM00040811,2005-09-03,TMAX,458
IRM00040811,2011-01-10,TMAX,164
IRM00040831,2009-02-27,TMAX,290
IRM00040811,2005-01-09,TMIN,98
IRM00040798,2008-04-06,TMAX,220
IRM00040811,2007-02-28,TMIN,126
IRM00040800,2012-02-14,TMAX,110
IRM00040811,2012-05-15,TMAX,396
IRM00040800,2006-04-20,TMAX,256
IRM00040798,2015-03-03,TMAX,128
IRM00040831,2009-02-27,TMIN,160
IRM00040798,2015-08-27,TMAX,324
IRM00040798,2007-09-22,TMAX,284
IRM00040811,2014-10-23,TMAX,312
IRM00040811,2011-12-29,TMIN,48
IRM00040811,2015-05-21,TMIN,218
IRM00040831,2008-03-04,TMAX,230
IRM00040831,2009-07-13,TMIN,346
IRM00040800,2009-12-24,TMAX,134
IRM00040811,2007-07-29,TMAX,480
IRM00040798,2006-01-04,TMIN,-100
IRM00040798,2012-12-04,TMAX,114
IRM00040831,2014-10-19,TMAX,346
IRM00040831,2009-08-15,TMAX,476
IRM00040798,2012-12-04,TMIN,-80
IRM00040798,2011-01-22,TMAX,46
IRM00040798,2005-05-22,TMAX,240
IRM00040798,2005-05-22,TMIN,60
IRM00040831,2015-09-12,TMAX,442
IRM00040831,2012-03-30,TMIN,180
IRM00040831,2007-09-10,TMAX,446
IRM00040811,2012-01-10,TMAX,206
IRM00040831,2010-01-26,TMAX,186
IRM00040831,2015-09-12,TMIN,280
IRM00040831,2015-08-07,TMAX,490
IRM00040798,2007-09-22,TMIN,60
IRM00040831,2012-01-17,TMIN,38
IRM00040798,2013-06-11,TMAX,314
IRM00040800,2015-03-29,TMAX,204
IRM00040800,2013-03-04,TMAX,224
IRM00040831,2012-02-02,TMAX,174
IRM00040811,2014-11-10,TMIN,96
IRM00040798,2008-03-01,TMIN,-50
IRM00040831,2011-06-11,TMAX,442
IRM00040798,2012-03-24,TMIN,-98
IRM00040798,2011-07-07,TMAX,362
IRM00040831,2006-07-26,TMAX,484
IRM00040811,2013-10-20,TMIN,184
IRM00040811,2014-11-10,TMAX,274
IRM00040831,2010-11-25,TMAX,262
IRM00040798,2007-07-09,TMAX,340
IRM00040798,2014-09-17,TMAX,284
IRM00040831,2010-07-28,TMAX,478
IRM00040831,2008-02-02,TMAX,152
IRM00040831,2010-11-25,TMIN,96
IRM00040800,2014-09-10,TMAX,354
IRM00040831,2009-06-20,TMAX,442
IRM00040798,2007-07-09,TMIN,144
IRM00040800,2010-11-01,TMAX,244
IRM00040798,2008-08-20,TMAX,310
IRM00040831,2013-09-10,TMAX,448
IRM00040798,2010-10-06,TMIN,26
IRM00040800,2005-02-20,TMAX,198
IRM00040811,2010-11-22,TMAX,268
IRM00040811,2011-05-05,TMIN,226
IRM00040811,2010-11-22,TMIN,98
IRM00040831,2007-05-24,TMIN,246
IRM00040811,2005-12-31,TMAX,182
IRM00040831,2007-05-24,TMAX,430
IRM00040798,2008-03-01,TMAX,168
IRM00040798,2013-08-11,TMAX,314
IRM00040800,2009-12-28,TMAX,130
IRM00040831,2006-05-08,TMIN,268
IRM00040811,2012-02-06,TMAX,204
IRM00040831,2012-08-07,TMAX,464
IRM00040811,2008-12-05,TMAX,250
IRM00040800,2010-04-27,TMAX,274
IRM00040831,2013-09-10,TMIN,226
IRM00040831,2008-02-03,TMAX,136
IRM00040800,2014-09-28,TMAX,328
IRM00040798,2009-01-04,TMAX,92
IRM00040811,2009-03-25,TMAX,258
IRM00040811,2011-06-20,TMAX,482
IRM00040798,2012-03-24,TMAX,142
IRM00040831,2007-03-05,TMAX,276
IRM00040800,2010-11-27,TMAX,184
IRM00040800,2013-02-14,TMAX,130
IRM00040811,2011-06-20,TMIN,308
IRM00040831,2013-02-04,TMAX,204
IRM00040798,2011-10-02,TMAX,246
IRM00040811,2014-05-17,TMAX,404
IRM00040800,2007-07-25,TMAX,356
IRM00040800,2008-11-17,TMIN,-10
IRM00040798,2014-06-13,TMAX,260
IRM00040798,2014-06-13,TMIN,95
IRM00040811,2014-05-17,TMIN,240
IRM00040800,2015-07-20,TMAX,316
IRM00040831,2005-12-07,TMIN,120
IRM00040800,2014-02-22,TMAX,182
IRM00040831,2015-06-12,TMIN,290
IRM00040800,2010-10-14,TMAX,272
IRM00040831,2010-07-18,TMAX,482
IRM00040800,2013-10-17,TMAX,242
IRM00040811,2011-12-13,TMIN,50
IRM00040800,2009-10-12,TMAX,264
IRM00040831,2015-02-14,TMIN,100
IRM00040798,2014-01-12,TMAX,20
IRM00040811,2008-03-15,TMAX,286
IRM00040831,2007-08-16,TMAX,464
IRM00040811,2010-02-24,TMAX,224
IRM00040831,2009-05-11,TMAX,386
IRM00040798,2011-07-02,TMIN,150
IRM00040831,2009-06-27,TMIN,282
IRM00040831,2009-06-20,TMIN,288
IRM00040831,2007-03-05,TMIN,110
IRM00040800,2009-09-08,TMAX,334
IRM00040798,2008-07-25,TMAX,336
IRM00040798,2008-07-25,TMIN,98
IRM00040798,2011-05-22,TMIN,40
IRM00040811,2006-01-13,TMIN,108
IRM00040811,2007-03-13,TMIN,128
IRM00040811,2014-11-01,TMAX,308
IRM00040811,2007-03-13,TMAX,284
IRM00040811,2013-10-20,TMAX,354
IRM00040800,2013-08-10,TMAX,374
IRM00040800,2005-09-23,TMAX,332
IRM00040798,2008-12-22,TMIN,-22
IRM00040798,2011-09-22,TMAX,262
IRM00040811,2011-12-13,TMAX,176
IRM00040798,2007-12-27,TMAX,10
IRM00040811,2010-02-24,TMIN,140
IRM00040811,2013-04-06,TMAX,278
IRM00040798,2010-03-04,TMIN,-32
IRM00040800,2015-08-20,TMAX,372
IRM00040800,2010-03-30,TMAX,204
IRM00040811,2012-02-06,TMIN,58
IRM00040831,2014-10-22,TMIN,156
IRM00040811,2008-04-22,TMAX,372
IRM00040798,2010-09-12,TMAX,302
IRM00040798,2008-08-14,TMIN,84
IRM00040798,2013-02-11,TMAX,146
IRM00040798,2006-12-03,TMIN,-30
IRM00040831,2011-06-07,TMIN,304
IRM00040798,2011-11-28,TMAX,88
IRM00040798,2013-02-11,TMIN,-68
IRM00040831,2009-06-10,TMAX,464
IRM00040798,2009-04-13,TMAX,156
IRM00040798,2011-12-30,TMIN,-124
IRM00040811,2007-03-21,TMIN,126
IRM00040811,2007-03-21,TMAX,260
IRM00040831,2011-06-07,TMAX,492
IRM00040831,2009-12-09,TMIN,108
IRM00040798,2011-11-28,TMIN,-88
IRM00040800,2011-12-21,TMAX,100
IRM00040798,2007-06-07,TMIN,74
IRM00040800,2009-02-22,TMAX,144
IRM00040811,2010-06-03,TMAX,464
IRM00040831,2009-05-08,TMAX,376
IRM00040800,2010-06-16,TMIN,200
IRM00040800,2007-05-31,TMAX,304
IRM00040831,2012-02-23,TMAX,202
IRM00040798,2008-07-27,TMIN,180
IRM00040831,2009-05-06,TMAX,422
IRM00040811,2009-02-26,TMAX,266
IRM00040811,2007-08-04,TMIN,330
IRM00040811,2007-08-04,TMAX,466
IRM00040798,2006-05-08,TMAX,264
IRM00040798,2006-05-08,TMIN,48
IRM00040798,2012-10-01,TMIN,30
IRM00040831,2015-05-17,TMAX,396
IRM00040831,2015-05-17,TMIN,216
IRM00040798,2012-10-01,TMAX,242
IRM00040831,2015-02-14,TMAX,250
IRM00040798,2008-12-02,TMAX,60
IRM00040831,2014-07-18,TMIN,320
IRM00040798,2013-01-04,TMAX,78
IRM00040798,2014-11-15,TMIN,-53
IRM00040798,2014-11-15,TMAX,172
IRM00040798,2008-01-07,TMAX,-66
IRM00040811,2010-06-03,TMIN,280
IRM00040798,2012-02-04,TMAX,54
IRM00040831,2012-02-23,TMIN,70
IRM00040798,2012-03-25,TMIN,-124
IRM00040798,2013-10-20,TMIN,54
IRM00040831,2014-05-08,TMAX,418
IRM00040798,2013-09-11,TMAX,310
IRM00040811,2008-04-22,TMIN,186
IRM00040831,2012-12-13,TMAX,190
IRM00040800,2011-11-25,TMAX,108
IRM00040798,2010-10-06,TMAX,256
IRM00040800,2006-04-07,TMAX,164
IRM00040831,2015-01-16,TMIN,88
IRM00040800,2008-04-10,TMAX,216
IRM00040811,2005-12-31,TMIN,48
IRM00040798,2008-01-31,TMAX,26
IRM00040831,2010-10-21,TMAX,398
IRM00040798,2008-04-24,TMIN,32
IRM00040800,2010-06-08,TMIN,166
IRM00040798,2013-08-11,TMIN,64
IRM00040798,2009-01-04,TMIN,-110
IRM00040811,2009-11-04,TMIN,180
IRM00040831,2014-10-22,TMAX,288
IRM00040811,2009-11-04,TMAX,276
IRM00040811,2011-04-13,TMAX,256
IRM00040798,2008-09-03,TMAX,310
IRM00040800,2013-02-04,TMAX,134
IRM00040798,2008-04-24,TMAX,250
IRM00040811,2013-10-13,TMAX,344
IRM00040800,2006-04-23,TMAX,280
IRM00040798,2011-01-03,TMAX,106
IRM00040798,2012-02-04,TMIN,-106
IRM00040798,2012-03-25,TMAX,152
IRM00040831,2007-01-30,TMAX,174
IRM00040798,2011-12-30,TMAX,86
IRM00040811,2009-08-04,TMIN,280
IRM00040798,2011-01-03,TMIN,-120
IRM00040800,2015-09-22,TMAX,304
IRM00040831,2015-07-28,TMIN,288
IRM00040831,2012-02-28,TMIN,80
IRM00040831,2012-02-29,TMAX,250
IRM00040831,2009-08-12,TMIN,290
IRM00040831,2009-08-12,TMAX,448
IRM00040811,2014-02-17,TMAX,202
IRM00040831,2010-02-08,TMAX,176
IRM00040831,2015-07-28,TMAX,492
IRM00040800,2012-03-22,TMAX,174
IRM00040811,2015-12-05,TMAX,164
IRM00040831,2012-02-28,TMAX,228
IRM00040831,2009-01-21,TMIN,80
IRM00040798,2013-03-22,TMAX,156
IRM00040811,2013-10-13,TMIN,130
IRM00040831,2009-12-09,TMAX,192
IRM00040811,2007-08-09,TMAX,438
IRM00040811,2013-08-31,TMAX,442
IRM00040798,2007-08-17,TMAX,330
IRM00040811,2015-04-08,TMAX,356
IRM00040831,2010-09-25,TMIN,270
IRM00040800,2011-02-25,TMAX,170
IRM00040811,2015-04-08,TMIN,214
IRM00040800,2012-04-12,TMAX,266
IRM00040831,2011-05-20,TMAX,446
IRM00040800,2012-04-12,TMIN,116
IRM00040798,2012-05-14,TMIN,88
IRM00040798,2011-08-30,TMAX,254
IRM00040800,2013-12-24,TMAX,74
IRM00040800,2008-04-28,TMAX,302
IRM00040798,2012-05-14,TMAX,252
IRM00040800,2010-06-11,TMAX,368
IRM00040800,2011-10-13,TMAX,292
IRM00040798,2014-09-17,TMIN,56
IRM00040811,2006-05-02,TMIN,245
IRM00040800,2012-11-23,TMAX,94
IRM00040811,2010-11-18,TMIN,116
IRM00040800,2015-05-20,TMAX,330
IRM00040811,2006-05-02,TMAX,358
IRM00040831,2007-06-24,TMAX,450
IRM00040811,2013-03-12,TMAX,260
IRM00040831,2007-06-24,TMIN,280
IRM00040831,2009-01-21,TMAX,190
IRM00040800,2011-09-13,TMAX,332
IRM00040831,2012-11-12,TMAX,340
IRM00040800,2015-08-03,TMAX,346
IRM00040798,2008-09-11,TMAX,264
IRM00040800,2011-07-15,TMAX,362
IRM00040811,2014-11-30,TMIN,86
IRM00040831,2010-12-17,TMAX,262
IRM00040811,2006-11-09,TMAX,220
IRM00040831,2012-06-23,TMAX,470
IRM00040831,2010-09-23,TMAX,442
IRM00040798,2009-07-25,TMAX,368
IRM00040798,2013-11-24,TMAX,92
IRM00040800,2009-03-08,TMAX,222
IRM00040831,2010-09-25,TMAX,440
IRM00040800,2013-09-12,TMAX,344
IRM00040831,2013-06-04,TMAX,462
IRM00040798,2013-11-24,TMIN,-32
IRM00040811,2013-05-12,TMAX,396
IRM00040811,2006-11-09,TMIN,120
IRM00040798,2013-02-06,TMAX,154
IRM00040800,2013-03-20,TMAX,184
IRM00040831,2008-01-26,TMAX,144
IRM00040800,2010-01-23,TMAX,136
IRM00040798,2013-02-06,TMIN,-76
IRM00040798,2010-07-16,TMAX,344
IRM00040831,2014-09-03,TMAX,480
IRM00040798,2011-06-24,TMIN,114
IRM00040798,2009-05-06,TMIN,68
IRM00040831,2010-12-22,TMAX,218
IRM00040798,2007-06-11,TMAX,318
IRM00040831,2006-02-01,TMIN,82
IRM00040811,2013-08-18,TMAX,460
IRM00040798,2009-05-06,TMAX,214
IRM00040831,2006-02-01,TMAX,154
IRM00040800,2011-12-13,TMAX,100
IRM00040798,2008-09-12,TMIN,36
IRM00040831,2005-06-20,TMAX,446
IRM00040811,2010-11-18,TMAX,302
IRM00040811,2007-09-11,TMIN,268
IRM00040798,2007-03-21,TMAX,100
IRM00040800,2007-01-19,TMAX,52
IRM00040831,2015-10-24,TMAX,352
IRM00040811,2013-08-18,TMIN,298
IRM00040831,2011-01-22,TMAX,194
IRM00040831,2006-07-04,TMAX,454
IRM00040811,2007-09-11,TMAX,432
IRM00040831,2015-10-16,TMAX,380
IRM00040831,2005-06-20,TMIN,284
IRM00040811,2012-06-30,TMAX,454
IRM00040811,2009-04-06,TMIN,172
IRM00040811,2011-12-28,TMAX,174
IRM00040798,2011-06-24,TMAX,318
IRM00040811,2011-12-28,TMIN,66
IRM00040798,2009-10-21,TMAX,204
IRM00040798,2012-10-14,TMAX,234
IRM00040831,2012-06-23,TMIN,296
IRM00040800,2007-02-11,TMAX,130
IRM00040811,2009-04-06,TMAX,304
IRM00040811,2013-10-24,TMAX,324
IRM00040831,2012-04-07,TMAX,334
IRM00040831,2012-04-07,TMIN,194
IRM00040798,2008-04-04,TMAX,168
IRM00040811,2014-12-08,TMIN,98
IRM00040798,2011-08-30,TMIN,94
IRM00040798,2005-09-23,TMAX,290
IRM00040811,2012-06-30,TMIN,302
IRM00040831,2014-09-03,TMIN,276
IRM00040798,2005-09-23,TMIN,58
IRM00040811,2007-07-02,TMAX,462
IRM00040800,2015-09-05,TMAX,336
IRM00040811,2007-10-14,TMAX,380
IRM00040800,2011-03-16,TMAX,136
IRM00040798,2009-07-25,TMIN,98
IRM00040798,2014-03-03,TMIN,-47
IRM00040798,2010-10-15,TMAX,258
IRM00040831,2008-01-03,TMAX,200
IRM00040831,2008-01-03,TMIN,100
IRM00040831,2010-11-17,TMAX,314
IRM00040811,2005-09-14,TMIN,250
IRM00040811,2006-03-28,TMIN,180
IRM00040800,2015-11-05,TMAX,190
IRM00040800,2009-06-06,TMAX,336
IRM00040798,2012-08-18,TMAX,328
IRM00040831,2013-05-21,TMAX,388
IRM00040811,2011-12-11,TMAX,166
IRM00040798,2010-10-15,TMIN,14
IRM00040811,2015-09-20,TMAX,432
IRM00040831,2012-11-12,TMIN,214
IRM00040798,2011-12-15,TMAX,140
IRM00040811,2012-11-16,TMIN,134
IRM00040800,2015-08-22,TMAX,370
IRM00040798,2010-02-08,TMIN,-142
IRM00040798,2010-02-08,TMAX,54
IRM00040811,2009-07-21,TMIN,308
IRM00040811,2012-11-16,TMAX,250
IRM00040831,2012-01-04,TMAX,192
IRM00040811,2015-08-18,TMAX,474
IRM00040798,2012-02-23,TMAX,54
IRM00040831,2012-06-07,TMIN,270
IRM00040831,2015-06-12,TMAX,446
IRM00040798,2011-07-02,TMAX,356
IRM00040811,2005-09-14,TMAX,426
IRM00040800,2007-04-27,TMAX,260
IRM00040800,2008-12-01,TMAX,118
IRM00040798,2007-08-17,TMIN,102
IRM00040798,2008-09-03,TMIN,92
IRM00040798,2015-06-15,TMAX,336
IRM00040800,2014-09-18,TMAX,340
IRM00040831,2012-06-07,TMAX,474
IRM00040798,2007-11-10,TMAX,202
IRM00040798,2007-11-10,TMIN,-34
IRM00040800,2011-07-25,TMAX,378
IRM00040831,2010-04-17,TMAX,308
IRM00040811,2010-09-06,TMAX,454
IRM00040798,2015-05-12,TMIN,34
IRM00040811,2010-09-06,TMIN,270
IRM00040798,2015-05-12,TMAX,250
IRM00040831,2009-03-09,TMIN,160
IRM00040798,2012-02-23,TMIN,-124
IRM00040831,2009-03-09,TMAX,300
IRM00040831,2009-11-04,TMAX,288
IRM00040811,2007-03-10,TMAX,268
IRM00040811,2006-05-26,TMAX,412
IRM00040811,2014-03-30,TMAX,276
IRM00040811,2007-01-01,TMAX,136
IRM00040831,2008-09-11,TMIN,280
IRM00040800,2014-02-03,TMAX,-8
IRM00040800,2011-03-11,TMAX,188
IRM00040831,2011-04-18,TMIN,192
IRM00040831,2011-04-18,TMAX,374
IRM00040811,2014-11-30,TMAX,176
IRM00040800,2008-12-12,TMAX,134
IRM00040800,2012-12-01,TMAX,114
IRM00040798,2008-12-22,TMAX,150
IRM00040811,2009-05-24,TMAX,452
IRM00040811,2006-06-14,TMIN,276
IRM00040811,2006-06-14,TMAX,460
IRM00040798,2011-12-15,TMIN,-84
IRM00040800,2006-05-08,TMAX,306
IRM00040831,2005-11-19,TMAX,224
IRM00040798,2010-01-09,TMIN,-86
IRM00040798,2014-03-03,TMAX,134
IRM00040811,2013-05-17,TMIN,234
IRM00040798,2005-12-16,TMAX,130
IRM00040831,2008-09-11,TMAX,428
IRM00040831,2013-06-22,TMAX,456
IRM00040798,2015-03-22,TMAX,151
IRM00040811,2007-03-23,TMAX,276
IRM00040811,2012-05-23,TMAX,340
IRM00040811,2012-05-23,TMIN,266
IRM00040831,2006-02-27,TMIN,118
IRM00040811,2007-03-23,TMIN,140
IRM00040800,2011-09-30,TMAX,314
IRM00040811,2006-03-28,TMAX,286
IRM00040811,2010-08-17,TMAX,470
IRM00040798,2015-05-13,TMAX,263
IRM00040811,2009-03-14,TMIN,164
IRM00040798,2008-06-21,TMAX,316
IRM00040798,2008-06-21,TMIN,92
IRM00040798,2015-03-17,TMAX,162
IRM00040811,2009-03-14,TMAX,312
IRM00040798,2015-03-22,TMIN,49
IRM00040800,2009-11-15,TMAX,194
IRM00040811,2009-07-21,TMAX,444
IRM00040831,2006-06-16,TMAX,460
IRM00040831,2006-06-16,TMIN,258
IRM00040831,2011-10-02,TMAX,386
IRM00040800,2013-07-24,TMAX,414
IRM00040811,2007-03-10,TMIN,140
IRM00040811,2008-09-12,TMAX,416
IRM00040798,2014-10-04,TMAX,260
IRM00040831,2009-05-06,TMIN,268
IRM00040831,2014-08-21,TMAX,492
IRM00040798,2008-03-22,TMIN,-46
IRM00040800,2015-08-24,TMAX,374
IRM00040811,2007-11-22,TMAX,276
IRM00040831,2009-12-29,TMAX,214
IRM00040831,2007-05-28,TMIN,276
IRM00040831,2007-05-28,TMAX,430
IRM00040831,2014-08-21,TMIN,290
IRM00040811,2012-09-05,TMAX,420
IRM00040800,2015-12-16,TMAX,100
IRM00040800,2005-03-30,TMAX,232
IRM00040800,2010-05-19,TMAX,334
IRM00040811,2015-05-22,TMAX,448
IRM00040800,2014-01-03,TMAX,76
IRM00040831,2006-04-20,TMAX,354
IRM00040811,2009-09-11,TMAX,404
IRM00040811,2009-09-11,TMIN,276
IRM00040811,2009-10-22,TMIN,180
IRM00040811,2012-09-20,TMAX,426
IRM00040798,2005-05-30,TMIN,40
IRM00040800,2008-12-30,TMAX,138
IRM00040800,2014-09-27,TMAX,322
IRM00040831,2011-09-20,TMAX,444
IRM00040800,2010-02-08,TMAX,66
IRM00040800,2008-07-16,TMAX,394
IRM00040811,2008-08-13,TMIN,310
IRM00040811,2005-11-06,TMAX,262
IRM00040798,2008-03-22,TMAX,214
IRM00040811,2007-07-20,TMAX,450
IRM00040811,2007-07-20,TMIN,300
IRM00040831,2013-07-20,TMAX,450
IRM00040811,2013-05-17,TMAX,344
IRM00040831,2008-05-30,TMAX,420
IRM00040798,2008-11-21,TMAX,110
IRM00040811,2008-12-07,TMAX,224
IRM00040800,2012-12-10,TMAX,142
IRM00040831,2007-02-01,TMAX,208
IRM00040798,2009-06-14,TMIN,80
IRM00040831,2012-06-20,TMAX,436
IRM00040798,2015-07-14,TMIN,106
IRM00040800,2005-10-23,TMAX,210
IRM00040831,2009-04-04,TMAX,234
IRM00040811,2011-04-09,TMAX,342
IRM00040831,2012-08-07,TMIN,282
IRM00040831,2007-01-19,TMIN,30
IRM00040798,2014-03-30,TMAX,121
IRM00040831,2014-03-17,TMIN,120
IRM00040798,2009-12-07,TMIN,0
IRM00040798,2005-10-21,TMAX,206
IRM00040831,2014-10-12,TMIN,216
IRM00040800,2011-06-02,TMAX,348
IRM00040831,2014-10-12,TMAX,404
IRM00040798,2008-07-09,TMAX,328
IRM00040831,2010-06-18,TMAX,460
IRM00040800,2009-11-13,TMAX,194
IRM00040831,2010-06-18,TMIN,306
IRM00040831,2010-02-15,TMAX,286
IRM00040800,2014-08-06,TMAX,400
IRM00040811,2009-02-22,TMAX,214
IRM00040798,2013-05-31,TMIN,4
IRM00040811,2007-12-30,TMAX,144
IRM00040831,2012-10-21,TMIN,230
IRM00040798,2014-01-10,TMAX,-80
IRM00040831,2012-10-21,TMAX,340
IRM00040831,2014-05-04,TMAX,368
IRM00040811,2013-11-21,TMAX,226
IRM00040831,2008-04-03,TMAX,312
IRM00040831,2014-09-19,TMAX,416
IRM00040831,2014-09-19,TMIN,238
IRM00040798,2014-01-10,TMIN,-280
IRM00040811,2006-07-21,TMIN,298
IRM00040800,2012-12-27,TMAX,60
IRM00040831,2015-03-28,TMAX,298
IRM00040831,2006-04-20,TMIN,200
IRM00040798,2011-04-29,TMAX,240
IRM00040831,2013-12-12,TMAX,224
IRM00040798,2005-11-27,TMAX,170
IRM00040800,2013-03-19,TMAX,200
IRM00040811,2009-05-12,TMAX,366
IRM00040798,2008-07-09,TMIN,108
IRM00040800,2012-07-14,TMAX,402
IRM00040798,2011-11-10,TMAX,130
IRM00040831,2010-05-23,TMAX,420
IRM00040798,2011-11-10,TMIN,-84
IRM00040798,2011-02-26,TMIN,-58
IRM00040798,2013-10-20,TMAX,234
IRM00040800,2007-01-29,TMAX,154
IRM00040831,2005-09-09,TMAX,426
IRM00040811,2007-12-09,TMAX,194
IRM00040798,2006-08-04,TMAX,378
IRM00040831,2015-08-01,TMAX,476
IRM00040831,2015-08-27,TMAX,480
IRM00040811,2009-03-24,TMAX,302
IRM00040800,2009-08-29,TMAX,354
IRM00040798,2006-08-04,TMIN,132
IRM00040831,2009-04-27,TMAX,338
IRM00040800,2011-01-30,TMAX,154
IRM00040811,2011-09-22,TMAX,396
IRM00040811,2014-01-09,TMIN,66
IRM00040831,2006-10-01,TMAX,400
IRM00040800,2008-11-17,TMAX,126
IRM00040811,2006-01-08,TMAX,204
IRM00040811,2014-07-26,TMAX,470
IRM00040798,2008-04-25,TMAX,262
IRM00040800,2013-01-07,TMAX,130
IRM00040831,2005-03-28,TMIN,120
IRM00040798,2008-02-25,TMAX,170
IRM00040798,2014-09-21,TMIN,54
IRM00040811,2009-04-05,TMAX,282
IRM00040811,2006-04-18,TMAX,322
IRM00040811,2014-01-14,TMAX,130
IRM00040800,2006-04-09,TMAX,204
IRM00040811,2007-07-15,TMAX,458
IRM00040811,2010-07-09,TMIN,308
IRM00040811,2008-11-02,TMIN,148
IRM00040798,2006-06-24,TMIN,84
IRM00040798,2006-06-24,TMAX,318
IRM00040811,2012-08-21,TMAX,484
IRM00040798,2015-11-02,TMAX,153
IRM00040800,2009-09-04,TMIN,166
IRM00040831,2006-01-25,TMIN,160
IRM00040798,2008-04-25,TMIN,20
IRM00040800,2007-09-12,TMAX,320
IRM00040831,2007-04-13,TMIN,166
IRM00040831,2009-04-27,TMIN,250
IRM00040811,2015-05-06,TMIN,244
IRM00040800,2005-08-26,TMAX,364
IRM00040831,2013-06-30,TMAX,472
IRM00040800,2012-05-25,TMAX,318
IRM00040811,2010-11-07,TMIN,134
IRM00040831,2009-05-14,TMAX,396
IRM00040831,2014-03-17,TMAX,250
IRM00040831,2009-05-14,TMIN,260
IRM00040811,2014-01-09,TMAX,124
IRM00040811,2009-05-16,TMAX,360
IRM00040798,2009-07-28,TMIN,104
IRM00040800,2013-09-07,TMAX,350
IRM00040800,2013-07-22,TMAX,404
IRM00040798,2009-07-28,TMAX,354
IRM00040831,2008-10-18,TMIN,196
IRM00040831,2007-09-29,TMAX,390
IRM00040831,2006-01-25,TMAX,202
IRM00040831,2008-10-18,TMAX,374
IRM00040800,2010-03-04,TMAX,140
IRM00040811,2009-10-22,TMAX,352
IRM00040800,2015-08-19,TMAX,380
IRM00040811,2009-10-10,TMIN,228
IRM00040831,2011-03-27,TMAX,280
IRM00040798,2015-08-16,TMAX,331
IRM00040800,2014-10-22,TMAX,226
IRM00040831,2009-03-30,TMAX,174
IRM00040811,2011-05-05,TMAX,366
IRM00040831,2005-12-16,TMAX,252
IRM00040811,2009-01-05,TMAX,140
IRM00040800,2014-07-28,TMAX,410
IRM00040811,2009-05-12,TMIN,256
IRM00040831,2013-10-09,TMAX,314
IRM00040831,2010-02-25,TMAX,260
IRM00040798,2012-04-02,TMAX,166
IRM00040798,2012-04-02,TMIN,-44
IRM00040831,2008-03-30,TMIN,186
IRM00040798,2014-11-16,TMAX,158
IRM00040831,2007-08-04,TMAX,468
IRM00040831,2015-10-13,TMAX,380
IRM00040831,2007-08-04,TMIN,290
IRM00040831,2014-02-11,TMAX,182
IRM00040831,2008-11-18,TMAX,252
IRM00040831,2008-03-30,TMAX,348
IRM00040800,2009-02-04,TMAX,88
IRM00040831,2015-02-02,TMAX,238
IRM00040798,2011-04-29,TMIN,6
IRM00040831,2009-08-25,TMAX,484
IRM00040811,2015-01-25,TMAX,232
IRM00040811,2013-05-28,TMIN,278
IRM00040800,2013-05-20,TMAX,300
IRM00040831,2009-08-25,TMIN,278
IRM00040798,2006-08-07,TMAX,364
IRM00040811,2007-08-08,TMAX,460
IRM00040831,2011-03-27,TMIN,118
IRM00040811,2012-08-21,TMIN,292
IRM00040831,2009-10-16,TMAX,384
IRM00040831,2009-10-16,TMIN,180
IRM00040831,2015-01-15,TMAX,196
IRM00040798,2007-03-05,TMAX,144
IRM00040831,2014-07-03,TMAX,460
IRM00040831,2012-10-15,TMAX,392
IRM00040798,2007-03-05,TMIN,-86
IRM00040798,2015-11-05,TMAX,200
IRM00040831,2009-02-16,TMAX,254
IRM00040831,2014-07-03,TMIN,308
IRM00040831,2009-02-16,TMIN,140
IRM00040800,2014-02-16,TMAX,170
IRM00040811,2009-10-10,TMAX,382
IRM00040831,2006-10-12,TMIN,226
IRM00040811,2006-07-21,TMAX,476
IRM00040831,2009-04-22,TMAX,346
IRM00040800,2006-04-15,TMAX,294
IRM00040831,2013-10-09,TMIN,126
IRM00040798,2014-10-15,TMAX,243
IRM00040811,2008-03-09,TMAX,328
IRM00040831,2008-11-23,TMIN,200
IRM00040800,2015-08-30,TMAX,350
IRM00040800,2009-08-23,TMAX,378
IRM00040831,2015-02-20,TMAX,228
IRM00040811,2014-03-19,TMAX,296
IRM00040798,2012-05-02,TMAX,238
IRM00040811,2008-03-09,TMIN,136
IRM00040800,2010-09-24,TMAX,322
IRM00040798,2009-11-04,TMAX,176
IRM00040811,2014-07-13,TMIN,316
IRM00040811,2014-03-19,TMIN,184
IRM00040798,2007-07-26,TMAX,306
IRM00040798,2009-04-13,TMIN,-4
IRM00040798,2007-10-24,TMIN,18
IRM00040831,2012-09-08,TMIN,260
IRM00040800,2007-11-25,TMAX,178
IRM00040811,2015-03-30,TMIN,184
IRM00040831,2015-06-15,TMAX,454
IRM00040798,2014-06-02,TMIN,62
IRM00040831,2015-06-15,TMIN,280
IRM00040811,2012-04-04,TMAX,312
IRM00040811,2012-04-04,TMIN,198
IRM00040811,2015-02-09,TMIN,178
IRM00040811,2013-04-11,TMAX,332
IRM00040798,2009-10-04,TMAX,266
IRM00040798,2014-12-20,TMAX,123
IRM00040798,2008-03-06,TMAX,164
IRM00040831,2012-10-23,TMIN,250
IRM00040798,2015-12-16,TMAX,30
IRM00040831,2012-10-23,TMAX,358
IRM00040831,2012-10-29,TMAX,312
IRM00040800,2010-12-31,TMAX,56
IRM00040811,2013-01-12,TMIN,34
IRM00040800,2010-10-10,TMAX,296
IRM00040800,2011-02-01,TMAX,116
IRM00040800,2010-04-25,TMAX,256
IRM00040811,2010-05-15,TMAX,398
IRM00040800,2010-11-19,TMAX,182
IRM00040811,2011-06-24,TMAX,464
IRM00040811,2009-07-20,TMIN,316
IRM00040800,2012-11-03,TMAX,218
IRM00040798,2011-09-14,TMIN,44
IRM00040798,2015-04-16,TMAX,145
IRM00040811,2015-03-30,TMAX,314
IRM00040831,2010-12-03,TMAX,268
IRM00040811,2010-03-20,TMIN,146
IRM00040831,2008-03-22,TMIN,158
IRM00040798,2012-01-14,TMAX,64
IRM00040831,2008-03-22,TMAX,354
IRM00040798,2008-08-14,TMAX,322
IRM00040811,2005-07-17,TMIN,310
IRM00040811,2005-07-17,TMAX,504
IRM00040831,2005-07-10,TMIN,304
IRM00040811,2010-03-20,TMAX,214
IRM00040831,2009-01-30,TMAX,200
IRM00040811,2007-12-29,TMAX,184
IRM00040811,2008-06-09,TMAX,418
IRM00040798,2008-09-19,TMAX,288
IRM00040798,2007-10-24,TMAX,206
IRM00040798,2008-07-27,TMAX,332
IRM00040831,2013-10-28,TMAX,274
IRM00040798,2014-10-04,TMIN,40
IRM00040798,2008-09-19,TMIN,68
IRM00040831,2013-04-14,TMAX,352
IRM00040798,2009-03-22,TMAX,170
IRM00040800,2014-12-06,TMAX,154
IRM00040800,2009-03-12,TMAX,222
IRM00040798,2012-03-29,TMAX,176
IRM00040811,2010-11-08,TMAX,324
IRM00040798,2015-04-16,TMIN,78
IRM00040831,2006-11-04,TMAX,296
IRM00040831,2013-06-15,TMAX,444
IRM00040798,2012-11-23,TMAX,74
IRM00040798,2007-07-26,TMIN,156
IRM00040798,2011-09-14,TMAX,310
IRM00040800,2006-03-15,TMAX,220
IRM00040798,2006-06-05,TMAX,276
IRM00040831,2012-09-08,TMAX,454
IRM00040811,2010-07-02,TMIN,296
IRM00040798,2005-03-30,TMAX,196
IRM00040811,2010-12-28,TMAX,224
IRM00040798,2011-05-09,TMAX,210
IRM00040811,2010-07-02,TMAX,474
IRM00040831,2008-11-23,TMAX,282
IRM00040798,2011-08-12,TMIN,92
IRM00040811,2009-02-26,TMIN,116
IRM00040811,2011-12-07,TMAX,214
IRM00040800,2007-10-02,TMAX,250
IRM00040831,2008-04-13,TMAX,334
IRM00040831,2008-03-12,TMAX,308
IRM00040798,2005-03-30,TMIN,-28
IRM00040831,2009-08-09,TMAX,488
IRM00040798,2014-10-15,TMIN,21
IRM00040798,2014-02-13,TMIN,-101
IRM00040831,2006-06-14,TMAX,460
IRM00040811,2009-03-24,TMIN,124
IRM00040811,2014-07-17,TMIN,328
IRM00040831,2015-11-05,TMAX,306
IRM00040798,2015-02-18,TMAX,90
IRM00040831,2015-11-05,TMIN,180
IRM00040798,2006-06-16,TMAX,314
IRM00040831,2008-05-04,TMIN,222
IRM00040831,2012-04-28,TMAX,398
IRM00040831,2006-01-12,TMAX,192
IRM00040800,2009-01-31,TMAX,128
IRM00040831,2005-09-03,TMAX,464
IRM00040800,2013-06-29,TMAX,324
IRM00040831,2010-07-16,TMIN,284
IRM00040831,2006-09-29,TMAX,374
IRM00040798,2006-06-16,TMIN,100
IRM00040831,2006-09-29,TMIN,190
IRM00040831,2010-07-16,TMAX,508
IRM00040798,2013-04-18,TMAX,204
IRM00040798,2014-07-18,TMAX,358
IRM00040811,2014-07-17,TMAX,506
IRM00040811,2014-04-05,TMAX,280
IRM00040798,2006-01-30,TMAX,14
IRM00040811,2008-10-15,TMAX,402
IRM00040798,2008-08-20,TMIN,76
IRM00040811,2009-04-30,TMAX,386
IRM00040798,2015-12-19,TMAX,91
IRM00040831,2015-08-01,TMIN,300
IRM00040800,2013-06-26,TMAX,382
IRM00040811,2012-09-06,TMIN,250
IRM00040798,2011-02-26,TMAX,78
IRM00040800,2012-07-01,TMAX,366
IRM00040798,2005-11-27,TMIN,-42
IRM00040811,2010-06-04,TMIN,276
IRM00040831,2008-09-21,TMAX,438
IRM00040800,2010-08-19,TMAX,364
IRM00040811,2014-05-19,TMAX,414
IRM00040798,2005-12-21,TMIN,-40
IRM00040798,2005-12-21,TMAX,128
IRM00040800,2008-03-08,TMAX,206
IRM00040798,2006-02-27,TMAX,142
IRM00040831,2013-03-11,TMAX,262
IRM00040811,2005-11-16,TMAX,190
IRM00040811,2005-11-16,TMIN,35
IRM00040798,2006-02-27,TMIN,-50
IRM00040798,2012-06-07,TMAX,324
IRM00040811,2013-01-02,TMIN,100
IRM00040811,2005-01-24,TMAX,166
IRM00040798,2015-08-26,TMIN,83
IRM00040811,2010-02-18,TMAX,276
IRM00040798,2014-02-13,TMAX,67
IRM00040831,2008-05-04,TMAX,366
IRM00040811,2012-09-06,TMAX,432
IRM00040811,2010-02-18,TMIN,144
IRM00040800,2011-07-29,TMAX,334
IRM00040811,2010-12-30,TMAX,228
IRM00040798,2007-02-01,TMIN,6
IRM00040798,2007-12-04,TMAX,128
IRM00040811,2007-06-09,TMAX,435
IRM00040798,2007-02-01,TMAX,60
IRM00040800,2006-03-28,TMAX,198
IRM00040811,2007-12-30,TMIN,60
IRM00040800,2005-12-03,TMAX,182
IRM00040831,2013-08-15,TMAX,468
IRM00040798,2008-03-06,TMIN,-104
IRM00040798,2013-03-02,TMAX,90
IRM00040800,2013-11-23,TMAX,110
IRM00040811,2010-07-22,TMAX,464
IRM00040800,2006-04-19,TMAX,264
IRM00040798,2006-09-10,TMAX,302
IRM00040831,2013-08-15,TMIN,286
IRM00040798,2011-01-14,TMIN,-120
IRM00040811,2010-06-04,TMAX,476
IRM00040800,2009-01-11,TMAX,92
IRM00040798,2012-06-07,TMIN,76
IRM00040798,2009-10-01,TMIN,6
IRM00040811,2005-01-24,TMIN,54
IRM00040831,2009-04-22,TMIN,158
IRM00040811,2014-09-24,TMAX,396
IRM00040798,2006-09-10,TMIN,50
IRM00040800,2008-06-13,TMAX,358
IRM00040811,2007-06-09,TMIN,282
IRM00040831,2010-01-22,TMAX,222
IRM00040831,2015-04-03,TMIN,166
IRM00040811,2014-05-29,TMAX,426
IRM00040831,2015-04-03,TMAX,302
IRM00040811,2013-01-12,TMAX,136
IRM00040800,2012-12-24,TMAX,128
IRM00040800,2010-05-28,TMAX,332
IRM00040798,2006-01-23,TMIN,-192
IRM00040811,2010-05-15,TMIN,270
IRM00040798,2006-01-23,TMAX,16
IRM00040798,2009-10-01,TMAX,255
IRM00040798,2012-05-02,TMIN,38
IRM00040800,2013-04-04,TMAX,254
IRM00040811,2011-08-27,TMIN,286
IRM00040798,2007-03-21,TMIN,-64
IRM00040811,2008-09-12,TMIN,268
IRM00040831,2005-09-23,TMAX,420
IRM00040811,2012-12-12,TMAX,208
IRM00040798,2007-02-11,TMAX,78
IRM00040831,2013-03-13,TMAX,320
IRM00040831,2005-09-23,TMIN,248
IRM00040798,2008-10-18,TMAX,228
IRM00040798,2012-08-26,TMIN,116
IRM00040831,2010-10-01,TMAX,402
IRM00040831,2008-07-16,TMAX,464
IRM00040800,2009-08-31,TMAX,356
IRM00040800,2009-02-19,TMAX,148
IRM00040800,2015-05-25,TMAX,322
IRM00040811,2013-02-09,TMIN,114
IRM00040798,2012-08-26,TMAX,310
IRM00040798,2015-01-01,TMAX,154
IRM00040811,2012-10-27,TMAX,290
IRM00040798,2012-02-29,TMAX,92
IRM00040811,2010-11-30,TMAX,276
IRM00040811,2010-07-13,TMAX,470
IRM00040800,2005-12-14,TMAX,154
IRM00040798,2012-10-23,TMAX,202
IRM00040798,2008-10-18,TMIN,14
IRM00040798,2012-02-28,TMAX,100
IRM00040798,2012-04-25,TMAX,200
IRM00040800,2006-01-06,TMAX,106
IRM00040811,2008-10-10,TMAX,398
IRM00040798,2008-02-05,TMAX,6
IRM00040798,2006-09-23,TMAX,276
IRM00040798,2006-09-23,TMIN,30
IRM00040798,2007-05-28,TMAX,282
IRM00040798,2009-05-04,TMAX,220
IRM00040831,2006-04-15,TMIN,200
IRM00040798,2012-12-29,TMIN,-106
IRM00040831,2006-04-15,TMAX,376
IRM00040798,2007-01-28,TMAX,-12
IRM00040811,2007-01-06,TMAX,186
IRM00040811,2011-09-16,TMIN,250
IRM00040798,2013-09-06,TMAX,314
IRM00040811,2009-07-02,TMAX,486
IRM00040811,2009-07-02,TMIN,290
IRM00040831,2007-11-29,TMIN,48
IRM00040798,2013-09-06,TMIN,110
IRM00040831,2011-10-24,TMIN,144
IRM00040831,2007-11-29,TMAX,224
IRM00040831,2015-08-05,TMIN,308
IRM00040798,2005-08-26,TMIN,102
IRM00040798,2006-02-09,TMIN,40
IRM00040831,2012-02-10,TMAX,200
IRM00040798,2005-08-26,TMAX,334
IRM00040798,2006-11-06,TMIN,74
IRM00040798,2011-04-18,TMIN,-4
IRM00040798,2010-04-28,TMAX,212
IRM00040811,2013-04-06,TMIN,158
IRM00040798,2006-07-04,TMAX,336
IRM00040811,2007-12-29,TMIN,54
IRM00040798,2006-07-04,TMIN,128
IRM00040831,2011-11-02,TMAX,266
IRM00040811,2012-09-30,TMAX,404
IRM00040811,2013-07-02,TMAX,466
IRM00040800,2012-04-19,TMAX,214
IRM00040798,2008-12-31,TMAX,98
IRM00040798,2013-03-24,TMIN,24
IRM00040798,2011-03-25,TMIN,16
IRM00040831,2008-05-19,TMAX,418
IRM00040800,2007-07-09,TMAX,372
IRM00040798,2008-08-24,TMIN,86
IRM00040798,2008-08-24,TMAX,306
IRM00040811,2008-05-13,TMAX,390
IRM00040800,2006-05-02,TMAX,272
IRM00040811,2008-08-30,TMIN,300
IRM00040800,2015-03-28,TMAX,176
IRM00040800,2013-09-20,TMAX,334
IRM00040811,2008-08-30,TMAX,476
IRM00040811,2015-11-05,TMAX,294
IRM00040811,2015-05-30,TMAX,478
IRM00040811,2010-07-13,TMIN,314
IRM00040831,2012-05-12,TMIN,270
IRM00040831,2010-08-19,TMIN,302
IRM00040831,2010-05-27,TMAX,436
IRM00040798,2010-12-05,TMAX,150
IRM00040831,2008-07-27,TMAX,516
IRM00040798,2008-07-16,TMAX,334
IRM00040798,2009-02-28,TMIN,-70
IRM00040831,2010-08-19,TMAX,496
IRM00040811,2013-03-23,TMAX,276
IRM00040811,2005-09-17,TMAX,434
IRM00040831,2012-05-12,TMAX,440
IRM00040798,2008-07-16,TMIN,150
IRM00040811,2005-09-17,TMIN,228
IRM00040798,2009-02-28,TMAX,120
IRM00040798,2010-12-05,TMIN,-80
IRM00040831,2005-08-23,TMIN,258
IRM00040798,2007-01-18,TMIN,-270
IRM00040798,2012-02-28,TMIN,-68
IRM00040811,2013-02-09,TMAX,260
IRM00040811,2006-05-27,TMAX,424
IRM00040798,2006-02-09,TMAX,80
IRM00040811,2010-03-23,TMAX,292
IRM00040831,2014-02-16,TMAX,224
IRM00040800,2006-11-28,TMAX,110
IRM00040831,2015-03-26,TMAX,286
IRM00040811,2005-11-02,TMAX,328
IRM00040811,2008-01-09,TMAX,106
IRM00040811,2010-10-20,TMIN,184
IRM00040798,2015-11-30,TMAX,146
IRM00040811,2008-01-09,TMIN,20
IRM00040798,2008-11-24,TMAX,146
IRM00040831,2014-10-10,TMIN,200
IRM00040811,2010-10-20,TMAX,410
IRM00040800,2010-09-28,TMAX,322
IRM00040831,2009-09-03,TMAX,460
IRM00040831,2013-11-24,TMAX,194
IRM00040811,2008-03-05,TMIN,106
IRM00040831,2015-09-06,TMAX,436
IRM00040811,2008-03-05,TMAX,250
IRM00040831,2011-05-24,TMIN,276
IRM00040798,2009-04-07,TMIN,-30
IRM00040798,2006-04-15,TMAX,236
IRM00040831,2007-08-17,TMAX,494
IRM00040798,2011-05-05,TMIN,6
IRM00040798,2011-05-05,TMAX,228
IRM00040831,2006-09-23,TMAX,434
IRM00040798,2015-07-28,TMAX,330
IRM00040798,2007-09-08,TMIN,56
IRM00040800,2007-11-05,TMAX,232
IRM00040811,2011-11-04,TMIN,108
IRM00040811,2005-12-25,TMAX,162
IRM00040831,2006-10-17,TMAX,384
IRM00040811,2014-11-12,TMIN,90
IRM00040800,2013-01-16,TMAX,54
IRM00040798,2011-05-03,TMIN,26
IRM00040811,2011-02-07,TMIN,60
IRM00040831,2010-09-07,TMAX,468
IRM00040811,2013-12-18,TMIN,50
IRM00040831,2006-09-23,TMIN,200
IRM00040798,2006-05-02,TMAX,226
IRM00040798,2006-05-02,TMIN,46
IRM00040800,2010-11-14,TMAX,210
IRM00040798,2011-04-28,TMIN,-14
IRM00040831,2010-03-13,TMAX,378
IRM00040798,2009-05-04,TMIN,12
IRM00040798,2008-11-24,TMIN,-16
IRM00040831,2012-09-13,TMIN,252
IRM00040811,2011-07-19,TMIN,298
IRM00040811,2009-03-18,TMIN,96
IRM00040831,2008-06-16,TMIN,300
IRM00040798,2006-04-15,TMIN,20
IRM00040798,2009-07-29,TMIN,118
IRM00040800,2008-01-28,TMAX,98
IRM00040811,2009-03-18,TMAX,276
IRM00040831,2013-03-13,TMIN,148
IRM00040811,2010-04-07,TMAX,346
IRM00040798,2013-08-08,TMAX,344
IRM00040811,2010-04-07,TMIN,190
IRM00040798,2007-05-28,TMIN,68
IRM00040811,2008-04-01,TMAX,332
IRM00040831,2008-06-16,TMAX,444
IRM00040798,2013-08-08,TMIN,148
IRM00040800,2010-06-27,TMAX,378
IRM00040811,2008-04-01,TMIN,178
IRM00040831,2015-08-05,TMAX,478
IRM00040798,2010-03-30,TMIN,-38
IRM00040798,2010-03-30,TMAX,178
IRM00040800,2011-07-20,TMAX,360
IRM00040800,2013-04-20,TMAX,264
IRM00040800,2008-12-13,TMAX,122
IRM00040811,2010-03-23,TMIN,128
IRM00040800,2011-07-03,TMAX,400
IRM00040811,2011-08-04,TMAX,490
IRM00040800,2005-05-15,TMAX,284
IRM00040798,2006-02-01,TMAX,52
IRM00040798,2011-03-23,TMIN,30
IRM00040831,2013-06-17,TMIN,264
IRM00040831,2014-10-07,TMAX,390
IRM00040798,2011-03-23,TMAX,158
IRM00040800,2014-07-04,TMAX,322
IRM00040800,2006-02-06,TMAX,166
IRM00040811,2011-07-19,TMAX,454
IRM00040798,2007-08-21,TMAX,306
IRM00040811,2015-04-11,TMAX,370
IRM00040831,2012-08-22,TMIN,294
IRM00040800,2015-02-19,TMAX,156
IRM00040831,2011-02-21,TMAX,240
IRM00040798,2006-02-01,TMIN,-52
IRM00040811,2006-04-12,TMAX,290
IRM00040800,2013-10-05,TMAX,314
IRM00040811,2009-11-14,TMAX,300
IRM00040811,2012-06-03,TMAX,446
IRM00040811,2011-08-04,TMIN,304
IRM00040811,2009-11-14,TMIN,150
IRM00040831,2013-06-17,TMAX,444
IRM00040831,2012-08-22,TMAX,458
IRM00040800,2008-01-17,TMAX,18
IRM00040800,2006-01-13,TMAX,70
IRM00040798,2011-03-25,TMAX,96
IRM00040811,2008-05-13,TMIN,226
IRM00040831,2015-12-12,TMAX,206
IRM00040798,2014-05-05,TMIN,5
IRM00040798,2014-05-05,TMAX,258
IRM00040831,2010-05-27,TMIN,252
IRM00040811,2007-04-30,TMIN,240
IRM00040798,2010-12-10,TMAX,156
IRM00040811,2007-09-12,TMAX,444
IRM00040831,2012-09-23,TMIN,240
IRM00040800,2015-12-17,TMAX,104
IRM00040811,2007-10-11,TMAX,396
IRM00040800,2011-09-05,TMAX,346
IRM00040831,2008-11-02,TMAX,264
IRM00040831,2007-07-25,TMIN,288
IRM00040811,2012-11-13,TMAX,208
IRM00040831,2007-03-16,TMAX,230
IRM00040800,2005-08-23,TMAX,384
IRM00040800,2011-06-01,TMAX,346
IRM00040798,2010-02-20,TMAX,108
IRM00040800,2009-11-03,TMAX,156
IRM00040798,2008-02-17,TMIN,-70
IRM00040831,2007-07-25,TMAX,458
IRM00040811,2005-10-26,TMAX,326
IRM00040798,2010-12-30,TMIN,-166
IRM00040798,2011-07-18,TMAX,326
IRM00040798,2008-12-16,TMIN,-187
IRM00040811,2014-08-02,TMAX,478
IRM00040831,2015-07-02,TMIN,310
IRM00040800,2012-08-25,TMAX,354
IRM00040811,2007-10-11,TMIN,194
IRM00040800,2011-10-16,TMAX,280
IRM00040831,2013-10-02,TMIN,188
IRM00040811,2014-02-27,TMAX,284
IRM00040798,2010-12-30,TMAX,94
IRM00040811,2009-07-07,TMAX,432
IRM00040831,2013-10-02,TMAX,398
IRM00040798,2010-08-28,TMAX,304
IRM00040811,2008-05-21,TMAX,398
IRM00040811,2007-11-09,TMAX,335
IRM00040811,2007-11-09,TMIN,158
IRM00040831,2015-12-12,TMIN,70
IRM00040811,2007-03-24,TMIN,130
IRM00040831,2008-11-02,TMIN,130
IRM00040811,2008-12-19,TMAX,184
IRM00040811,2005-10-26,TMIN,160
IRM00040811,2005-12-05,TMAX,264
IRM00040798,2008-02-17,TMAX,128
IRM00040811,2008-05-21,TMIN,234
IRM00040831,2010-04-06,TMAX,338
IRM00040831,2009-02-08,TMAX,250
IRM00040831,2011-04-22,TMIN,100
IRM00040831,2007-09-08,TMIN,248
IRM00040831,2011-04-22,TMAX,330
IRM00040798,2005-11-19,TMAX,122
IRM00040798,2006-04-09,TMIN,-8
IRM00040800,2006-02-27,TMAX,184
IRM00040831,2008-11-19,TMAX,260
IRM00040811,2012-03-15,TMAX,276
IRM00040831,2011-09-26,TMIN,278
IRM00040811,2006-06-28,TMIN,296
IRM00040800,2013-03-09,TMAX,134
IRM00040800,2015-06-08,TMAX,366
IRM00040811,2015-10-26,TMAX,370
IRM00040798,2015-10-16,TMAX,232
IRM00040798,2007-01-30,TMAX,72
IRM00040811,2013-08-17,TMAX,466
IRM00040811,2013-08-17,TMIN,306
IRM00040798,2015-10-16,TMIN,17
IRM00040798,2006-04-09,TMAX,180
IRM00040831,2007-08-15,TMIN,268
IRM00040800,2011-03-31,TMAX,216
IRM00040800,2005-09-03,TMAX,360
IRM00040831,2007-02-11,TMAX,222
IRM00040798,2015-12-11,TMAX,106
IRM00040800,2006-02-09,TMAX,164
IRM00040811,2010-01-26,TMAX,174
IRM00040798,2005-05-15,TMIN,50
IRM00040798,2010-12-10,TMIN,-114
IRM00040798,2005-05-15,TMAX,248
IRM00040831,2013-05-25,TMAX,434
IRM00040811,2010-06-01,TMAX,444
IRM00040800,2009-01-27,TMAX,142
IRM00040831,2011-01-02,TMAX,192
IRM00040811,2010-11-30,TMIN,70
IRM00040800,2009-10-16,TMAX,260
IRM00040798,2012-03-16,TMIN,18
IRM00040798,2012-03-16,TMAX,126
IRM00040831,2011-09-26,TMAX,432
IRM00040798,2009-08-09,TMIN,74
IRM00040798,2009-08-09,TMAX,348
IRM00040831,2007-02-11,TMIN,100
IRM00040798,2012-04-11,TMIN,16
IRM00040811,2015-10-26,TMIN,180
IRM00040798,2010-07-18,TMAX,360
IRM00040811,2006-06-28,TMAX,460
IRM00040798,2005-11-19,TMIN,-36
IRM00040798,2012-11-16,TMAX,118
IRM00040811,2014-08-02,TMIN,330
IRM00040831,2014-12-10,TMAX,266
IRM00040831,2013-12-03,TMIN,110
IRM00040831,2006-02-09,TMAX,200
IRM00040798,2007-11-15,TMAX,188
IRM00040811,2012-06-03,TMIN,258
IRM00040831,2013-12-03,TMAX,248
IRM00040798,2010-10-07,TMIN,28
IRM00040798,2005-06-20,TMAX,324
IRM00040831,2007-02-05,TMIN,110
IRM00040798,2010-10-07,TMAX,248
IRM00040798,2005-06-20,TMIN,92
IRM00040831,2005-05-15,TMIN,224
IRM00040831,2005-05-15,TMAX,362
IRM00040800,2006-01-29,TMAX,90
IRM00040811,2007-01-29,TMAX,204
IRM00040811,2007-01-29,TMIN,80
IRM00040800,2005-11-25,TMAX,168
IRM00040831,2011-10-24,TMAX,332
IRM00040811,2008-02-26,TMAX,230
IRM00040831,2007-02-05,TMAX,196
IRM00040831,2014-06-21,TMAX,474
IRM00040798,2011-09-08,TMAX,296
IRM00040798,2011-09-08,TMIN,40
IRM00040800,2011-08-01,TMAX,370
IRM00040811,2008-05-09,TMAX,386
IRM00040798,2009-05-11,TMIN,64
IRM00040831,2012-11-21,TMIN,140
IRM00040831,2015-09-20,TMAX,432
IRM00040831,2015-09-20,TMIN,248
IRM00040798,2014-07-29,TMIN,126
IRM00040831,2015-03-26,TMIN,170
IRM00040831,2015-09-07,TMIN,300
IRM00040798,2009-04-07,TMAX,182
IRM00040811,2011-09-16,TMAX,414
IRM00040800,2009-11-04,TMAX,192
IRM00040798,2008-12-31,TMIN,-48
IRM00040798,2007-02-05,TMAX,66
IRM00040831,2012-04-02,TMAX,322
IRM00040800,2009-12-22,TMAX,128
IRM00040831,2006-05-02,TMAX,356
IRM00040831,2012-04-02,TMIN,160
IRM00040811,2013-03-24,TMAX,284
IRM00040831,2012-11-21,TMAX,216
IRM00040831,2014-02-28,TMAX,272
IRM00040831,2011-05-17,TMIN,276
IRM00040831,2015-09-07,TMAX,446
IRM00040811,2006-10-25,TMIN,246
IRM00040798,2008-12-16,TMAX,48
IRM00040811,2006-10-25,TMAX,364
IRM00040831,2014-06-21,TMIN,286
IRM00040798,2009-08-12,TMIN,98
IRM00040800,2014-10-14,TMAX,260
IRM00040831,2015-07-02,TMAX,472
IRM00040798,2009-08-12,TMAX,345
IRM00040811,2014-05-29,TMIN,240
IRM00040831,2015-04-07,TMIN,180
IRM00040831,2010-03-04,TMIN,156
IRM00040798,2014-02-11,TMAX,81
IRM00040798,2009-02-02,TMAX,70
IRM00040798,2009-02-02,TMIN,-46
IRM00040800,2010-02-15,TMAX,180
IRM00040798,2012-04-11,TMAX,224
IRM00040811,2009-09-30,TMIN,214
IRM00040800,2011-11-29,TMAX,94
IRM00040811,2014-03-18,TMAX,254
IRM00040811,2014-03-18,TMIN,122
IRM00040831,2006-12-06,TMAX,222
IRM00040798,2007-11-01,TMAX,208
IRM00040800,2015-03-27,TMAX,128
IRM00040831,2015-04-07,TMAX,350
IRM00040811,2012-01-11,TMIN,98
IRM00040831,2007-07-07,TMAX,454
IRM00040831,2011-05-17,TMAX,386
IRM00040811,2011-11-30,TMAX,178
IRM00040800,2007-03-05,TMAX,182
IRM00040811,2015-08-31,TMIN,300
IRM00040800,2009-12-30,TMAX,132
IRM00040811,2015-08-31,TMAX,484
IRM00040831,2011-06-12,TMIN,270
IRM00040811,2012-12-18,TMAX,200
IRM00040800,2009-01-08,TMAX,122
IRM00040798,2010-08-06,TMIN,132
IRM00040831,2012-03-24,TMIN,130
IRM00040798,2010-08-06,TMAX,310
IRM00040798,2015-01-01,TMIN,-115
IRM00040831,2014-02-26,TMAX,278
IRM00040800,2015-01-16,TMAX,164
IRM00040798,2015-02-20,TMAX,94
IRM00040831,2011-11-15,TMAX,280
IRM00040798,2012-04-17,TMAX,174
IRM00040798,2007-11-15,TMIN,-70
IRM00040798,2012-04-17,TMIN,-4
IRM00040811,2012-01-08,TMAX,228
IRM00040831,2010-03-04,TMAX,244
IRM00040831,2011-11-15,TMIN,196
IRM00040831,2012-03-24,TMAX,294
IRM00040831,2014-06-30,TMIN,296
IRM00040798,2015-07-28,TMIN,148
IRM00040811,2013-05-21,TMAX,404
IRM00040798,2010-03-02,TMAX,84
IRM00040811,2014-10-07,TMIN,236
IRM00040800,2013-06-24,TMAX,392
IRM00040798,2012-05-12,TMIN,40
IRM00040811,2008-01-08,TMAX,124
IRM00040800,2011-03-13,TMIN,78
IRM00040811,2011-07-28,TMAX,480
IRM00040811,2011-07-28,TMIN,338
IRM00040811,2013-03-23,TMIN,130
IRM00040798,2007-10-27,TMIN,10
IRM00040811,2015-08-14,TMAX,484
IRM00040798,2006-12-29,TMAX,6
IRM00040811,2008-01-31,TMAX,164
IRM00040798,2007-07-06,TMIN,132
IRM00040800,2010-04-14,TMIN,100
IRM00040798,2007-07-06,TMAX,350
IRM00040811,2013-08-24,TMAX,454
IRM00040811,2005-10-24,TMAX,304
IRM00040800,2015-11-20,TMAX,168
IRM00040798,2008-09-06,TMIN,96
IRM00040811,2011-01-02,TMAX,174
IRM00040811,2007-04-07,TMIN,180
IRM00040811,2009-12-12,TMAX,200
IRM00040798,2010-09-07,TMAX,312
IRM00040811,2013-08-20,TMAX,460
IRM00040800,2015-01-23,TMAX,136
IRM00040811,2015-11-22,TMAX,244
IRM00040831,2007-07-26,TMIN,288
IRM00040831,2008-01-27,TMAX,130
IRM00040831,2005-08-26,TMAX,484
IRM00040831,2011-07-07,TMIN,266
IRM00040798,2012-05-05,TMAX,242
IRM00040831,2015-02-17,TMAX,246
IRM00040831,2011-07-07,TMAX,480
IRM00040798,2014-01-20,TMAX,-18
IRM00040811,2014-09-21,TMIN,208
IRM00040811,2013-08-31,TMIN,268
IRM00040811,2012-12-16,TMAX,156
IRM00040798,2012-05-12,TMAX,266
IRM00040798,2005-07-10,TMIN,150
IRM00040831,2007-07-26,TMAX,470
IRM00040811,2014-10-07,TMAX,390
IRM00040811,2014-12-08,TMAX,252
IRM00040798,2005-07-10,TMAX,364
IRM00040798,2010-04-24,TMIN,82
IRM00040811,2005-08-23,TMIN,278
IRM00040811,2009-06-07,TMAX,406
IRM00040811,2005-08-23,TMAX,468
IRM00040798,2008-03-14,TMAX,164
IRM00040798,2011-10-12,TMIN,14
IRM00040831,2012-11-23,TMAX,200
IRM00040798,2011-10-12,TMAX,244
IRM00040831,2006-01-05,TMIN,80
IRM00040798,2012-09-29,TMIN,30
IRM00040831,2014-07-07,TMIN,288
IRM00040811,2007-08-18,TMIN,300
IRM00040800,2014-07-16,TMAX,378
IRM00040800,2009-12-15,TMAX,128
IRM00040811,2005-09-09,TMAX,432
IRM00040831,2007-07-09,TMAX,460
IRM00040800,2012-10-09,TMAX,298
IRM00040831,2008-04-17,TMAX,360
IRM00040831,2012-04-17,TMIN,184
IRM00040831,2015-08-21,TMAX,482
IRM00040798,2010-02-25,TMAX,104
IRM00040831,2015-08-21,TMIN,306
IRM00040798,2014-09-06,TMIN,64
IRM00040798,2010-09-15,TMIN,64
IRM00040800,2010-01-17,TMAX,182
IRM00040798,2012-09-29,TMAX,232
IRM00040811,2005-05-15,TMAX,410
IRM00040811,2005-05-15,TMIN,220
IRM00040811,2007-08-18,TMAX,458
IRM00040798,2012-02-08,TMAX,74
IRM00040811,2011-02-16,TMAX,236
IRM00040798,2010-09-15,TMAX,302
IRM00040811,2006-09-11,TMAX,446
IRM00040811,2015-11-22,TMIN,108
IRM00040798,2009-07-23,TMAX,364
IRM00040831,2013-06-30,TMIN,296
IRM00040800,2005-09-09,TMAX,358
IRM00040831,2007-10-09,TMAX,386
IRM00040831,2012-02-18,TMAX,250
IRM00040798,2012-02-08,TMIN,0
IRM00040811,2005-03-20,TMIN,108
IRM00040831,2008-05-17,TMIN,244
IRM00040811,2009-12-12,TMIN,86
IRM00040831,2008-05-17,TMAX,418
IRM00040811,2009-06-01,TMIN,248
IRM00040831,2006-07-22,TMAX,480
IRM00040831,2015-03-18,TMAX,202
IRM00040811,2009-06-01,TMAX,424
IRM00040798,2010-11-09,TMIN,-20
IRM00040811,2010-05-12,TMAX,412
IRM00040798,2010-11-09,TMAX,172
IRM00040831,2012-04-17,TMAX,338
IRM00040811,2010-11-13,TMAX,314
IRM00040831,2015-12-09,TMAX,172
IRM00040798,2005-03-28,TMAX,160
IRM00040798,2011-04-21,TMAX,190
IRM00040831,2005-08-14,TMIN,266
IRM00040831,2010-11-07,TMAX,306
IRM00040831,2005-08-14,TMAX,470
IRM00040811,2007-05-11,TMIN,268
IRM00040800,2006-01-25,TMAX,76
IRM00040798,2012-05-26,TMIN,64
IRM00040798,2012-05-26,TMAX,272
IRM00040811,2010-08-17,TMIN,316
IRM00040811,2013-09-27,TMAX,386
IRM00040800,2007-02-05,TMAX,130
IRM00040798,2015-08-08,TMIN,96
IRM00040800,2009-05-22,TMAX,326
IRM00040798,2015-08-08,TMAX,346
IRM00040811,2006-04-26,TMAX,288
IRM00040831,2014-01-30,TMAX,220
IRM00040811,2013-09-27,TMIN,206
IRM00040798,2005-03-28,TMIN,-68
IRM00040811,2015-01-03,TMAX,226
IRM00040798,2012-12-06,TMAX,62
IRM00040831,2011-11-21,TMAX,230
IRM00040811,2014-02-15,TMAX,238
IRM00040811,2010-02-10,TMAX,198
IRM00040831,2011-09-09,TMAX,446
IRM00040798,2010-07-16,TMIN,106
IRM00040831,2012-01-29,TMAX,198
IRM00040800,2010-05-29,TMAX,344
IRM00040798,2008-09-12,TMAX,274
IRM00040798,2009-12-24,TMAX,52
IRM00040800,2011-01-05,TMAX,120
IRM00040798,2007-06-11,TMIN,68
IRM00040831,2014-12-21,TMAX,192
IRM00040800,2009-07-08,TMAX,370
IRM00040811,2008-10-11,TMIN,236
IRM00040800,2009-05-14,TMAX,296
IRM00040831,2013-08-08,TMIN,278
IRM00040831,2013-08-08,TMAX,454
IRM00040811,2012-10-18,TMAX,364
IRM00040831,2014-04-10,TMAX,338
IRM00040811,2011-08-27,TMAX,468
IRM00040831,2007-01-10,TMAX,142
IRM00040811,2009-10-15,TMAX,376
IRM00040811,2010-02-10,TMIN,108
IRM00040800,2005-07-17,TMAX,406
IRM00040811,2011-01-02,TMIN,78
IRM00040798,2010-01-09,TMAX,70
IRM00040798,2007-05-24,TMAX,280
IRM00040811,2014-12-29,TMAX,240
IRM00040811,2015-08-14,TMIN,290
IRM00040811,2015-04-09,TMAX,378
IRM00040811,2015-04-09,TMIN,186
IRM00040831,2010-11-01,TMIN,218
IRM00040798,2012-07-30,TMAX,338
IRM00040831,2009-03-12,TMIN,136
IRM00040800,2015-02-24,TMAX,108
IRM00040798,2014-09-06,TMAX,310
IRM00040811,2011-12-09,TMAX,232
IRM00040811,2011-05-24,TMIN,270
IRM00040831,2006-04-23,TMAX,378
IRM00040800,2006-07-16,TMAX,380
IRM00040798,2011-09-29,TMAX,262
IRM00040831,2015-02-17,TMIN,148
IRM00040811,2009-03-13,TMAX,310
IRM00040800,2006-01-12,TMAX,60
IRM00040798,2008-04-04,TMIN,-68
IRM00040798,2012-07-30,TMIN,130
IRM00040798,2011-05-22,TMAX,284
IRM00040811,2010-05-12,TMIN,270
IRM00040831,2008-06-03,TMAX,470
IRM00040811,2008-10-11,TMAX,400
IRM00040811,2013-03-12,TMIN,120
IRM00040800,2012-04-07,TMAX,212
IRM00040811,2007-05-11,TMAX,440
IRM00040831,2009-05-03,TMAX,360
IRM00040798,2009-10-21,TMIN,2
IRM00040831,2009-03-12,TMAX,282
IRM00040800,2009-10-30,TMAX,226
IRM00040811,2010-11-03,TMAX,294
IRM00040811,2010-08-15,TMAX,472
IRM00040811,2012-10-18,TMIN,178
IRM00040811,2014-02-15,TMIN,62
IRM00040811,2010-11-03,TMIN,196
IRM00040798,2006-06-11,TMIN,88
IRM00040798,2015-04-24,TMIN,82
IRM00040798,2015-04-24,TMAX,218
IRM00040800,2010-04-14,TMAX,230
IRM00040811,2011-02-16,TMIN,76
IRM00040798,2009-12-07,TMAX,72
IRM00040811,2010-08-15,TMIN,320
IRM00040811,2014-05-11,TMIN,260
IRM00040831,2010-11-01,TMAX,340
IRM00040811,2008-02-27,TMAX,222
IRM00040811,2013-05-12,TMIN,268
IRM00040798,2007-05-24,TMIN,56
IRM00040831,2012-07-30,TMIN,300
IRM00040831,2006-01-05,TMAX,206
IRM00040811,2006-12-06,TMAX,236
IRM00040831,2007-06-27,TMIN,288
IRM00040798,2014-09-13,TMIN,70
IRM00040798,2005-12-07,TMIN,-28
IRM00040798,2009-03-07,TMIN,-60
IRM00040811,2008-04-10,TMAX,310
IRM00040811,2012-03-28,TMAX,284
IRM00040800,2009-02-16,TMAX,170
IRM00040798,2005-12-07,TMAX,164
IRM00040798,2014-06-02,TMAX,294
IRM00040798,2010-09-25,TMAX,292
IRM00040811,2012-03-28,TMIN,168
IRM00040811,2014-04-13,TMIN,218
IRM00040811,2008-07-26,TMAX,506
IRM00040798,2015-09-20,TMAX,228
IRM00040798,2008-11-08,TMAX,144
IRM00040811,2008-07-26,TMIN,300
IRM00040831,2007-08-01,TMAX,494
IRM00040831,2006-04-09,TMAX,314
IRM00040798,2014-06-28,TMAX,342
IRM00040798,2008-11-08,TMIN,-16
IRM00040831,2012-10-13,TMAX,380
IRM00040798,2009-03-07,TMAX,174
IRM00040798,2014-06-28,TMIN,104
IRM00040800,2014-01-25,TMAX,134
IRM00040798,2005-05-02,TMAX,210
IRM00040831,2014-07-30,TMAX,468
IRM00040800,2013-06-12,TMAX,362
IRM00040831,2007-06-07,TMAX,460
IRM00040798,2015-09-06,TMAX,320
IRM00040831,2012-05-11,TMAX,432
IRM00040800,2012-11-09,TMAX,236
IRM00040798,2013-03-24,TMAX,148
IRM00040811,2013-08-15,TMIN,300
IRM00040798,2015-09-06,TMIN,120
IRM00040811,2014-05-21,TMIN,238
IRM00040798,2010-09-25,TMIN,54
IRM00040800,2007-08-04,TMAX,374
IRM00040811,2011-09-28,TMAX,432
IRM00040831,2012-09-23,TMAX,450
IRM00040811,2006-07-10,TMIN,270
IRM00040811,2006-07-10,TMAX,456
IRM00040811,2006-05-30,TMAX,456
IRM00040798,2013-11-03,TMAX,146
IRM00040811,2006-05-30,TMIN,264
IRM00040811,2012-11-20,TMAX,206
IRM00040800,2007-01-16,TMAX,44
IRM00040831,2007-06-27,TMAX,444
IRM00040798,2015-11-30,TMIN,-66
IRM00040811,2012-10-04,TMIN,210
IRM00040798,2007-07-25,TMIN,110
IRM00040831,2011-05-24,TMAX,416
IRM00040798,2009-12-02,TMAX,35
IRM00040831,2010-09-07,TMIN,254
IRM00040831,2010-04-29,TMAX,378
IRM00040798,2009-12-02,TMIN,-120
IRM00040798,2012-11-16,TMIN,-20
IRM00040798,2007-09-08,TMAX,282
IRM00040831,2006-08-14,TMIN,316
IRM00040811,2012-10-04,TMAX,410
IRM00040831,2009-06-03,TMAX,436
IRM00040811,2014-07-03,TMIN,290
IRM00040811,2013-12-18,TMAX,170
IRM00040800,2015-08-04,TMAX,342
IRM00040800,2010-12-14,TMAX,124
IRM00040811,2014-07-03,TMAX,462
IRM00040811,2014-11-12,TMAX,272
IRM00040831,2014-04-14,TMAX,350
IRM00040831,2007-03-21,TMAX,274
IRM00040798,2010-04-11,TMAX,194
IRM00040798,2011-05-03,TMAX,186
IRM00040798,2007-07-25,TMAX,320
IRM00040798,2008-09-06,TMAX,308
IRM00040811,2006-03-11,TMIN,108
IRM00040831,2009-04-18,TMAX,326
IRM00040811,2006-07-07,TMAX,478
IRM00040800,2011-06-03,TMAX,360
IRM00040800,2012-11-27,TMAX,128
IRM00040811,2010-08-12,TMAX,482
IRM00040798,2014-02-08,TMIN,-207
IRM00040811,2011-02-14,TMIN,56
IRM00040811,2010-08-18,TMIN,324
IRM00040800,2007-01-17,TMAX,65
IRM00040811,2010-08-18,TMAX,488
IRM00040811,2011-02-14,TMAX,178
IRM00040811,2012-05-13,TMAX,424
IRM00040798,2013-10-02,TMAX,264
IRM00040798,2013-10-02,TMIN,18
IRM00040831,2009-04-18,TMIN,184
IRM00040800,2009-06-03,TMIN,138
IRM00040798,2009-05-08,TMAX,222
IRM00040831,2011-06-06,TMAX,482
IRM00040800,2010-04-30,TMAX,288
IRM00040831,2012-09-13,TMAX,432
IRM00040811,2006-03-11,TMAX,218
IRM00040800,2012-12-04,TMAX,120
IRM00040811,2010-08-12,TMIN,318
IRM00040798,2014-02-08,TMAX,25
IRM00040798,2005-08-14,TMIN,140
IRM00040831,2009-09-05,TMAX,470
IRM00040800,2015-01-25,TMAX,126
IRM00040811,2012-10-12,TMIN,222
IRM00040798,2006-04-23,TMAX,230
IRM00040811,2006-07-12,TMAX,454
IRM00040811,2011-08-03,TMAX,502
IRM00040811,2006-07-12,TMIN,302
IRM00040811,2013-02-12,TMAX,250
IRM00040800,2014-05-31,TMAX,330
IRM00040811,2014-12-24,TMIN,86
IRM00040798,2009-08-18,TMIN,108
IRM00040811,2008-01-19,TMAX,145
IRM00040811,2011-06-22,TMAX,456
IRM00040811,2011-06-22,TMIN,280
IRM00040800,2010-09-17,TMIN,138
IRM00040831,2010-09-01,TMAX,484
IRM00040831,2011-02-26,TMAX,248
IRM00040811,2011-08-03,TMIN,308
IRM00040811,2013-09-04,TMAX,458
IRM00040831,2010-09-01,TMIN,280
IRM00040811,2008-01-19,TMIN,30
IRM00040798,2007-08-15,TMIN,98
IRM00040798,2007-08-15,TMAX,328
IRM00040831,2010-12-07,TMAX,288
IRM00040831,2014-01-11,TMAX,148
IRM00040831,2012-07-30,TMAX,500
IRM00040800,2009-01-04,TMAX,106
IRM00040798,2012-10-21,TMAX,174
IRM00040831,2009-09-05,TMIN,242
IRM00040831,2006-07-22,TMIN,278
IRM00040798,2005-11-06,TMAX,164
IRM00040811,2014-12-24,TMAX,184
IRM00040811,2008-01-13,TMAX,90
IRM00040798,2009-08-01,TMIN,130
IRM00040831,2010-11-07,TMIN,100
IRM00040798,2011-09-29,TMIN,38
IRM00040811,2014-01-12,TMAX,154
IRM00040798,2009-08-01,TMAX,342
IRM00040811,2014-01-12,TMIN,66
IRM00040811,2012-12-16,TMIN,78
IRM00040800,2008-06-30,TMAX,382
IRM00040811,2005-03-20,TMAX,256
IRM00040800,2013-08-04,TMAX,406
IRM00040811,2008-01-13,TMIN,16
IRM00040798,2012-10-21,TMIN,10
IRM00040800,2013-07-29,TMAX,406
IRM00040831,2014-06-30,TMAX,490
IRM00040798,2009-08-18,TMAX,356
IRM00040831,2014-06-13,TMIN,250
IRM00040831,2010-03-30,TMIN,178
IRM00040798,2012-03-06,TMIN,-106
IRM00040831,2010-03-30,TMAX,320
IRM00040811,2006-05-08,TMAX,417
IRM00040811,2006-05-08,TMIN,260
IRM00040800,2010-12-08,TMAX,164
IRM00040831,2011-07-12,TMAX,488
IRM00040798,2008-05-24,TMIN,74
IRM00040800,2011-05-12,TMAX,326
IRM00040798,2012-03-06,TMAX,112
IRM00040811,2012-10-12,TMAX,404
IRM00040811,2015-03-29,TMIN,148
IRM00040798,2005-10-23,TMAX,204
IRM00040811,2011-02-07,TMAX,180
IRM00040811,2013-08-15,TMAX,464
IRM00040800,2009-03-05,TMAX,136
IRM00040831,2006-04-07,TMAX,270
IRM00040811,2015-03-29,TMAX,264
IRM00040798,2005-08-14,TMAX,306
IRM00040798,2010-08-19,TMAX,332
IRM00040798,2010-08-19,TMIN,90
IRM00040811,2008-10-10,TMIN,230
IRM00040811,2011-10-15,TMIN,226
IRM00040798,2011-04-28,TMAX,230
IRM00040811,2006-02-09,TMAX,200
IRM00040811,2010-01-07,TMAX,212
IRM00040831,2014-10-10,TMAX,392
IRM00040831,2014-06-13,TMAX,398
IRM00040798,2009-05-05,TMAX,208
IRM00040811,2006-07-08,TMAX,470
IRM00040831,2014-07-07,TMAX,480
IRM00040811,2006-07-08,TMIN,316
IRM00040798,2009-05-05,TMIN,40
IRM00040800,2012-12-19,TMAX,114
IRM00040831,2014-04-02,TMAX,218
IRM00040831,2012-03-16,TMIN,106
IRM00040831,2012-03-16,TMAX,262
IRM00040811,2009-08-07,TMAX,466
IRM00040800,2013-10-27,TMAX,200
IRM00040811,2009-08-07,TMIN,288
IRM00040800,2006-12-12,TMAX,20
IRM00040798,2014-07-11,TMAX,340
IRM00040831,2010-11-21,TMAX,268
IRM00040798,2014-07-11,TMIN,106
IRM00040798,2012-01-04,TMAX,80
IRM00040831,2011-05-28,TMAX,438
IRM00040831,2011-05-28,TMIN,250
IRM00040811,2009-11-22,TMAX,218
IRM00040811,2010-07-03,TMAX,452
IRM00040831,2015-01-16,TMAX,192
IRM00040800,2007-11-02,TMAX,230
IRM00040800,2009-12-17,TMAX,98
IRM00040798,2007-01-29,TMAX,72
IRM00040811,2015-08-30,TMAX,480
IRM00040831,2009-10-04,TMAX,392
IRM00040798,2014-07-07,TMAX,340
IRM00040811,2006-07-28,TMIN,310
IRM00040811,2006-12-31,TMAX,114
IRM00040831,2015-03-19,TMIN,160
IRM00040798,2014-09-22,TMAX,283
IRM00040811,2006-07-28,TMAX,474
IRM00040800,2005-11-19,TMAX,146
IRM00040798,2007-07-12,TMIN,132
IRM00040798,2007-07-12,TMAX,356
IRM00040811,2010-11-14,TMAX,314
IRM00040800,2005-11-20,TMAX,162
IRM00040798,2011-11-30,TMAX,36
IRM00040811,2015-05-03,TMAX,366
IRM00040800,2007-11-24,TMAX,190
IRM00040811,2009-12-06,TMAX,210
IRM00040798,2013-03-25,TMAX,166
IRM00040831,2010-09-18,TMAX,428
IRM00040831,2008-11-01,TMAX,258
IRM00040811,2010-10-22,TMIN,220
IRM00040831,2007-06-10,TMAX,446
IRM00040831,2007-07-20,TMAX,448
IRM00040831,2007-07-20,TMIN,260
IRM00040800,2013-12-19,TMAX,74
IRM00040811,2011-11-12,TMAX,268
IRM00040831,2012-04-20,TMAX,320
IRM00040798,2007-04-30,TMAX,192
IRM00040831,2010-06-10,TMAX,466
IRM00040798,2007-03-19,TMIN,-64
IRM00040798,2010-03-08,TMIN,-26
IRM00040800,2012-07-13,TMAX,422
IRM00040798,2007-04-30,TMIN,70
IRM00040831,2010-09-18,TMIN,224
IRM00040831,2015-09-25,TMAX,416
IRM00040811,2006-11-10,TMAX,214
IRM00040831,2007-06-11,TMAX,450
IRM00040811,2008-09-28,TMAX,382
IRM00040811,2008-09-28,TMIN,248
IRM00040831,2009-10-01,TMAX,398
IRM00040800,2007-06-05,TMAX,320
IRM00040798,2010-04-30,TMAX,220
IRM00040831,2009-02-22,TMAX,210
IRM00040811,2006-01-07,TMIN,70
IRM00040811,2011-11-12,TMIN,106
IRM00040831,2014-11-26,TMAX,286
IRM00040811,2010-07-08,TMIN,300
IRM00040811,2010-07-08,TMAX,486
IRM00040811,2013-11-14,TMAX,246
IRM00040798,2007-06-12,TMIN,78
IRM00040811,2010-11-14,TMIN,146
IRM00040811,2006-09-06,TMIN,286
IRM00040831,2009-11-10,TMAX,330
IRM00040798,2007-06-12,TMAX,328
IRM00040800,2015-04-14,TMAX,238
IRM00040831,2013-05-27,TMAX,440
IRM00040800,2009-10-10,TMAX,262
IRM00040798,2007-05-06,TMAX,234
IRM00040798,2013-12-06,TMAX,86
IRM00040831,2006-03-21,TMIN,136
IRM00040800,2012-08-21,TMAX,362
IRM00040800,2007-03-23,TMAX,194
IRM00040831,2006-06-26,TMAX,476
IRM00040831,2006-06-26,TMIN,276
IRM00040811,2008-08-22,TMIN,308
IRM00040831,2006-03-21,TMAX,260
IRM00040800,2008-04-17,TMAX,282
IRM00040800,2014-02-25,TMAX,160
IRM00040811,2006-09-06,TMAX,415
IRM00040798,2009-04-02,TMIN,-48
IRM00040811,2015-02-18,TMAX,202
IRM00040800,2015-02-26,TMAX,106
IRM00040811,2015-02-18,TMIN,126
IRM00040831,2006-03-18,TMAX,274
IRM00040811,2012-04-16,TMAX,326
IRM00040831,2009-12-24,TMAX,220
IRM00040811,2009-08-08,TMAX,480
IRM00040831,2015-03-19,TMAX,280
IRM00040811,2009-08-16,TMAX,460
IRM00040811,2009-08-08,TMIN,326
IRM00040811,2012-04-16,TMIN,166
IRM00040811,2009-08-16,TMIN,290
IRM00040798,2012-07-29,TMAX,306
IRM00040831,2010-09-28,TMAX,428
IRM00040800,2010-11-17,TMAX,176
IRM00040831,2015-03-21,TMAX,298
IRM00040831,2009-05-10,TMIN,234
IRM00040811,2006-12-31,TMIN,10
IRM00040831,2012-09-18,TMIN,248
IRM00040800,2013-07-28,TMAX,412
IRM00040831,2009-05-10,TMAX,368
IRM00040798,2010-12-11,TMAX,110
IRM00040811,2012-09-18,TMIN,216
IRM00040831,2010-09-29,TMAX,406
IRM00040811,2013-07-07,TMAX,500
IRM00040811,2013-11-23,TMIN,118
IRM00040831,2012-05-05,TMIN,256
IRM00040811,2009-08-23,TMIN,306
IRM00040831,2011-06-22,TMAX,460
IRM00040798,2012-03-27,TMAX,158
IRM00040798,2015-10-27,TMAX,230
IRM00040811,2013-11-23,TMAX,182
IRM00040811,2013-07-29,TMAX,430
IRM00040798,2012-04-26,TMIN,2
IRM00040831,2008-05-12,TMIN,224
IRM00040798,2015-10-27,TMIN,14
IRM00040831,2010-08-03,TMAX,436
IRM00040798,2015-04-26,TMAX,222
IRM00040800,2014-08-10,TMAX,380
IRM00040831,2014-07-25,TMAX,474
IRM00040831,2012-05-05,TMAX,406
IRM00040831,2015-12-29,TMAX,186
IRM00040811,2007-03-01,TMAX,220
IRM00040811,2015-12-01,TMIN,118
IRM00040798,2007-12-26,TMAX,6
IRM00040798,2010-08-07,TMIN,116
IRM00040811,2006-06-16,TMAX,460
IRM00040798,2011-12-05,TMAX,88
IRM00040800,2005-05-01,TMAX,240
IRM00040800,2009-05-11,TMAX,298
IRM00040798,2012-12-05,TMIN,-4
IRM00040798,2005-09-17,TMAX,314
IRM00040798,2005-09-17,TMIN,46
IRM00040800,2006-01-23,TMAX,104
IRM00040831,2010-09-29,TMIN,260
IRM00040831,2006-01-22,TMAX,130
IRM00040798,2006-07-12,TMAX,364
IRM00040811,2013-01-10,TMAX,144
IRM00040811,2007-09-29,TMIN,198
IRM00040831,2010-08-03,TMIN,314
IRM00040811,2007-09-29,TMAX,386
IRM00040811,2014-01-31,TMAX,210
IRM00040798,2012-04-26,TMAX,204
IRM00040798,2014-09-03,TMAX,298
IRM00040831,2011-06-22,TMIN,260
IRM00040831,2014-03-03,TMIN,130
IRM00040811,2011-05-31,TMIN,294
IRM00040811,2013-01-01,TMIN,80
IRM00040798,2014-09-03,TMIN,64
IRM00040798,2012-03-27,TMIN,-8
IRM00040811,2010-01-19,TMAX,224
IRM00040831,2010-07-11,TMIN,310
IRM00040800,2012-06-27,TMAX,342
IRM00040831,2008-05-12,TMAX,378
IRM00040831,2012-09-18,TMAX,432
IRM00040800,2013-07-09,TMAX,394
IRM00040811,2013-01-23,TMAX,212
IRM00040798,2015-01-25,TMAX,141
IRM00040800,2011-11-13,TMAX,186
IRM00040798,2007-07-15,TMAX,356
IRM00040798,2007-07-15,TMIN,146
IRM00040811,2013-07-17,TMAX,502
IRM00040800,2010-09-07,TMAX,334
IRM00040798,2006-03-28,TMIN,54
IRM00040800,2009-03-13,TMAX,234
IRM00040831,2013-04-21,TMAX,308
IRM00040798,2015-01-25,TMIN,-126
IRM00040811,2013-07-17,TMIN,306
IRM00040831,2014-07-11,TMAX,458
IRM00040811,2006-01-07,TMAX,212
IRM00040831,2009-03-22,TMAX,288
IRM00040831,2006-11-23,TMAX,230
IRM00040800,2012-03-25,TMAX,182
IRM00040800,2005-10-31,TMAX,240
IRM00040811,2007-10-31,TMAX,352
IRM00040798,2014-04-05,TMAX,135
IRM00040798,2006-03-28,TMAX,120
IRM00040831,2009-03-22,TMIN,170
IRM00040800,2006-12-25,TMAX,68
IRM00040798,2015-04-26,TMIN,-41
IRM00040831,2005-08-30,TMAX,436
IRM00040811,2014-07-06,TMIN,300
IRM00040800,2013-08-08,TMAX,392
IRM00040811,2012-09-18,TMAX,430
IRM00040798,2010-08-07,TMAX,314
IRM00040811,2009-08-23,TMAX,470
IRM00040798,2007-11-04,TMAX,198
IRM00040800,2015-02-27,TMAX,94
IRM00040798,2005-11-29,TMIN,-44
IRM00040811,2008-03-18,TMIN,156
IRM00040798,2007-07-13,TMIN,148
IRM00040798,2007-07-13,TMAX,354
IRM00040811,2015-03-03,TMIN,104
IRM00040798,2015-04-08,TMAX,215
IRM00040798,2015-10-13,TMAX,264
IRM00040798,2014-04-05,TMIN,-47
IRM00040798,2015-10-13,TMIN,0
IRM00040831,2014-03-03,TMAX,234
IRM00040800,2009-08-03,TMAX,392
IRM00040811,2007-03-01,TMIN,106
IRM00040798,2012-08-17,TMIN,98
IRM00040811,2008-08-22,TMAX,474
IRM00040798,2006-04-26,TMIN,48
IRM00040831,2010-10-15,TMIN,198
IRM00040831,2015-04-26,TMAX,334
IRM00040831,2008-12-13,TMAX,168
IRM00040811,2011-04-14,TMIN,122
IRM00040798,2014-08-11,TMIN,94
IRM00040798,2010-03-16,TMIN,28
IRM00040800,2006-08-30,TMAX,346
IRM00040831,2013-09-25,TMIN,230
IRM00040811,2006-12-02,TMIN,76
IRM00040798,2006-03-18,TMIN,-86
IRM00040798,2006-03-18,TMAX,148
IRM00040811,2014-01-03,TMIN,58
IRM00040798,2010-03-16,TMAX,222
IRM00040811,2009-03-27,TMAX,264
IRM00040831,2006-07-12,TMAX,458
IRM00040800,2014-12-23,TMAX,110
IRM00040831,2013-09-25,TMAX,376
IRM00040831,2006-07-12,TMIN,288
IRM00040798,2006-02-23,TMAX,32
IRM00040800,2010-05-09,TMAX,256
IRM00040798,2013-10-25,TMIN,-32
IRM00040798,2010-04-18,TMIN,30
IRM00040831,2014-05-15,TMAX,356
IRM00040798,2012-11-08,TMAX,190
IRM00040831,2013-12-07,TMIN,120
IRM00040811,2007-07-10,TMAX,458
IRM00040800,2012-09-26,TMAX,306
IRM00040811,2009-12-20,TMIN,116
IRM00040811,2013-03-21,TMAX,260
IRM00040831,2009-03-24,TMIN,144
IRM00040831,2014-05-15,TMIN,220
IRM00040800,2015-05-23,TMAX,340
IRM00040800,2011-05-01,TMAX,260
IRM00040811,2012-03-16,TMIN,116
IRM00040800,2007-08-09,TMAX,350
IRM00040798,2012-12-17,TMAX,54
IRM00040800,2015-11-02,TMAX,152
IRM00040811,2011-06-16,TMAX,452
IRM00040811,2009-01-08,TMAX,184
IRM00040798,2010-01-17,TMAX,151
IRM00040811,2012-03-16,TMAX,256
IRM00040811,2012-05-21,TMIN,244
IRM00040798,2006-02-23,TMIN,-10
IRM00040831,2013-07-28,TMAX,458
IRM00040831,2011-09-08,TMAX,440
IRM00040800,2011-03-02,TMAX,140
IRM00040831,2008-12-16,TMAX,168
IRM00040800,2013-12-09,TMAX,156
IRM00040811,2009-06-23,TMAX,460
IRM00040811,2007-10-25,TMAX,348
IRM00040831,2006-06-11,TMIN,290
IRM00040811,2010-10-29,TMAX,340
IRM00040831,2006-06-11,TMAX,454
IRM00040831,2013-07-16,TMIN,300
IRM00040831,2013-07-16,TMAX,500
IRM00040811,2014-09-18,TMIN,266
IRM00040811,2011-06-16,TMIN,260
IRM00040811,2014-01-03,TMAX,176
IRM00040798,2013-06-13,TMAX,332
IRM00040811,2008-05-06,TMAX,386
IRM00040811,2010-09-18,TMAX,426
IRM00040811,2010-09-18,TMIN,220
IRM00040811,2011-05-26,TMAX,418
IRM00040811,2006-11-14,TMIN,150
IRM00040800,2005-11-16,TMIN,50
IRM00040811,2007-07-25,TMIN,306
IRM00040800,2012-08-12,TMAX,366
IRM00040798,2014-05-18,TMIN,41
IRM00040811,2009-06-09,TMAX,424
IRM00040811,2008-05-06,TMIN,256
IRM00040811,2010-10-29,TMIN,170
IRM00040831,2008-02-08,TMAX,196
IRM00040800,2015-11-14,TMAX,194
IRM00040811,2007-07-09,TMAX,454
IRM00040831,2010-10-15,TMAX,368
IRM00040811,2008-05-10,TMAX,358
IRM00040798,2013-10-25,TMAX,198
IRM00040798,2008-12-21,TMIN,-90
IRM00040811,2013-02-07,TMAX,210
IRM00040811,2011-04-14,TMAX,290
IRM00040798,2012-11-08,TMIN,-30
IRM00040798,2010-09-03,TMIN,90
IRM00040811,2015-03-28,TMAX,294
IRM00040811,2010-12-02,TMAX,272
IRM00040811,2009-06-23,TMIN,298
IRM00040798,2014-05-26,TMIN,59
IRM00040831,2012-02-14,TMIN,70
IRM00040798,2010-10-01,TMIN,54
IRM00040831,2010-07-17,TMIN,318
IRM00040831,2011-01-19,TMAX,188
IRM00040800,2009-07-21,TMAX,406
IRM00040800,2009-07-21,TMIN,210
IRM00040831,2010-07-17,TMAX,494
IRM00040811,2012-07-20,TMAX,510
IRM00040831,2013-12-07,TMAX,196
IRM00040811,2007-04-27,TMIN,236
IRM00040831,2008-08-06,TMAX,478
IRM00040800,2013-02-18,TMAX,180
IRM00040798,2015-06-08,TMIN,78
IRM00040811,2010-10-22,TMAX,394
IRM00040811,2009-12-20,TMAX,210
IRM00040811,2013-04-20,TMAX,360
IRM00040831,2007-03-10,TMAX,282
IRM00040831,2007-11-30,TMIN,68
IRM00040831,2013-01-10,TMAX,150
IRM00040798,2005-11-29,TMAX,162
IRM00040811,2010-07-30,TMAX,466
IRM00040831,2014-02-08,TMAX,166
IRM00040811,2010-07-30,TMIN,334
IRM00040798,2013-12-09,TMAX,100
IRM00040798,2006-10-05,TMAX,264
IRM00040798,2006-01-28,TMIN,-42
IRM00040811,2011-05-31,TMAX,488
IRM00040811,2014-01-24,TMAX,212
IRM00040811,2007-08-28,TMAX,478
IRM00040798,2008-01-02,TMIN,-4
IRM00040831,2009-06-13,TMAX,450
IRM00040811,2014-01-24,TMIN,108
IRM00040831,2014-02-23,TMAX,226
IRM00040798,2015-06-08,TMAX,333
IRM00040811,2012-11-15,TMIN,148
IRM00040798,2010-12-11,TMIN,-96
IRM00040800,2007-06-13,TMAX,382
IRM00040798,2007-01-19,TMAX,-86
IRM00040811,2005-11-26,TMAX,246
IRM00040831,2015-08-26,TMIN,316
IRM00040811,2013-11-14,TMIN,160
IRM00040798,2007-08-19,TMIN,96
IRM00040811,2014-01-11,TMAX,140
IRM00040831,2015-08-26,TMAX,488
IRM00040811,2007-04-27,TMAX,372
IRM00040798,2015-10-11,TMIN,-11
IRM00040798,2015-10-11,TMAX,270
IRM00040831,2014-02-08,TMIN,60
IRM00040798,2008-05-12,TMAX,228
IRM00040800,2012-01-25,TMAX,80
IRM00040811,2012-06-19,TMAX,420
IRM00040831,2011-09-30,TMAX,436
IRM00040831,2011-09-30,TMIN,270
IRM00040831,2011-11-19,TMIN,148
IRM00040798,2006-01-28,TMAX,64
IRM00040831,2008-05-24,TMIN,250
IRM00040798,2009-05-25,TMAX,278
IRM00040831,2011-12-24,TMAX,236
IRM00040800,2012-12-17,TMAX,102
IRM00040831,2012-08-06,TMAX,470
IRM00040831,2010-10-30,TMAX,342
IRM00040831,2005-12-05,TMIN,110
IRM00040800,2006-05-27,TMAX,314
IRM00040800,2012-11-21,TMAX,82
IRM00040798,2010-04-18,TMAX,154
IRM00040811,2007-10-18,TMAX,382
IRM00040811,2008-08-10,TMIN,286
IRM00040800,2012-06-20,TMAX,262
IRM00040811,2009-10-26,TMAX,344
IRM00040831,2009-10-31,TMAX,290
IRM00040831,2005-12-05,TMAX,274
IRM00040811,2012-05-21,TMAX,450
IRM00040798,2013-01-13,TMAX,78
IRM00040800,2015-10-16,TMAX,268
IRM00040798,2015-03-31,TMAX,151
IRM00040831,2008-02-08,TMIN,118
IRM00040811,2014-06-27,TMIN,280
IRM00040831,2010-10-07,TMIN,258
IRM00040800,2012-05-17,TMAX,298
IRM00040811,2012-05-01,TMIN,244
IRM00040831,2010-10-07,TMAX,412
IRM00040831,2011-09-08,TMIN,250
IRM00040811,2009-07-05,TMAX,414
IRM00040811,2007-02-11,TMAX,226
IRM00040811,2009-10-08,TMIN,208
IRM00040831,2013-08-28,TMIN,250
IRM00040800,2012-01-23,TMAX,96
IRM00040798,2012-08-08,TMAX,336
IRM00040831,2011-06-11,TMIN,276
IRM00040831,2014-01-15,TMAX,168
IRM00040798,2015-10-24,TMAX,207
IRM00040798,2015-10-24,TMIN,2
IRM00040800,2013-12-12,TMIN,-22
IRM00040798,2009-05-25,TMIN,70
IRM00040811,2007-02-11,TMIN,114
IRM00040831,2011-04-07,TMIN,170
IRM00040831,2010-10-30,TMIN,186
IRM00040831,2015-12-07,TMAX,130
IRM00040798,2006-01-16,TMAX,0
IRM00040831,2012-08-06,TMIN,310
IRM00040798,2013-06-13,TMIN,52
IRM00040831,2011-12-24,TMIN,152
IRM00040811,2012-02-23,TMIN,68
IRM00040811,2012-02-23,TMAX,202
IRM00040831,2011-04-07,TMAX,308
IRM00040800,2009-08-06,TMAX,392
IRM00040798,2013-03-20,TMAX,162
IRM00040798,2011-10-01,TMAX,258
IRM00040831,2011-10-16,TMIN,196
IRM00040798,2011-06-07,TMIN,72
IRM00040798,2009-06-20,TMAX,274
IRM00040800,2011-04-30,TMAX,304
IRM00040811,2014-06-22,TMIN,316
IRM00040811,2008-04-04,TMIN,138
IRM00040798,2011-11-15,TMAX,112
IRM00040798,2011-07-14,TMAX,344
IRM00040811,2014-06-22,TMAX,474
IRM00040831,2011-11-19,TMAX,258
IRM00040800,2009-06-05,TMAX,324
IRM00040831,2013-03-26,TMAX,296
IRM00040798,2012-11-10,TMAX,194
IRM00040800,2012-12-28,TMAX,48
IRM00040831,2014-04-12,TMAX,336
IRM00040798,2013-03-17,TMAX,188
IRM00040831,2010-12-08,TMAX,260
IRM00040798,2008-08-17,TMAX,308
IRM00040800,2011-06-14,TMAX,356
IRM00040800,2015-06-10,TMAX,352
IRM00040800,2008-05-08,TMAX,270
IRM00040798,2006-05-21,TMIN,48
IRM00040831,2009-06-05,TMAX,472
IRM00040831,2008-03-17,TMAX,282
IRM00040811,2006-06-08,TMAX,434
IRM00040798,2005-04-24,TMIN,56
IRM00040800,2012-11-07,TMAX,224
IRM00040811,2008-04-04,TMAX,330
IRM00040798,2007-12-19,TMIN,-32
IRM00040798,2014-03-27,TMIN,-10
IRM00040798,2010-06-10,TMAX,304
IRM00040811,2010-10-09,TMAX,414
IRM00040798,2005-12-11,TMAX,132
IRM00040800,2010-09-25,TMIN,118
IRM00040811,2009-05-06,TMIN,266
IRM00040811,2009-05-06,TMAX,402
IRM00040831,2009-07-26,TMIN,266
IRM00040800,2006-05-19,TMAX,310
IRM00040831,2011-09-27,TMAX,432
IRM00040798,2011-11-27,TMAX,64
IRM00040831,2009-02-21,TMAX,220
IRM00040831,2012-04-19,TMAX,336
IRM00040800,2014-06-27,TMAX,382
IRM00040831,2012-04-19,TMIN,178
IRM00040811,2015-08-29,TMAX,486
IRM00040798,2005-04-24,TMAX,272
IRM00040831,2010-08-02,TMAX,454
IRM00040831,2006-02-06,TMAX,186
IRM00040798,2005-12-11,TMIN,-60
IRM00040831,2012-11-17,TMIN,124
IRM00040831,2006-02-06,TMIN,98
IRM00040798,2015-06-12,TMIN,86
IRM00040831,2010-08-02,TMIN,312
IRM00040811,2013-07-08,TMAX,504
IRM00040831,2013-03-26,TMIN,116
IRM00040800,2010-04-12,TMAX,254
IRM00040798,2012-02-07,TMIN,-102
IRM00040831,2012-04-26,TMIN,186
IRM00040811,2007-08-05,TMIN,308
IRM00040798,2012-02-07,TMAX,84
IRM00040798,2014-03-27,TMAX,161
IRM00040811,2015-11-24,TMIN,108
IRM00040798,2006-11-18,TMIN,-68
IRM00040800,2006-03-18,TMAX,192
IRM00040798,2006-11-18,TMAX,104
IRM00040811,2013-07-28,TMAX,446
IRM00040831,2014-07-09,TMAX,454
IRM00040831,2015-12-01,TMAX,270
IRM00040798,2012-11-10,TMIN,-10
IRM00040811,2009-07-11,TMIN,294
IRM00040811,2014-07-28,TMAX,450
IRM00040831,2007-07-12,TMAX,474
IRM00040811,2008-03-06,TMAX,284
IRM00040831,2010-12-11,TMAX,250
IRM00040798,2015-06-12,TMAX,332
IRM00040798,2011-12-17,TMAX,106
IRM00040800,2014-09-01,TMAX,330
IRM00040831,2005-11-16,TMAX,170
IRM00040811,2015-06-30,TMIN,320
IRM00040800,2008-05-23,TMAX,310
IRM00040798,2007-02-09,TMIN,-108
IRM00040831,2005-11-16,TMIN,136
IRM00040798,2013-06-01,TMIN,36
IRM00040798,2014-07-14,TMIN,150
IRM00040798,2007-02-09,TMAX,44
IRM00040798,2007-01-26,TMAX,-70
IRM00040811,2011-09-23,TMIN,214
IRM00040811,2010-10-09,TMIN,240
IRM00040811,2011-09-23,TMAX,414
IRM00040800,2013-05-31,TMAX,308
IRM00040798,2014-07-14,TMAX,352
IRM00040811,2006-02-06,TMAX,202
IRM00040798,2015-08-10,TMIN,133
IRM00040800,2012-02-02,TMAX,114
IRM00040798,2015-08-10,TMAX,341
IRM00040831,2010-12-11,TMIN,134
IRM00040811,2015-06-30,TMAX,446
IRM00040811,2013-07-08,TMIN,298
IRM00040798,2007-06-06,TMAX,300
IRM00040798,2006-03-29,TMAX,118
IRM00040798,2005-06-28,TMAX,314
IRM00040831,2010-03-16,TMIN,216
IRM00040800,2007-01-10,TMAX,80
IRM00040811,2009-10-07,TMAX,376
IRM00040831,2011-12-13,TMIN,30
IRM00040798,2009-01-21,TMIN,-82
IRM00040831,2010-03-16,TMAX,370
IRM00040831,2012-06-25,TMIN,240
IRM00040811,2009-10-07,TMIN,188
IRM00040798,2005-06-28,TMIN,70
IRM00040811,2010-06-01,TMIN,258
IRM00040811,2009-05-20,TMAX,430
IRM00040811,2007-09-21,TMAX,432
IRM00040811,2007-09-21,TMIN,246
IRM00040831,2015-12-19,TMAX,210
IRM00040798,2008-06-27,TMAX,334
IRM00040798,2011-12-17,TMIN,-60
IRM00040798,2005-06-30,TMAX,320
IRM00040811,2006-10-29,TMAX,282
IRM00040800,2013-11-11,TMAX,190
IRM00040831,2012-06-25,TMAX,444
IRM00040798,2005-03-13,TMAX,140
IRM00040798,2010-12-03,TMIN,-100
IRM00040798,2014-10-07,TMIN,29
IRM00040798,2013-06-25,TMAX,330
IRM00040800,2006-07-04,TMAX,380
IRM00040811,2013-12-01,TMAX,266
IRM00040798,2014-09-09,TMAX,308
IRM00040811,2007-06-07,TMIN,260
IRM00040811,2007-06-07,TMAX,456
IRM00040811,2011-10-19,TMIN,196
IRM00040798,2005-08-31,TMIN,70
IRM00040831,2014-05-16,TMAX,378
IRM00040831,2014-05-16,TMIN,220
IRM00040811,2009-10-20,TMAX,360
IRM00040798,2015-08-27,TMIN,89
IRM00040798,2013-02-12,TMAX,120
IRM00040800,2012-11-19,TMAX,126
IRM00040811,2009-10-20,TMIN,210
IRM00040831,2011-04-21,TMAX,354
IRM00040831,2014-07-23,TMAX,444
IRM00040811,2012-09-21,TMIN,244
IRM00040798,2010-10-04,TMAX,272
IRM00040831,2015-12-19,TMIN,110
IRM00040798,2005-03-13,TMIN,58
IRM00040831,2014-09-02,TMAX,472
IRM00040831,2010-03-19,TMAX,222
IRM00040811,2012-10-31,TMAX,316
IRM00040811,2012-09-21,TMAX,420
IRM00040831,2012-04-21,TMAX,310
IRM00040798,2010-01-12,TMIN,-80
IRM00040831,2007-09-05,TMAX,462
IRM00040831,2013-10-01,TMAX,380
IRM00040811,2009-09-01,TMAX,414
IRM00040831,2012-04-21,TMIN,190
IRM00040811,2014-05-14,TMIN,236
IRM00040831,2007-09-05,TMIN,254
IRM00040798,2014-09-24,TMIN,34
IRM00040831,2010-12-02,TMAX,274
IRM00040800,2010-12-09,TMAX,160
IRM00040798,2008-07-18,TMIN,106
IRM00040831,2011-04-21,TMIN,220
IRM00040811,2007-05-03,TMAX,396
IRM00040811,2007-05-03,TMIN,234
IRM00040831,2009-07-26,TMAX,458
IRM00040798,2007-06-06,TMIN,56
IRM00040798,2008-07-18,TMAX,338
IRM00040811,2015-08-29,TMIN,310
IRM00040811,2010-12-18,TMAX,254
IRM00040798,2014-09-24,TMAX,294
IRM00040831,2012-08-10,TMAX,494
IRM00040811,2011-10-19,TMAX,388
IRM00040831,2012-08-10,TMIN,314
IRM00040811,2010-01-09,TMIN,96
IRM00040800,2006-12-28,TMAX,104
IRM00040800,2007-04-23,TMAX,258
IRM00040800,2015-10-07,TMAX,306
IRM00040831,2012-08-28,TMAX,476
IRM00040811,2010-01-09,TMAX,208
IRM00040798,2010-01-12,TMAX,148
IRM00040831,2006-11-11,TMAX,238
IRM00040831,2010-03-23,TMAX,286
IRM00040811,2011-05-27,TMIN,260
IRM00040831,2014-04-28,TMIN,284
IRM00040811,2014-05-14,TMAX,352
IRM00040831,2013-05-17,TMAX,356
IRM00040811,2009-05-13,TMAX,402
IRM00040811,2009-05-13,TMIN,270
IRM00040800,2011-04-29,TMAX,284
IRM00040811,2015-12-31,TMAX,160
IRM00040811,2012-10-31,TMIN,146
IRM00040800,2013-03-23,TMAX,212
IRM00040831,2009-04-12,TMAX,326
IRM00040831,2012-08-28,TMIN,262
IRM00040811,2009-09-01,TMIN,274
IRM00040800,2006-01-23,TMIN,-46
IRM00040811,2006-05-12,TMAX,380
IRM00040800,2013-10-21,TMAX,252
IRM00040831,2010-12-14,TMAX,184
IRM00040811,2013-06-30,TMAX,460
IRM00040811,2014-12-12,TMAX,246
IRM00040831,2015-02-11,TMAX,262
IRM00040811,2006-04-28,TMAX,334
IRM00040811,2015-02-23,TMIN,58
IRM00040800,2011-01-18,TMAX,88
IRM00040811,2013-11-19,TMIN,164
IRM00040798,2006-06-19,TMIN,76
IRM00040811,2012-03-09,TMIN,118
IRM00040798,2007-01-21,TMIN,-218
IRM00040811,2013-11-19,TMAX,216
IRM00040831,2011-07-06,TMIN,270
IRM00040798,2007-01-21,TMAX,18
IRM00040800,2014-07-15,TMAX,380
IRM00040831,2012-08-14,TMIN,320
IRM00040831,2013-01-27,TMAX,228
IRM00040798,2012-06-25,TMIN,114
IRM00040798,2012-06-25,TMAX,318
IRM00040811,2009-01-04,TMAX,126
IRM00040811,2013-05-09,TMAX,352
IRM00040811,2015-11-23,TMAX,240
IRM00040811,2009-08-28,TMIN,314
IRM00040831,2015-02-11,TMIN,188
IRM00040798,2007-11-30,TMAX,132
IRM00040831,2010-01-23,TMIN,100
IRM00040798,2007-07-20,TMAX,306
IRM00040798,2007-07-20,TMIN,164
IRM00040831,2015-04-25,TMIN,166
IRM00040798,2009-06-18,TMIN,124
IRM00040798,2009-06-18,TMAX,294
IRM00040798,2007-11-21,TMAX,154
IRM00040811,2015-02-23,TMAX,164
IRM00040800,2012-09-21,TMAX,324
IRM00040831,2006-04-19,TMAX,346
IRM00040798,2008-01-05,TMIN,-50
IRM00040811,2015-05-16,TMAX,374
IRM00040811,2011-10-23,TMAX,320
IRM00040811,2008-06-16,TMAX,462
IRM00040811,2015-05-16,TMIN,250
IRM00040798,2008-01-05,TMAX,66
IRM00040831,2015-04-25,TMAX,292
IRM00040811,2012-03-09,TMAX,268
IRM00040831,2008-11-29,TMAX,270
IRM00040800,2010-09-01,TMAX,344
IRM00040831,2013-10-03,TMIN,236
IRM00040831,2013-01-27,TMIN,136
IRM00040831,2010-06-10,TMIN,314
IRM00040811,2015-03-03,TMAX,258
IRM00040798,2013-03-20,TMIN,-66
IRM00040800,2006-12-08,TMAX,102
IRM00040811,2009-08-28,TMAX,462
IRM00040800,2015-12-05,TMAX,166
IRM00040798,2013-02-27,TMAX,172
IRM00040798,2015-08-21,TMAX,335
IRM00040811,2010-01-11,TMAX,234
IRM00040798,2011-12-05,TMIN,-96
IRM00040811,2013-05-09,TMIN,216
IRM00040831,2005-02-06,TMIN,74
IRM00040800,2012-05-12,TMAX,312
IRM00040798,2007-09-12,TMAX,290
IRM00040831,2012-04-15,TMAX,300
IRM00040831,2012-04-20,TMIN,206
IRM00040798,2007-09-12,TMIN,38
IRM00040800,2009-05-11,TMIN,138
IRM00040800,2012-06-30,TMAX,356
IRM00040800,2008-12-19,TMAX,42
IRM00040831,2011-10-16,TMAX,396
IRM00040798,2012-12-05,TMAX,102
IRM00040831,2013-08-19,TMAX,480
IRM00040798,2010-05-15,TMAX,204
IRM00040798,2011-06-07,TMAX,330
IRM00040800,2011-01-17,TMAX,96
IRM00040798,2005-08-30,TMAX,310
IRM00040831,2012-08-14,TMAX,452
IRM00040811,2015-02-07,TMAX,258
IRM00040811,2015-02-07,TMIN,96
IRM00040811,2008-06-16,TMIN,276
IRM00040831,2014-06-28,TMIN,260
IRM00040798,2006-09-12,TMIN,50
IRM00040798,2006-07-24,TMIN,110
IRM00040831,2014-06-28,TMAX,472
IRM00040798,2006-07-24,TMAX,330
IRM00040798,2011-04-26,TMAX,190
IRM00040831,2008-09-19,TMIN,238
IRM00040798,2006-08-15,TMIN,118
IRM00040798,2006-08-15,TMAX,302
IRM00040811,2008-06-14,TMIN,276
IRM00040811,2009-01-17,TMAX,196
IRM00040800,2010-07-18,TMAX,410
IRM00040811,2008-06-14,TMAX,432
IRM00040800,2015-08-27,TMAX,378
IRM00040831,2008-09-19,TMAX,430
IRM00040831,2013-08-19,TMIN,300
IRM00040811,2008-09-04,TMIN,318
IRM00040798,2008-12-06,TMAX,50
IRM00040831,2010-01-23,TMAX,214
IRM00040798,2009-05-14,TMAX,238
IRM00040811,2006-07-09,TMAX,444
IRM00040811,2015-07-11,TMAX,494
IRM00040800,2014-03-25,TMAX,162
IRM00040798,2012-06-20,TMAX,244
IRM00040831,2011-03-08,TMAX,220
IRM00040831,2009-01-24,TMIN,36
IRM00040811,2010-07-31,TMAX,446
IRM00040811,2012-11-23,TMAX,180
IRM00040811,2008-08-02,TMAX,500
IRM00040798,2013-04-02,TMIN,-24
IRM00040811,2008-08-02,TMIN,320
IRM00040798,2011-01-05,TMAX,90
IRM00040811,2008-07-23,TMIN,320
IRM00040831,2011-08-30,TMAX,438
IRM00040831,2008-09-29,TMAX,360
IRM00040798,2008-10-28,TMIN,0
IRM00040798,2011-01-05,TMIN,26
IRM00040800,2013-09-18,TMAX,344
IRM00040800,2013-07-23,TMAX,412
IRM00040811,2013-01-01,TMAX,206
IRM00040831,2006-12-12,TMAX,176
IRM00040831,2012-04-12,TMAX,288
IRM00040798,2011-06-13,TMAX,288
IRM00040831,2006-07-10,TMIN,300
IRM00040811,2006-10-11,TMAX,396
IRM00040800,2011-07-30,TMAX,346
IRM00040798,2013-11-14,TMAX,124
IRM00040811,2008-09-04,TMAX,444
IRM00040831,2008-08-07,TMAX,466
IRM00040831,2011-08-30,TMIN,268
IRM00040800,2011-12-25,TMAX,172
IRM00040811,2015-06-22,TMAX,452
IRM00040798,2010-12-24,TMAX,108
IRM00040811,2006-10-11,TMIN,236
IRM00040798,2013-09-16,TMIN,28
IRM00040798,2013-12-28,TMAX,110
IRM00040798,2008-12-06,TMIN,-108
IRM00040811,2008-06-28,TMAX,494
IRM00040811,2012-09-15,TMAX,436
IRM00040811,2012-09-15,TMIN,250
IRM00040831,2007-01-17,TMAX,140
IRM00040798,2013-09-16,TMAX,296
IRM00040800,2014-05-11,TMAX,302
IRM00040800,2008-01-29,TMAX,98
IRM00040831,2006-07-10,TMAX,432
IRM00040798,2007-03-19,TMAX,102
IRM00040798,2007-03-10,TMAX,124
IRM00040798,2013-04-02,TMAX,202
IRM00040831,2012-04-26,TMAX,380
IRM00040798,2008-01-03,TMAX,82
IRM00040800,2011-04-15,TMAX,226
IRM00040811,2008-03-18,TMAX,288
IRM00040831,2005-12-20,TMAX,222
IRM00040800,2006-02-25,TMAX,158
IRM00040800,2011-06-28,TMAX,394
IRM00040798,2008-09-21,TMAX,296
IRM00040798,2008-09-21,TMIN,56
IRM00040798,2011-09-01,TMIN,42
IRM00040811,2011-05-04,TMAX,354
IRM00040831,2013-11-02,TMIN,190
IRM00040798,2007-01-10,TMAX,14
IRM00040811,2014-11-08,TMAX,296
IRM00040798,2007-11-21,TMIN,70
IRM00040798,2007-01-10,TMIN,-186
IRM00040811,2014-11-08,TMIN,90
IRM00040800,2015-08-18,TMAX,374
IRM00040800,2006-01-30,TMIN,-40
IRM00040800,2008-06-29,TMAX,394
IRM00040800,2006-01-30,TMAX,70
IRM00040831,2013-10-03,TMAX,410
IRM00040798,2010-02-17,TMAX,150
IRM00040831,2011-09-24,TMAX,442
IRM00040798,2010-02-17,TMIN,-4
IRM00040811,2013-10-16,TMAX,358
IRM00040831,2013-11-02,TMAX,236
IRM00040831,2010-09-19,TMAX,420
IRM00040831,2014-07-09,TMIN,276
IRM00040798,2014-09-25,TMIN,30
IRM00040800,2005-03-06,TMAX,156
IRM00040811,2007-08-05,TMAX,460
IRM00040811,2013-07-04,TMAX,448
IRM00040831,2006-10-05,TMAX,386
IRM00040798,2014-09-25,TMAX,290
IRM00040831,2006-03-05,TMIN,136
IRM00040798,2008-10-28,TMAX,186
IRM00040811,2015-07-30,TMAX,502
IRM00040831,2009-07-20,TMIN,262
IRM00040798,2011-10-28,TMIN,22
IRM00040831,2008-09-29,TMIN,240
IRM00040798,2011-10-28,TMAX,188
IRM00040831,2006-03-05,TMAX,286
IRM00040798,2011-09-01,TMAX,290
IRM00040800,2005-12-16,TMAX,152
IRM00040811,2015-06-22,TMIN,280
IRM00040811,2011-05-04,TMIN,224
IRM00040798,2011-08-06,TMIN,142
IRM00040798,2014-04-29,TMIN,32
IRM00040811,2008-11-16,TMAX,256
IRM00040831,2005-11-27,TMAX,256
IRM00040798,2013-06-30,TMAX,300
IRM00040800,2013-12-10,TMAX,124
IRM00040811,2010-01-17,TMAX,222
IRM00040798,2007-11-07,TMIN,-56
IRM00040798,2006-11-03,TMIN,108
IRM00040831,2015-08-14,TMIN,296
IRM00040831,2011-06-16,TMIN,276
IRM00040811,2008-03-21,TMAX,310
IRM00040800,2015-10-24,TMAX,214
IRM00040831,2011-01-11,TMAX,180
IRM00040811,2006-03-15,TMIN,142
IRM00040811,2014-10-04,TMIN,248
IRM00040798,2014-04-25,TMIN,-7
IRM00040811,2008-03-21,TMIN,150
IRM00040831,2009-05-05,TMAX,380
IRM00040800,2006-04-26,TMAX,152
IRM00040798,2013-05-31,TMAX,268
IRM00040811,2010-07-25,TMAX,462
IRM00040798,2009-03-12,TMAX,198
IRM00040798,2005-12-20,TMAX,130
IRM00040811,2007-11-14,TMAX,295
IRM00040800,2015-09-10,TMAX,324
IRM00040800,2009-07-22,TMAX,410
IRM00040798,2011-05-11,TMIN,48
IRM00040831,2010-09-20,TMAX,424
IRM00040831,2008-11-24,TMAX,276
IRM00040811,2010-08-14,TMIN,318
IRM00040831,2014-08-10,TMIN,298
IRM00040811,2014-06-06,TMAX,444
IRM00040831,2011-04-02,TMIN,164
IRM00040831,2011-04-02,TMAX,346
IRM00040798,2009-09-24,TMIN,24
IRM00040800,2009-01-24,TMAX,54
IRM00040798,2013-01-24,TMAX,136
IRM00040798,2006-11-03,TMAX,172
IRM00040831,2007-05-02,TMIN,192
IRM00040798,2013-01-24,TMIN,-46
IRM00040798,2013-06-27,TMAX,350
IRM00040800,2009-07-22,TMIN,214
IRM00040811,2012-02-21,TMAX,192
IRM00040811,2010-08-14,TMAX,480
IRM00040798,2010-07-08,TMIN,130
IRM00040798,2013-02-04,TMAX,80
IRM00040798,2013-02-04,TMIN,-138
IRM00040798,2013-06-12,TMIN,30
IRM00040798,2013-06-27,TMIN,88
IRM00040811,2015-10-28,TMAX,284
IRM00040798,2010-07-17,TMAX,354
IRM00040831,2006-03-29,TMAX,280
IRM00040831,2007-01-28,TMAX,204
IRM00040798,2013-08-02,TMAX,362
IRM00040798,2006-06-14,TMAX,306
IRM00040798,2015-08-15,TMAX,314
IRM00040831,2007-10-17,TMAX,390
IRM00040811,2013-03-26,TMAX,294
IRM00040831,2010-10-21,TMIN,186
IRM00040798,2006-06-14,TMIN,94
IRM00040811,2014-07-24,TMIN,294
IRM00040800,2009-05-06,TMAX,282
IRM00040811,2006-11-07,TMAX,338
IRM00040811,2013-03-26,TMIN,116
IRM00040798,2013-08-02,TMIN,104
IRM00040811,2015-06-11,TMIN,300
IRM00040831,2012-12-05,TMIN,148
IRM00040831,2012-12-05,TMAX,220
IRM00040798,2015-08-15,TMIN,85
IRM00040811,2015-09-12,TMAX,442
IRM00040798,2015-01-29,TMAX,157
IRM00040831,2013-05-11,TMIN,248
IRM00040798,2011-05-11,TMAX,270
IRM00040831,2012-12-29,TMAX,184
IRM00040831,2013-12-06,TMAX,228
IRM00040798,2009-03-12,TMIN,-54
IRM00040831,2005-03-28,TMAX,290
IRM00040800,2012-04-15,TMAX,180
IRM00040811,2015-05-28,TMAX,424
IRM00040811,2010-03-07,TMAX,300
IRM00040811,2007-11-14,TMIN,120
IRM00040800,2007-02-01,TMAX,152
IRM00040831,2007-12-29,TMAX,174
IRM00040798,2007-11-07,TMAX,226
IRM00040798,2009-10-19,TMIN,2
IRM00040811,2007-10-23,TMAX,354
IRM00040811,2015-01-22,TMAX,214
IRM00040831,2011-03-23,TMAX,324
IRM00040811,2015-01-22,TMIN,58
IRM00040831,2015-11-02,TMIN,178
IRM00040800,2007-06-18,TMAX,396
IRM00040798,2005-11-14,TMIN,-48
IRM00040831,2015-11-02,TMAX,288
IRM00040811,2015-06-11,TMAX,478
IRM00040831,2015-08-14,TMAX,490
IRM00040800,2015-12-01,TMAX,188
IRM00040811,2010-07-25,TMIN,304
IRM00040831,2007-05-02,TMAX,390
IRM00040831,2011-02-12,TMAX,162
IRM00040831,2007-10-17,TMIN,186
IRM00040831,2015-01-25,TMAX,232
IRM00040811,2015-09-11,TMAX,436
IRM00040831,2005-06-30,TMAX,458
IRM00040831,2005-06-30,TMIN,262
IRM00040811,2011-08-26,TMAX,462
IRM00040831,2008-07-25,TMAX,488
IRM00040800,2007-03-10,TMAX,176
IRM00040811,2007-02-05,TMAX,185
IRM00040800,2011-02-05,TMAX,76
IRM00040811,2012-02-18,TMAX,236
IRM00040798,2014-09-21,TMAX,294
IRM00040798,2008-01-02,TMAX,50
IRM00040811,2009-06-11,TMAX,460
IRM00040811,2010-12-02,TMIN,76
IRM00040811,2009-06-11,TMIN,270
IRM00040811,2009-03-29,TMAX,272
IRM00040811,2005-02-20,TMAX,244
IRM00040831,2014-04-06,TMAX,302
IRM00040811,2006-04-23,TMIN,216
IRM00040800,2008-02-24,TMAX,172
IRM00040831,2015-07-31,TMAX,484
IRM00040798,2012-08-29,TMAX,306
IRM00040798,2006-08-25,TMAX,314
IRM00040798,2010-10-09,TMIN,32
IRM00040811,2008-07-10,TMIN,268
IRM00040798,2011-05-29,TMAX,310
IRM00040811,2008-06-06,TMAX,440
IRM00040831,2014-04-06,TMIN,150
IRM00040811,2010-02-15,TMIN,128
IRM00040811,2010-02-15,TMAX,274
IRM00040798,2009-12-09,TMAX,64
IRM00040811,2013-10-22,TMIN,160
IRM00040798,2015-02-22,TMAX,-4
IRM00040831,2015-07-22,TMIN,308
IRM00040831,2013-01-18,TMAX,170
IRM00040800,2015-09-11,TMAX,308
IRM00040811,2010-08-02,TMAX,452
IRM00040811,2008-02-08,TMAX,195
IRM00040798,2010-10-09,TMAX,262
IRM00040798,2007-12-14,TMAX,120
IRM00040800,2006-10-29,TMAX,222
IRM00040831,2011-01-30,TMAX,170
IRM00040831,2009-03-24,TMAX,284
IRM00040811,2011-08-26,TMIN,248
IRM00040831,2013-01-18,TMIN,60
IRM00040798,2015-05-17,TMAX,252
IRM00040811,2010-09-08,TMIN,278
IRM00040798,2015-05-17,TMIN,-4
IRM00040811,2006-04-23,TMAX,368
IRM00040811,2013-02-19,TMIN,96
IRM00040811,2013-02-19,TMAX,232
IRM00040811,2006-04-19,TMIN,216
IRM00040831,2014-08-10,TMAX,452
IRM00040798,2006-01-25,TMIN,-6
IRM00040831,2006-01-06,TMAX,208
IRM00040831,2015-05-12,TMAX,428
IRM00040831,2014-06-19,TMAX,450
IRM00040811,2006-04-19,TMAX,332
IRM00040798,2007-08-04,TMIN,94
IRM00040811,2013-04-29,TMIN,186
IRM00040798,2008-08-21,TMIN,76
IRM00040798,2007-11-29,TMAX,144
IRM00040798,2007-11-29,TMIN,-80
IRM00040831,2014-06-19,TMIN,266
IRM00040811,2015-07-25,TMAX,480
IRM00040831,2009-10-12,TMAX,380
IRM00040831,2014-04-28,TMAX,380
IRM00040800,2008-08-13,TMAX,364
IRM00040811,2014-11-02,TMAX,292
IRM00040831,2008-02-17,TMAX,196
IRM00040831,2009-05-19,TMAX,424
IRM00040798,2007-08-04,TMAX,338
IRM00040831,2011-01-30,TMIN,126
IRM00040811,2006-08-05,TMAX,476
IRM00040800,2006-10-27,TMAX,242
IRM00040831,2010-04-21,TMAX,372
IRM00040811,2006-08-05,TMIN,300
IRM00040811,2008-03-17,TMAX,286
IRM00040811,2010-03-30,TMIN,180
IRM00040800,2015-09-06,TMAX,340
IRM00040831,2015-06-08,TMAX,454
IRM00040800,2006-09-23,TMAX,314
IRM00040800,2009-06-16,TMIN,180
IRM00040800,2009-06-16,TMAX,320
IRM00040831,2013-05-03,TMAX,318
IRM00040800,2010-06-08,TMAX,368
IRM00040831,2015-06-08,TMIN,304
IRM00040811,2014-05-04,TMAX,380
IRM00040831,2006-01-30,TMAX,138
IRM00040811,2010-09-08,TMAX,462
IRM00040800,2015-01-15,TMAX,120
IRM00040798,2007-08-25,TMAX,318
IRM00040798,2006-08-25,TMIN,124
IRM00040831,2010-06-17,TMAX,474
IRM00040800,2012-05-29,TMAX,314
IRM00040811,2009-03-29,TMIN,134
IRM00040831,2009-05-19,TMIN,228
IRM00040811,2012-06-27,TMAX,430
IRM00040800,2014-10-19,TMAX,248
IRM00040811,2007-06-08,TMAX,435
IRM00040798,2014-08-31,TMAX,314
IRM00040831,2012-05-26,TMAX,442
IRM00040800,2013-01-14,TMAX,120
IRM00040811,2005-03-27,TMIN,80
IRM00040811,2006-09-16,TMAX,432
IRM00040798,2008-05-04,TMAX,224
IRM00040798,2015-03-08,TMAX,172
IRM00040811,2007-06-08,TMIN,276
IRM00040798,2005-12-28,TMAX,20
IRM00040811,2007-12-19,TMAX,188
IRM00040798,2013-09-25,TMIN,14
IRM00040798,2005-06-19,TMIN,100
IRM00040831,2013-11-25,TMAX,220
IRM00040798,2013-09-25,TMAX,254
IRM00040800,2008-02-13,TMAX,160
IRM00040811,2010-02-26,TMAX,246
IRM00040811,2010-02-26,TMIN,150
IRM00040798,2014-03-24,TMIN,-64
IRM00040811,2006-09-16,TMIN,230
IRM00040811,2011-10-18,TMIN,208
IRM00040831,2009-02-04,TMAX,214
IRM00040831,2012-05-26,TMIN,258
IRM00040831,2008-12-12,TMAX,176
IRM00040831,2007-01-14,TMAX,138
IRM00040800,2012-02-23,TMAX,80
IRM00040800,2011-02-15,TMAX,120
IRM00040798,2014-05-12,TMAX,256
IRM00040800,2006-10-13,TMAX,284
IRM00040811,2015-05-24,TMAX,430
IRM00040800,2015-10-22,TMAX,230
IRM00040798,2006-08-07,TMIN,128
IRM00040800,2011-10-17,TMAX,290
IRM00040800,2013-11-24,TMAX,128
IRM00040811,2011-01-27,TMAX,186
IRM00040798,2010-11-01,TMAX,194
IRM00040798,2010-11-01,TMIN,42
IRM00040800,2009-09-04,TMAX,344
IRM00040811,2012-08-04,TMIN,318
IRM00040811,2008-11-02,TMAX,266
IRM00040798,2010-04-26,TMIN,-20
IRM00040811,2013-02-06,TMAX,214
IRM00040811,2013-02-06,TMIN,76
IRM00040811,2014-03-26,TMAX,284
IRM00040798,2011-02-16,TMIN,-50
IRM00040811,2012-05-19,TMAX,440
IRM00040811,2010-08-31,TMAX,470
IRM00040831,2012-03-25,TMAX,290
IRM00040831,2013-11-25,TMIN,106
IRM00040811,2008-12-11,TMAX,232
IRM00040831,2011-11-24,TMAX,198
IRM00040831,2012-10-15,TMIN,188
IRM00040798,2012-09-10,TMIN,86
IRM00040798,2005-12-28,TMIN,-118
IRM00040798,2006-01-22,TMAX,28
IRM00040811,2014-08-28,TMAX,464
IRM00040811,2013-08-25,TMAX,448
IRM00040798,2014-03-24,TMAX,155
IRM00040811,2014-08-28,TMIN,316
IRM00040831,2013-04-14,TMIN,206
IRM00040811,2010-11-07,TMAX,312
IRM00040811,2011-10-15,TMAX,398
IRM00040831,2007-04-13,TMAX,288
IRM00040831,2012-03-29,TMIN,178
IRM00040831,2012-03-29,TMAX,326
IRM00040798,2010-10-11,TMIN,26
IRM00040811,2011-12-22,TMAX,226
IRM00040798,2007-12-23,TMAX,-18
IRM00040831,2007-01-19,TMAX,148
IRM00040811,2014-06-24,TMIN,280
IRM00040798,2008-06-19,TMAX,324
IRM00040811,2011-12-22,TMIN,74
IRM00040811,2012-08-04,TMAX,486
IRM00040798,2005-06-19,TMAX,324
IRM00040811,2009-09-18,TMAX,410
IRM00040831,2010-05-24,TMAX,416
IRM00040800,2015-03-23,TMAX,144
IRM00040798,2008-05-04,TMIN,4
IRM00040811,2011-09-22,TMIN,242
IRM00040811,2011-10-18,TMAX,386
IRM00040811,2015-05-06,TMAX,382
IRM00040798,2010-12-07,TMAX,154
IRM00040798,2010-10-11,TMAX,246
IRM00040798,2011-02-16,TMAX,100
IRM00040798,2008-06-19,TMIN,84
IRM00040811,2011-01-27,TMIN,122
IRM00040798,2007-08-16,TMAX,330
IRM00040800,2013-08-25,TMAX,364
IRM00040798,2007-08-16,TMIN,80
IRM00040798,2015-03-08,TMIN,-96
IRM00040800,2007-01-14,TMAX,122
IRM00040798,2010-12-07,TMIN,-100
IRM00040811,2008-11-16,TMIN,130
IRM00040831,2012-03-25,TMIN,140
IRM00040800,2008-06-12,TMAX,354
IRM00040811,2007-09-26,TMIN,240
IRM00040811,2007-09-26,TMAX,404
IRM00040831,2007-06-04,TMAX,440
IRM00040831,2006-01-23,TMIN,40
IRM00040831,2006-01-23,TMAX,162
IRM00040811,2014-10-04,TMAX,392
IRM00040811,2006-12-12,TMAX,170
IRM00040798,2014-04-29,TMAX,214
IRM00040831,2005-05-30,TMIN,256
IRM00040800,2006-07-12,TMAX,376
IRM00040811,2009-12-25,TMIN,128
IRM00040831,2013-06-10,TMAX,446
IRM00040831,2009-07-29,TMIN,276
IRM00040811,2013-06-03,TMAX,440
IRM00040798,2015-12-29,TMIN,-153
IRM00040798,2006-11-19,TMIN,-54
IRM00040831,2009-12-31,TMAX,182
IRM00040811,2005-03-27,TMAX,250
IRM00040800,2010-09-25,TMAX,314
IRM00040798,2006-11-11,TMIN,-18
IRM00040811,2013-06-03,TMIN,274
IRM00040798,2006-11-11,TMAX,160
IRM00040800,2009-06-01,TMAX,310
IRM00040811,2010-09-09,TMIN,280
IRM00040811,2015-07-29,TMAX,492
IRM00040798,2014-05-12,TMIN,48
IRM00040811,2015-09-12,TMIN,296
IRM00040811,2013-04-29,TMAX,364
IRM00040811,2009-08-19,TMIN,278
IRM00040811,2012-06-27,TMIN,286
IRM00040831,2013-12-12,TMIN,118
IRM00040800,2005-06-20,TMAX,380
IRM00040811,2012-07-09,TMAX,436
IRM00040811,2009-08-19,TMAX,460
IRM00040811,2014-04-05,TMIN,138
IRM00040831,2005-01-30,TMAX,194
IRM00040798,2014-01-05,TMIN,-194
IRM00040800,2012-11-21,TMIN,46
IRM00040798,2014-02-28,TMAX,130
IRM00040800,2013-11-30,TMIN,40
IRM00040831,2010-01-17,TMIN,120
IRM00040798,2015-01-29,TMIN,0
IRM00040798,2014-01-05,TMAX,-20
IRM00040831,2005-12-21,TMAX,218
IRM00040800,2006-02-01,TMAX,122
IRM00040831,2006-12-29,TMAX,122
IRM00040800,2013-11-30,TMAX,220
IRM00040811,2009-12-05,TMIN,106
IRM00040798,2008-05-17,TMAX,260
IRM00040811,2010-09-09,TMAX,470
IRM00040811,2014-12-11,TMAX,256
IRM00040798,2014-08-31,TMIN,70
IRM00040798,2006-11-21,TMAX,16
IRM00040798,2015-12-22,TMAX,69
IRM00040798,2014-03-26,TMIN,-31
IRM00040800,2007-03-13,TMAX,196
IRM00040831,2006-08-09,TMAX,492
IRM00040800,2015-04-20,TMAX,260
IRM00040811,2009-12-05,TMAX,210
IRM00040811,2014-05-19,TMIN,248
IRM00040800,2014-09-07,TMAX,352
IRM00040831,2015-08-08,TMIN,310
IRM00040831,2013-06-26,TMAX,468
IRM00040811,2008-09-20,TMAX,442
IRM00040831,2013-02-20,TMAX,250
IRM00040831,2012-04-29,TMIN,270
IRM00040800,2010-06-19,TMAX,368
IRM00040831,2015-05-11,TMIN,256
IRM00040831,2015-05-11,TMAX,408
IRM00040831,2015-08-08,TMAX,506
IRM00040811,2008-05-18,TMAX,422
IRM00040811,2008-09-20,TMIN,256
IRM00040800,2011-05-08,TMAX,294
IRM00040831,2006-08-09,TMIN,280
IRM00040831,2014-04-09,TMAX,352
IRM00040798,2009-02-01,TMAX,50
IRM00040798,2005-09-09,TMAX,318
IRM00040800,2014-07-02,TMAX,374
IRM00040800,2015-10-13,TMAX,294
IRM00040831,2005-05-02,TMIN,218
IRM00040798,2012-04-07,TMIN,10
IRM00040798,2005-09-09,TMIN,64
IRM00040798,2009-10-19,TMAX,208
IRM00040800,2007-07-02,TMAX,398
IRM00040831,2005-05-02,TMAX,396
IRM00040811,2013-09-05,TMAX,466
IRM00040800,2006-12-10,TMAX,70
IRM00040811,2008-08-13,TMAX,455
IRM00040831,2011-10-12,TMAX,384
IRM00040831,2012-04-29,TMAX,394
IRM00040798,2014-03-26,TMAX,159
IRM00040811,2015-05-24,TMIN,278
IRM00040798,2006-11-21,TMIN,-68
IRM00040798,2015-04-10,TMAX,223
IRM00040831,2009-04-04,TMIN,150
IRM00040798,2014-10-01,TMAX,280
IRM00040798,2012-04-07,TMAX,170
IRM00040831,2011-07-30,TMAX,480
IRM00040811,2007-11-15,TMAX,304
IRM00040811,2008-05-12,TMIN,206
IRM00040798,2007-10-09,TMAX,222
IRM00040798,2007-10-09,TMIN,10
IRM00040798,2013-06-06,TMAX,328
IRM00040798,2006-11-04,TMAX,186
IRM00040798,2012-06-01,TMAX,312
IRM00040800,2005-09-13,TMAX,350
IRM00040831,2010-04-21,TMIN,216
IRM00040811,2011-05-13,TMAX,422
IRM00040798,2012-01-27,TMIN,-78
IRM00040798,2007-04-29,TMAX,214
IRM00040798,2006-03-21,TMAX,152
IRM00040798,2012-01-27,TMAX,104
IRM00040800,2010-01-27,TMAX,114
IRM00040811,2014-05-18,TMIN,248
IRM00040811,2014-11-11,TMAX,274
IRM00040811,2007-04-18,TMAX,362
IRM00040831,2009-09-08,TMAX,440
IRM00040811,2012-12-19,TMAX,182
IRM00040811,2014-11-11,TMIN,90
IRM00040811,2008-08-10,TMAX,456
IRM00040798,2010-10-23,TMIN,8
IRM00040811,2008-06-02,TMAX,464
IRM00040811,2008-06-18,TMAX,446
IRM00040831,2013-07-23,TMAX,460
IRM00040831,2005-09-17,TMAX,436
IRM00040811,2008-05-31,TMIN,276
IRM00040800,2005-12-07,TMAX,190
IRM00040831,2011-11-28,TMAX,190
IRM00040798,2014-06-27,TMAX,330
IRM00040798,2006-07-28,TMAX,358
IRM00040831,2015-07-14,TMIN,294
IRM00040831,2007-10-25,TMIN,170
IRM00040831,2007-10-25,TMAX,345
IRM00040831,2006-11-29,TMIN,60
IRM00040811,2010-12-01,TMAX,276
IRM00040811,2008-06-02,TMIN,308
IRM00040798,2013-06-06,TMIN,42
IRM00040811,2009-10-13,TMAX,376
IRM00040831,2012-02-14,TMAX,234
IRM00040831,2014-11-15,TMIN,148
IRM00040811,2008-05-31,TMAX,438
IRM00040831,2014-11-15,TMAX,286
IRM00040800,2009-03-28,TMAX,202
IRM00040811,2015-11-09,TMAX,258
IRM00040831,2014-07-08,TMAX,464
IRM00040798,2013-10-01,TMIN,10
IRM00040831,2006-04-26,TMAX,300
IRM00040798,2013-08-16,TMAX,326
IRM00040811,2006-04-29,TMAX,358
IRM00040831,2006-06-24,TMIN,262
IRM00040831,2006-06-24,TMAX,474
IRM00040811,2014-05-18,TMAX,412
IRM00040831,2012-02-08,TMIN,122
IRM00040798,2006-03-05,TMIN,-78
IRM00040800,2010-08-08,TMIN,176
IRM00040800,2014-01-20,TMAX,66
IRM00040798,2014-05-26,TMAX,284
IRM00040831,2009-03-07,TMAX,288
IRM00040831,2014-08-26,TMAX,476
IRM00040798,2014-04-01,TMIN,-7
IRM00040811,2007-03-27,TMAX,212
IRM00040798,2011-11-14,TMIN,20
IRM00040831,2014-08-04,TMAX,456
IRM00040798,2011-11-14,TMAX,160
IRM00040798,2006-01-13,TMAX,64
IRM00040811,2014-09-18,TMAX,424
IRM00040800,2015-02-21,TMAX,90
IRM00040831,2006-07-31,TMAX,448
IRM00040800,2014-02-27,TMAX,192
IRM00040811,2008-06-07,TMAX,450
IRM00040831,2015-07-14,TMAX,470
IRM00040811,2010-06-10,TMAX,454
IRM00040811,2007-04-18,TMIN,186
IRM00040831,2015-01-29,TMIN,130
IRM00040811,2012-05-20,TMIN,260
IRM00040800,2013-10-29,TMAX,186
IRM00040811,2012-12-19,TMIN,94
IRM00040798,2010-10-23,TMAX,236
IRM00040831,2012-10-11,TMAX,416
IRM00040811,2006-11-26,TMAX,236
IRM00040831,2011-07-18,TMIN,274
IRM00040811,2007-12-27,TMAX,150
IRM00040831,2015-01-29,TMAX,232
IRM00040798,2006-01-12,TMAX,30
IRM00040811,2008-06-18,TMIN,286
IRM00040798,2013-10-01,TMAX,266
IRM00040800,2011-12-14,TMAX,112
IRM00040811,2005-08-30,TMAX,436
IRM00040811,2005-08-30,TMIN,260
IRM00040831,2007-11-20,TMIN,142
IRM00040798,2015-03-28,TMAX,186
IRM00040831,2011-07-18,TMAX,452
IRM00040800,2007-07-20,TMAX,350
IRM00040800,2008-04-05,TMAX,230
IRM00040811,2012-05-20,TMAX,446
IRM00040831,2015-07-20,TMAX,470
IRM00040800,2012-08-14,TMAX,362
IRM00040798,2011-03-13,TMIN,46
IRM00040798,2008-09-26,TMIN,70
IRM00040811,2015-06-08,TMAX,468
IRM00040800,2012-11-04,TMAX,224
IRM00040831,2014-03-22,TMIN,140
IRM00040798,2006-01-21,TMIN,-144
IRM00040800,2011-08-03,TMAX,370
IRM00040798,2008-03-27,TMAX,238
IRM00040811,2006-12-13,TMAX,136
IRM00040831,2010-12-28,TMAX,220
IRM00040800,2006-08-07,TMAX,390
IRM00040831,2011-02-02,TMAX,186
IRM00040798,2008-09-26,TMAX,262
IRM00040811,2013-08-11,TMAX,442
IRM00040811,2006-12-13,TMIN,64
IRM00040811,2013-08-11,TMIN,296
IRM00040811,2013-10-03,TMAX,404
IRM00040831,2007-04-27,TMAX,380
IRM00040831,2011-06-18,TMIN,300
IRM00040811,2012-05-01,TMAX,396
IRM00040811,2013-01-17,TMAX,182
IRM00040800,2008-07-27,TMAX,370
IRM00040798,2014-06-08,TMIN,76
IRM00040811,2015-06-08,TMIN,300
IRM00040811,2010-07-24,TMAX,468
IRM00040798,2011-09-17,TMIN,30
IRM00040798,2013-12-09,TMIN,4
IRM00040831,2013-03-02,TMIN,180
IRM00040798,2011-09-17,TMAX,306
IRM00040798,2010-09-03,TMAX,316
IRM00040800,2014-12-17,TMAX,122
IRM00040798,2011-10-01,TMIN,106
IRM00040831,2014-07-02,TMAX,488
IRM00040811,2007-07-25,TMAX,468
IRM00040831,2014-03-22,TMAX,274
IRM00040811,2012-11-24,TMAX,210
IRM00040811,2008-11-13,TMIN,138
IRM00040811,2012-11-24,TMIN,154
IRM00040831,2012-10-03,TMAX,414
IRM00040831,2012-10-03,TMIN,220
IRM00040831,2008-05-29,TMAX,438
IRM00040831,2008-05-29,TMIN,290
IRM00040798,2008-03-27,TMIN,34
IRM00040800,2007-05-10,TMAX,316
IRM00040800,2009-11-14,TMAX,210
IRM00040798,2008-04-23,TMAX,244
IRM00040831,2013-03-02,TMAX,240
IRM00040811,2011-10-27,TMAX,318
IRM00040811,2013-01-17,TMIN,28
IRM00040811,2006-08-16,TMIN,290
IRM00040831,2009-08-16,TMIN,266
IRM00040798,2007-10-25,TMAX,190
IRM00040811,2009-07-27,TMIN,298
IRM00040831,2014-06-02,TMAX,466
IRM00040811,2009-06-13,TMAX,474
IRM00040798,2014-06-27,TMIN,86
IRM00040800,2008-10-26,TMAX,246
IRM00040831,2014-04-10,TMIN,204
IRM00040798,2010-01-05,TMIN,-62
IRM00040831,2007-06-01,TMAX,440
IRM00040800,2008-04-16,TMAX,270
IRM00040811,2015-08-12,TMAX,466
IRM00040798,2008-10-12,TMAX,246
IRM00040811,2013-07-16,TMAX,484
IRM00040798,2013-01-13,TMIN,-122
IRM00040831,2011-05-12,TMIN,270
IRM00040831,2007-06-01,TMIN,270
IRM00040798,2011-03-13,TMAX,118
IRM00040798,2007-10-25,TMIN,22
IRM00040800,2014-04-24,TMAX,264
IRM00040831,2015-08-06,TMIN,310
IRM00040798,2010-01-05,TMAX,136
IRM00040798,2008-04-23,TMIN,16
IRM00040811,2010-06-12,TMIN,328
IRM00040798,2014-06-08,TMAX,319
IRM00040811,2006-08-16,TMAX,486
IRM00040800,2011-05-24,TMAX,320
IRM00040811,2009-10-16,TMIN,210
IRM00040831,2011-08-12,TMIN,284
IRM00040831,2011-05-23,TMIN,298
IRM00040811,2013-10-03,TMIN,216
IRM00040811,2012-09-01,TMAX,440
IRM00040831,2006-02-25,TMIN,110
IRM00040831,2007-09-12,TMAX,446
IRM00040811,2014-06-30,TMIN,298
IRM00040831,2006-02-25,TMAX,252
IRM00040831,2009-08-01,TMIN,266
IRM00040831,2007-01-29,TMAX,208
IRM00040811,2009-07-27,TMAX,450
IRM00040831,2009-08-01,TMAX,456
IRM00040831,2015-08-06,TMAX,502
IRM00040831,2011-05-23,TMAX,434
IRM00040800,2008-09-23,TMAX,334
IRM00040811,2007-02-01,TMAX,206
IRM00040811,2009-10-16,TMAX,374
IRM00040831,2009-08-16,TMAX,466
IRM00040831,2010-01-20,TMAX,242
IRM00040831,2015-07-20,TMIN,298
IRM00040831,2013-06-20,TMIN,278
IRM00040831,2013-05-11,TMAX,408
IRM00040811,2014-11-20,TMAX,258
IRM00040831,2005-10-21,TMAX,294
IRM00040798,2007-12-20,TMAX,60
IRM00040800,2007-04-13,TMAX,216
IRM00040811,2006-09-29,TMIN,210
IRM00040831,2009-01-26,TMIN,60
IRM00040811,2006-09-29,TMAX,372
IRM00040800,2009-05-24,TMAX,332
IRM00040811,2013-09-19,TMIN,254
IRM00040798,2005-09-03,TMAX,308
IRM00040831,2011-11-11,TMIN,58
IRM00040798,2008-01-14,TMAX,-44
IRM00040831,2005-04-24,TMAX,404
IRM00040800,2012-04-17,TMAX,214
IRM00040798,2012-02-14,TMIN,-100
IRM00040798,2008-08-21,TMAX,312
IRM00040798,2005-09-03,TMIN,78
IRM00040811,2007-03-12,TMAX,282
IRM00040798,2012-02-14,TMAX,94
IRM00040800,2006-03-26,TMAX,240
IRM00040811,2013-09-19,TMAX,426
IRM00040811,2011-06-24,TMIN,280
IRM00040831,2012-09-06,TMAX,440
IRM00040831,2014-04-29,TMIN,256
IRM00040811,2010-07-24,TMIN,308
IRM00040811,2014-02-09,TMAX,198
IRM00040798,2011-05-01,TMAX,186
IRM00040831,2007-11-13,TMAX,268
IRM00040811,2009-11-13,TMAX,296
IRM00040811,2012-06-05,TMIN,260
IRM00040831,2015-10-27,TMAX,354
IRM00040800,2013-05-30,TMAX,304
IRM00040800,2012-03-24,TMAX,164
IRM00040811,2012-06-05,TMAX,470
IRM00040811,2008-09-09,TMAX,434
IRM00040798,2015-08-14,TMIN,79
IRM00040811,2012-01-31,TMAX,130
IRM00040811,2014-02-09,TMIN,48
IRM00040831,2015-05-24,TMIN,270
IRM00040798,2008-03-21,TMAX,210
IRM00040798,2014-07-07,TMIN,120
IRM00040800,2009-06-20,TMAX,312
IRM00040798,2011-05-29,TMIN,78
IRM00040798,2007-12-23,TMIN,-246
IRM00040831,2011-05-12,TMAX,434
IRM00040831,2014-01-24,TMAX,188
IRM00040800,2013-03-30,TMAX,234
IRM00040831,2007-09-04,TMIN,266
IRM00040811,2008-05-12,TMAX,382
IRM00040811,2013-11-04,TMAX,280
IRM00040800,2005-07-10,TMAX,398
IRM00040831,2008-06-20,TMIN,260
IRM00040831,2015-07-22,TMAX,470
IRM00040800,2010-01-03,TMAX,144
IRM00040798,2013-01-09,TMIN,2
IRM00040800,2014-10-10,TMAX,266
IRM00040798,2013-01-09,TMAX,74
IRM00040798,2010-02-15,TMAX,152
IRM00040798,2015-10-07,TMIN,54
IRM00040798,2015-09-03,TMAX,265
IRM00040798,2015-10-07,TMAX,252
IRM00040800,2010-03-23,TMAX,214
IRM00040800,2015-05-21,TMAX,332
IRM00040798,2009-09-24,TMAX,262
IRM00040800,2011-02-19,TMAX,162
IRM00040798,2012-08-29,TMIN,92
IRM00040798,2007-02-08,TMAX,34
IRM00040811,2008-07-10,TMAX,444
IRM00040811,2013-11-04,TMIN,178
IRM00040831,2008-06-20,TMAX,458
IRM00040811,2009-02-16,TMAX,250
IRM00040811,2009-02-16,TMIN,108
IRM00040811,2006-04-07,TMAX,270
IRM00040811,2006-08-11,TMAX,464
IRM00040811,2006-06-27,TMAX,470
IRM00040811,2012-10-30,TMAX,308
IRM00040811,2009-06-03,TMIN,246
IRM00040811,2009-06-03,TMAX,424
IRM00040811,2015-01-19,TMAX,172
IRM00040811,2014-11-20,TMIN,128
IRM00040811,2006-08-11,TMIN,310
IRM00040811,2012-10-30,TMIN,134
IRM00040798,2007-05-09,TMIN,36
IRM00040811,2014-05-04,TMIN,230
IRM00040831,2011-11-11,TMAX,250
IRM00040798,2006-02-25,TMIN,-74
IRM00040798,2006-02-25,TMAX,136
IRM00040800,2012-04-29,TMAX,258
IRM00040800,2009-01-28,TMAX,140
IRM00040798,2015-09-25,TMAX,285
IRM00040811,2007-03-05,TMAX,256
IRM00040798,2010-09-01,TMAX,312
IRM00040811,2006-06-27,TMIN,286
IRM00040798,2009-11-27,TMIN,-16
IRM00040811,2005-09-26,TMAX,424
IRM00040811,2005-09-26,TMIN,236
IRM00040831,2014-02-13,TMAX,230
IRM00040831,2005-11-14,TMIN,110
IRM00040798,2011-03-27,TMIN,-62
IRM00040831,2005-11-14,TMAX,264
IRM00040831,2013-10-10,TMAX,324
IRM00040798,2007-01-20,TMIN,-276
IRM00040800,2015-01-13,TMAX,120
IRM00040800,2012-09-16,TMAX,306
IRM00040831,2014-08-26,TMIN,296
IRM00040831,2013-03-06,TMAX,236
IRM00040800,2005-09-08,TMAX,352
IRM00040831,2010-01-05,TMAX,238
IRM00040798,2015-08-14,TMAX,322
IRM00040831,2010-01-20,TMIN,154
IRM00040798,2007-01-20,TMAX,-34
IRM00040831,2013-10-10,TMIN,136
IRM00040800,2011-03-17,TMAX,166
IRM00040811,2013-03-04,TMAX,316
IRM00040831,2011-05-22,TMAX,432
IRM00040800,2010-07-23,TMAX,404
IRM00040811,2013-08-19,TMAX,464
IRM00040811,2007-09-07,TMIN,276
IRM00040800,2012-08-07,TMAX,356
IRM00040800,2015-05-13,TMAX,306
IRM00040798,2010-09-18,TMAX,282
IRM00040798,2015-12-15,TMAX,42
IRM00040800,2015-01-04,TMAX,180
IRM00040798,2006-03-05,TMAX,152
IRM00040798,2011-03-27,TMAX,154
IRM00040831,2013-06-20,TMAX,440
IRM00040831,2006-03-28,TMAX,284
IRM00040811,2007-06-14,TMAX,464
IRM00040800,2009-07-19,TMAX,402
IRM00040800,2015-10-25,TMAX,242
IRM00040811,2013-03-04,TMIN,158
IRM00040831,2012-02-08,TMAX,200
IRM00040831,2012-03-18,TMIN,90
IRM00040831,2008-01-07,TMAX,124
IRM00040798,2010-04-04,TMAX,210
IRM00040831,2008-05-03,TMIN,196
IRM00040831,2006-03-28,TMIN,198
IRM00040798,2009-10-16,TMAX,230
IRM00040811,2012-04-20,TMAX,304
IRM00040811,2015-04-13,TMAX,272
IRM00040831,2012-03-18,TMAX,144
IRM00040798,2009-10-16,TMIN,2
IRM00040811,2013-08-19,TMIN,294
IRM00040798,2010-09-18,TMIN,58
IRM00040831,2013-06-29,TMAX,468
IRM00040831,2014-07-10,TMAX,470
IRM00040831,2006-01-29,TMAX,156
IRM00040831,2014-02-13,TMIN,80
IRM00040798,2009-02-16,TMIN,-54
IRM00040811,2012-12-09,TMIN,124
IRM00040798,2015-05-02,TMAX,261
IRM00040798,2015-05-02,TMIN,36
IRM00040811,2006-03-13,TMAX,254
IRM00040811,2006-03-13,TMIN,100
IRM00040800,2013-10-02,TMAX,326
IRM00040811,2012-12-09,TMAX,234
IRM00040798,2013-01-14,TMAX,74
IRM00040831,2005-01-24,TMAX,170
IRM00040811,2010-02-08,TMIN,58
IRM00040811,2010-02-08,TMAX,166
IRM00040831,2015-05-24,TMAX,418
IRM00040811,2013-01-13,TMAX,144
IRM00040800,2009-12-14,TMAX,112
IRM00040831,2008-11-14,TMAX,238
IRM00040811,2011-12-16,TMAX,224
IRM00040811,2013-10-22,TMAX,326
IRM00040798,2006-09-29,TMIN,8
IRM00040798,2013-01-14,TMIN,-126
IRM00040798,2012-03-18,TMAX,40
IRM00040811,2014-05-10,TMIN,286
IRM00040798,2012-04-05,TMAX,180
IRM00040831,2014-07-10,TMIN,280
IRM00040831,2013-06-29,TMIN,308
IRM00040811,2014-05-10,TMAX,392
IRM00040831,2011-12-26,TMAX,222
IRM00040798,2012-04-05,TMIN,-2
IRM00040811,2007-03-12,TMIN,116
IRM00040831,2008-05-03,TMAX,370
IRM00040798,2007-09-29,TMAX,256
IRM00040798,2007-09-29,TMIN,30
IRM00040811,2015-05-09,TMIN,270
IRM00040798,2007-11-13,TMAX,184
IRM00040811,2011-12-16,TMIN,78
IRM00040798,2007-11-13,TMIN,-40
IRM00040811,2015-05-09,TMAX,392
IRM00040800,2007-07-15,TMAX,394
IRM00040798,2008-03-21,TMIN,-78
IRM00040831,2007-08-25,TMIN,266
IRM00040831,2007-08-25,TMAX,478
IRM00040811,2009-05-15,TMAX,406
IRM00040831,2007-11-13,TMIN,148
IRM00040798,2015-12-29,TMAX,38
IRM00040798,2009-02-16,TMAX,124
IRM00040811,2007-03-16,TMAX,220
IRM00040800,2011-10-01,TMAX,318
IRM00040798,2011-01-20,TMAX,68
IRM00040831,2013-08-18,TMAX,488
IRM00040811,2008-08-19,TMAX,472
IRM00040831,2007-03-04,TMAX,254
IRM00040798,2012-03-20,TMAX,138
IRM00040811,2014-03-03,TMAX,220
IRM00040811,2013-05-01,TMAX,286
IRM00040811,2006-02-28,TMAX,275
IRM00040811,2006-02-28,TMIN,110
IRM00040798,2007-06-23,TMIN,74
IRM00040798,2014-08-05,TMIN,98
IRM00040811,2008-09-19,TMAX,420
IRM00040831,2012-02-27,TMAX,214
IRM00040800,2009-08-07,TMAX,390
IRM00040800,2014-10-27,TMAX,238
IRM00040831,2013-08-18,TMIN,308
IRM00040831,2014-09-09,TMAX,440
IRM00040798,2014-08-05,TMAX,340
IRM00040798,2005-09-22,TMAX,294
IRM00040798,2014-08-07,TMAX,354
IRM00040831,2011-02-16,TMAX,228
IRM00040831,2009-11-03,TMAX,294
IRM00040831,2006-10-08,TMAX,364
IRM00040831,2006-10-08,TMIN,182
IRM00040798,2007-06-23,TMAX,332
IRM00040831,2010-05-26,TMIN,236
IRM00040798,2013-07-10,TMAX,352
IRM00040798,2013-02-14,TMAX,108
IRM00040798,2013-02-14,TMIN,-102
IRM00040811,2012-09-19,TMIN,246
IRM00040811,2008-07-24,TMAX,484
IRM00040811,2011-12-04,TMIN,50
IRM00040798,2014-11-20,TMIN,-44
IRM00040811,2014-04-06,TMAX,294
IRM00040831,2014-07-29,TMAX,438
IRM00040811,2012-09-19,TMAX,426
IRM00040798,2013-03-01,TMAX,144
IRM00040798,2015-03-10,TMIN,-42
IRM00040798,2014-11-20,TMAX,122
IRM00040798,2007-03-01,TMAX,116
IRM00040811,2014-01-20,TMAX,186
IRM00040798,2007-03-01,TMIN,-88
IRM00040811,2008-03-10,TMAX,340
IRM00040831,2015-03-01,TMAX,268
IRM00040811,2007-08-31,TMAX,456
IRM00040798,2012-03-20,TMIN,-126
IRM00040831,2006-01-03,TMIN,98
IRM00040831,2013-05-07,TMIN,216
IRM00040831,2006-01-03,TMAX,202
IRM00040831,2005-12-29,TMAX,150
IRM00040831,2013-03-20,TMAX,222
IRM00040811,2010-05-27,TMAX,440
IRM00040811,2013-11-20,TMAX,226
IRM00040798,2014-03-17,TMIN,-66
IRM00040831,2013-05-14,TMAX,374
IRM00040800,2011-07-24,TMAX,364
IRM00040811,2009-04-19,TMAX,332
IRM00040831,2010-04-20,TMAX,362
IRM00040800,2013-02-25,TMAX,126
IRM00040800,2012-01-24,TMAX,94
IRM00040831,2007-05-18,TMAX,378
IRM00040831,2013-09-03,TMAX,466
IRM00040811,2008-10-23,TMIN,204
IRM00040811,2008-09-08,TMAX,450
IRM00040811,2012-07-07,TMAX,454
IRM00040831,2010-02-03,TMAX,226
IRM00040798,2015-03-27,TMAX,109
IRM00040811,2014-08-31,TMAX,444
IRM00040800,2006-04-05,TMAX,224
IRM00040831,2011-10-27,TMAX,342
IRM00040831,2015-07-25,TMAX,486
IRM00040831,2010-11-18,TMIN,130
IRM00040831,2010-03-14,TMAX,370
IRM00040800,2015-05-05,TMAX,286
IRM00040811,2006-11-05,TMAX,346
IRM00040811,2014-09-06,TMIN,270
IRM00040811,2014-07-29,TMIN,298
IRM00040800,2007-07-30,TMAX,342
IRM00040800,2014-01-29,TMAX,174
IRM00040811,2008-09-19,TMIN,268
IRM00040798,2010-04-12,TMAX,210
IRM00040831,2007-10-02,TMAX,390
IRM00040800,2008-03-17,TMAX,214
IRM00040811,2012-11-26,TMAX,202
IRM00040831,2010-11-18,TMAX,306
IRM00040798,2014-01-16,TMAX,48
IRM00040831,2014-01-25,TMAX,192
IRM00040831,2010-07-23,TMAX,468
IRM00040831,2010-07-23,TMIN,278
IRM00040800,2007-04-03,TMAX,170
IRM00040800,2007-04-05,TMAX,214
IRM00040800,2014-02-08,TMAX,68
IRM00040811,2012-03-02,TMAX,234
IRM00040798,2008-11-26,TMAX,144
IRM00040798,2013-10-04,TMIN,26
IRM00040831,2013-04-08,TMIN,186
IRM00040811,2012-07-07,TMIN,294
IRM00040831,2006-07-24,TMAX,502
IRM00040798,2013-07-10,TMIN,138
IRM00040831,2013-05-12,TMIN,280
IRM00040800,2011-01-28,TMAX,128
IRM00040811,2008-03-26,TMAX,366
IRM00040831,2005-04-03,TMIN,105
IRM00040831,2005-04-03,TMAX,346
IRM00040798,2013-02-10,TMAX,150
IRM00040798,2012-03-31,TMAX,114
IRM00040831,2005-11-26,TMAX,260
IRM00040800,2008-01-15,TMAX,-26
IRM00040800,2014-03-03,TMAX,156
IRM00040800,2009-05-23,TMAX,340
IRM00040798,2013-07-28,TMIN,128
IRM00040798,2015-01-13,TMAX,128
IRM00040800,2010-02-12,TMAX,146
IRM00040811,2009-06-22,TMIN,288
IRM00040811,2007-08-31,TMIN,288
IRM00040800,2005-09-01,TMAX,316
IRM00040800,2011-11-24,TMAX,104
IRM00040798,2011-04-07,TMAX,174
IRM00040831,2014-08-27,TMAX,488
IRM00040798,2012-11-21,TMIN,40
IRM00040831,2014-08-27,TMIN,290
IRM00040831,2011-03-29,TMAX,294
IRM00040831,2012-05-27,TMIN,268
IRM00040831,2007-07-18,TMIN,246
IRM00040798,2015-11-10,TMAX,134
IRM00040831,2011-01-28,TMAX,196
IRM00040831,2008-03-06,TMAX,294
IRM00040798,2007-03-17,TMAX,82
IRM00040831,2011-12-25,TMAX,238
IRM00040800,2009-04-13,TMAX,222
IRM00040811,2013-06-05,TMAX,442
IRM00040798,2015-11-24,TMAX,126
IRM00040831,2013-06-13,TMAX,446
IRM00040798,2014-12-27,TMIN,-110
IRM00040831,2009-04-09,TMAX,290
IRM00040800,2012-01-14,TMAX,106
IRM00040800,2012-10-10,TMAX,288
IRM00040798,2014-12-27,TMAX,140
IRM00040811,2006-06-12,TMAX,472
IRM00040831,2011-02-16,TMIN,120
IRM00040831,2012-05-27,TMAX,426
IRM00040831,2014-05-02,TMAX,390
IRM00040811,2007-04-08,TMAX,334
IRM00040811,2013-05-11,TMAX,414
IRM00040811,2012-10-02,TMAX,416
IRM00040798,2015-07-13,TMIN,103
IRM00040798,2014-03-17,TMAX,148
IRM00040798,2007-07-28,TMIN,144
IRM00040811,2007-11-03,TMAX,286
IRM00040831,2007-02-17,TMAX,212
IRM00040811,2013-02-13,TMAX,214
IRM00040798,2009-01-28,TMAX,100
IRM00040798,2008-09-22,TMIN,42
IRM00040798,2015-01-13,TMIN,-132
IRM00040811,2008-08-19,TMIN,286
IRM00040798,2008-09-22,TMAX,298
IRM00040798,2009-10-11,TMIN,8
IRM00040831,2012-01-03,TMAX,196
IRM00040831,2013-09-03,TMIN,300
IRM00040811,2008-03-10,TMIN,130
IRM00040798,2009-10-11,TMAX,235
IRM00040831,2009-01-19,TMAX,210
IRM00040831,2006-10-18,TMAX,404
IRM00040831,2005-03-06,TMIN,100
IRM00040798,2005-09-04,TMAX,310
IRM00040798,2005-09-04,TMIN,76
IRM00040811,2011-12-04,TMAX,172
IRM00040798,2015-07-13,TMAX,351
IRM00040831,2005-03-06,TMAX,246
IRM00040831,2008-05-13,TMAX,390
IRM00040811,2007-01-24,TMAX,200
IRM00040811,2007-01-24,TMIN,76
IRM00040798,2013-04-30,TMIN,20
IRM00040811,2007-04-23,TMAX,352
IRM00040798,2013-04-30,TMAX,204
IRM00040798,2012-05-22,TMAX,274
IRM00040831,2010-10-27,TMAX,332
IRM00040831,2015-02-28,TMAX,266
IRM00040798,2007-07-28,TMAX,308
IRM00040831,2009-03-14,TMAX,316
IRM00040831,2006-08-16,TMAX,474
IRM00040800,2009-08-18,TMAX,384
IRM00040811,2011-01-08,TMAX,182
IRM00040798,2013-02-23,TMIN,-112
IRM00040798,2012-05-22,TMIN,66
IRM00040831,2015-11-07,TMAX,284
IRM00040798,2013-02-23,TMAX,136
IRM00040831,2009-03-14,TMIN,180
IRM00040831,2015-11-07,TMIN,198
IRM00040798,2006-03-14,TMIN,-98
IRM00040798,2014-08-28,TMIN,94
IRM00040798,2006-03-14,TMAX,174
IRM00040798,2015-11-10,TMIN,58
IRM00040831,2015-02-28,TMIN,98
IRM00040811,2009-04-08,TMAX,264
IRM00040811,2010-10-14,TMAX,336
IRM00040811,2015-08-21,TMIN,320
IRM00040831,2014-02-17,TMAX,200
IRM00040798,2015-01-23,TMIN,-93
IRM00040798,2008-02-21,TMAX,86
IRM00040800,2009-05-01,TMIN,80
IRM00040811,2010-10-16,TMIN,192
IRM00040800,2014-10-30,TMAX,184
IRM00040798,2006-05-19,TMIN,66
IRM00040811,2011-09-15,TMAX,410
IRM00040798,2011-08-10,TMAX,352
IRM00040798,2015-01-23,TMAX,100
IRM00040811,2011-11-18,TMAX,240
IRM00040800,2008-08-21,TMAX,340
IRM00040811,2009-09-02,TMIN,260
IRM00040811,2010-10-16,TMAX,386
IRM00040800,2007-12-12,TMAX,146
IRM00040800,2014-03-19,TMAX,204
IRM00040831,2010-12-29,TMAX,220
IRM00040798,2011-08-23,TMAX,344
IRM00040798,2006-10-13,TMAX,250
IRM00040831,2011-07-19,TMAX,476
IRM00040800,2013-02-16,TMAX,188
IRM00040831,2008-08-12,TMAX,476
IRM00040798,2012-05-10,TMIN,32
IRM00040798,2011-08-10,TMIN,160
IRM00040798,2007-06-16,TMAX,356
IRM00040800,2006-08-02,TMAX,400
IRM00040798,2013-12-26,TMIN,-130
IRM00040798,2015-12-14,TMAX,64
IRM00040811,2015-06-09,TMAX,484
IRM00040811,2013-07-31,TMIN,290
IRM00040798,2011-08-14,TMIN,80
IRM00040811,2008-03-01,TMAX,266
IRM00040831,2010-11-03,TMAX,304
IRM00040811,2015-06-09,TMIN,280
IRM00040831,2010-10-25,TMAX,394
IRM00040811,2015-04-19,TMAX,338
IRM00040831,2013-02-05,TMAX,214
IRM00040811,2015-03-22,TMAX,244
IRM00040831,2008-08-12,TMIN,280
IRM00040800,2009-05-01,TMAX,218
IRM00040798,2013-12-26,TMAX,84
IRM00040798,2015-12-14,TMIN,-55
IRM00040811,2014-05-24,TMAX,452
IRM00040831,2013-01-28,TMAX,240
IRM00040798,2012-05-30,TMAX,282
IRM00040800,2011-04-25,TMAX,254
IRM00040798,2006-04-18,TMIN,84
IRM00040798,2011-08-23,TMIN,128
IRM00040798,2008-06-01,TMIN,64
IRM00040831,2005-09-04,TMAX,438
IRM00040798,2015-05-21,TMAX,281
IRM00040831,2011-07-28,TMAX,490
IRM00040811,2010-03-29,TMAX,302
IRM00040800,2013-11-28,TMAX,196
IRM00040811,2010-03-29,TMIN,156
IRM00040798,2006-09-09,TMIN,60
IRM00040800,2013-12-03,TMAX,214
IRM00040831,2013-09-15,TMIN,226
IRM00040831,2005-11-30,TMAX,274
IRM00040798,2006-09-09,TMAX,308
IRM00040798,2006-10-13,TMIN,-33
IRM00040798,2011-10-18,TMAX,254
IRM00040798,2011-10-18,TMIN,-8
IRM00040831,2007-11-09,TMAX,334
IRM00040831,2015-07-15,TMAX,496
IRM00040798,2012-03-19,TMIN,-162
IRM00040798,2005-09-01,TMIN,96
IRM00040798,2015-06-13,TMIN,85
IRM00040798,2014-12-12,TMIN,-70
IRM00040798,2005-09-24,TMAX,298
IRM00040811,2006-06-18,TMAX,475
IRM00040811,2007-11-24,TMAX,234
IRM00040811,2006-06-18,TMIN,300
IRM00040831,2011-07-19,TMIN,286
IRM00040811,2006-10-14,TMAX,394
IRM00040798,2006-09-06,TMAX,286
IRM00040798,2013-04-17,TMAX,204
IRM00040798,2014-09-23,TMAX,270
IRM00040798,2008-06-01,TMAX,286
IRM00040800,2011-09-06,TMAX,340
IRM00040798,2006-12-05,TMIN,-112
IRM00040811,2009-09-02,TMAX,434
IRM00040811,2011-05-21,TMAX,430
IRM00040811,2011-05-21,TMIN,290
IRM00040798,2015-12-13,TMAX,128
IRM00040798,2006-09-06,TMIN,82
IRM00040798,2005-09-24,TMIN,54
IRM00040831,2013-12-22,TMAX,160
IRM00040800,2008-09-05,TMIN,194
IRM00040798,2007-11-26,TMAX,124
IRM00040798,2012-10-09,TMAX,252
IRM00040831,2013-03-31,TMIN,210
IRM00040831,2013-03-14,TMIN,172
IRM00040798,2015-06-10,TMAX,324
IRM00040811,2008-02-21,TMAX,164
IRM00040811,2008-07-24,TMIN,310
IRM00040831,2014-02-21,TMAX,246
IRM00040800,2009-06-23,TMIN,192
IRM00040831,2014-10-04,TMAX,398
IRM00040831,2014-08-20,TMAX,472
IRM00040811,2011-05-07,TMAX,360
IRM00040800,2010-11-22,TMAX,160
IRM00040811,2015-03-23,TMIN,90
IRM00040811,2010-08-13,TMAX,484
IRM00040811,2014-06-13,TMIN,258
IRM00040798,2015-12-25,TMAX,45
IRM00040811,2014-06-13,TMAX,394
IRM00040798,2014-07-09,TMIN,106
IRM00040811,2009-08-10,TMAX,474
IRM00040831,2014-09-14,TMAX,426
IRM00040831,2015-04-09,TMAX,380
IRM00040811,2006-03-07,TMIN,134
IRM00040831,2015-04-09,TMIN,204
IRM00040831,2010-04-01,TMIN,160
IRM00040811,2006-03-07,TMAX,280
IRM00040811,2010-01-16,TMAX,236
IRM00040811,2005-11-30,TMAX,264
IRM00040800,2010-05-13,TMAX,320
IRM00040811,2009-08-10,TMIN,290
IRM00040798,2015-01-27,TMAX,131
IRM00040811,2010-05-16,TMAX,400
IRM00040798,2012-05-10,TMAX,270
IRM00040798,2010-01-07,TMAX,106
IRM00040811,2007-06-02,TMAX,440
IRM00040800,2010-11-21,TMAX,166
IRM00040798,2015-03-20,TMAX,127
IRM00040798,2011-03-14,TMAX,104
IRM00040798,2010-08-25,TMIN,142
IRM00040800,2005-12-30,TMAX,36
IRM00040798,2012-03-21,TMIN,-60
IRM00040831,2006-09-20,TMAX,398
IRM00040831,2006-09-20,TMIN,190
IRM00040831,2013-01-03,TMAX,182
IRM00040800,2011-10-09,TMAX,252
IRM00040798,2011-08-14,TMAX,332
IRM00040798,2012-03-21,TMAX,142
IRM00040798,2015-01-27,TMIN,-22
IRM00040811,2015-04-10,TMAX,384
IRM00040800,2007-03-03,TMAX,146
IRM00040798,2014-07-09,TMAX,326
IRM00040811,2015-08-21,TMAX,474
IRM00040798,2007-01-27,TMIN,-274
IRM00040798,2007-01-27,TMAX,-42
IRM00040798,2015-02-06,TMAX,146
IRM00040811,2011-09-15,TMIN,256
IRM00040831,2005-09-01,TMIN,258
IRM00040800,2009-07-30,TMAX,402
IRM00040831,2012-03-31,TMIN,138
IRM00040800,2014-07-11,TMAX,396
IRM00040798,2014-06-01,TMAX,312
IRM00040798,2012-05-30,TMIN,42
IRM00040811,2015-04-19,TMIN,180
IRM00040798,2015-01-06,TMIN,-52
IRM00040811,2014-08-20,TMIN,308
IRM00040831,2012-07-24,TMIN,302
IRM00040831,2012-07-24,TMAX,494
IRM00040831,2012-03-31,TMAX,278
IRM00040800,2011-06-06,TMAX,350
IRM00040811,2011-12-17,TMAX,234
IRM00040800,2009-06-23,TMAX,334
IRM00040798,2015-01-06,TMAX,119
IRM00040831,2015-03-03,TMAX,262
IRM00040800,2013-02-03,TMAX,78
IRM00040798,2012-07-16,TMAX,318
IRM00040800,2009-08-11,TMAX,388
IRM00040831,2014-02-21,TMIN,100
IRM00040800,2009-05-31,TMAX,330
IRM00040798,2014-09-23,TMIN,64
IRM00040798,2008-11-26,TMIN,-52
IRM00040800,2007-11-06,TMAX,230
IRM00040798,2012-06-05,TMIN,106
IRM00040800,2012-05-15,TMAX,290
IRM00040800,2011-02-02,TMAX,112
IRM00040798,2010-06-19,TMAX,311
IRM00040798,2005-06-05,TMIN,50
IRM00040798,2010-08-25,TMAX,328
IRM00040798,2006-04-18,TMAX,204
IRM00040798,2010-06-19,TMIN,112
IRM00040800,2007-06-03,TMAX,320
IRM00040831,2014-09-14,TMIN,250
IRM00040800,2005-12-11,TMAX,154
IRM00040831,2006-12-22,TMAX,114
IRM00040831,2013-01-17,TMAX,184
IRM00040798,2010-04-22,TMIN,34
IRM00040798,2012-06-05,TMAX,304
IRM00040800,2010-12-01,TMAX,198
IRM00040798,2015-02-06,TMIN,-111
IRM00040831,2010-12-29,TMIN,34
IRM00040811,2010-08-13,TMIN,316
IRM00040800,2014-11-29,TMAX,122
IRM00040800,2006-05-03,TMAX,276
IRM00040831,2006-11-07,TMAX,304
IRM00040831,2005-09-01,TMAX,456
IRM00040798,2007-10-20,TMAX,236
IRM00040831,2007-07-18,TMAX,412
IRM00040800,2008-05-19,TMAX,334
IRM00040831,2013-12-18,TMIN,50
IRM00040811,2013-09-18,TMIN,248
IRM00040798,2014-07-22,TMIN,118
IRM00040831,2007-07-28,TMAX,502
IRM00040798,2008-04-27,TMIN,14
IRM00040798,2013-11-18,TMAX,136
IRM00040798,2005-12-08,TMAX,160
IRM00040798,2008-09-23,TMIN,56
IRM00040831,2011-12-15,TMAX,198
IRM00040798,2009-08-28,TMIN,104
IRM00040831,2011-09-23,TMAX,422
IRM00040831,2009-02-17,TMIN,168
IRM00040811,2008-02-20,TMAX,154
IRM00040811,2009-08-09,TMIN,320
IRM00040798,2012-10-12,TMIN,32
IRM00040798,2015-05-20,TMIN,5
IRM00040811,2015-07-08,TMAX,470
IRM00040798,2013-10-03,TMAX,270
IRM00040798,2015-02-10,TMIN,50
IRM00040800,2010-11-09,TMAX,204
IRM00040831,2013-12-18,TMAX,150
IRM00040798,2014-07-28,TMAX,370
IRM00040811,2013-09-18,TMAX,414
IRM00040798,2013-11-18,TMIN,-52
IRM00040798,2008-03-20,TMAX,194
IRM00040831,2009-01-12,TMAX,196
IRM00040831,2009-07-01,TMIN,302
IRM00040831,2010-03-28,TMAX,304
IRM00040800,2011-11-28,TMAX,70
IRM00040798,2012-11-15,TMAX,130
IRM00040831,2007-06-16,TMAX,470
IRM00040811,2015-03-15,TMIN,146
IRM00040811,2012-12-07,TMAX,216
IRM00040811,2013-09-14,TMAX,424
IRM00040831,2010-11-06,TMAX,282
IRM00040798,2010-04-16,TMAX,124
IRM00040798,2010-02-03,TMAX,96
IRM00040811,2015-02-20,TMAX,182
IRM00040811,2009-07-06,TMAX,430
IRM00040831,2010-10-31,TMAX,332
IRM00040798,2012-05-19,TMAX,268
IRM00040831,2015-07-16,TMAX,514
IRM00040831,2007-05-15,TMAX,400
IRM00040831,2007-02-19,TMAX,216
IRM00040811,2010-12-20,TMAX,230
IRM00040798,2013-02-10,TMIN,-50
IRM00040798,2009-03-26,TMIN,-90
IRM00040800,2012-07-24,TMAX,336
IRM00040831,2015-05-04,TMIN,250
IRM00040798,2015-05-09,TMAX,200
IRM00040811,2007-08-30,TMIN,316
IRM00040798,2011-05-28,TMAX,290
IRM00040831,2013-01-07,TMAX,230
IRM00040798,2015-05-09,TMIN,83
IRM00040811,2007-08-30,TMAX,484
IRM00040800,2008-06-06,TMAX,360
IRM00040798,2015-05-20,TMAX,276
IRM00040811,2009-09-24,TMAX,412
IRM00040798,2006-05-26,TMIN,54
IRM00040798,2012-07-13,TMIN,120
IRM00040798,2010-11-29,TMAX,172
IRM00040831,2015-07-16,TMIN,300
IRM00040798,2008-04-27,TMAX,272
IRM00040831,2013-09-30,TMAX,410
IRM00040798,2013-01-19,TMAX,122
IRM00040831,2009-12-11,TMAX,176
IRM00040798,2011-05-06,TMAX,238
IRM00040800,2008-04-27,TMAX,310
IRM00040798,2011-12-27,TMAX,114
IRM00040831,2013-09-30,TMIN,226
IRM00040831,2008-10-31,TMAX,288
IRM00040800,2011-12-05,TMAX,74
IRM00040831,2008-10-31,TMIN,150
IRM00040831,2014-08-07,TMAX,452
IRM00040831,2005-08-22,TMAX,466
IRM00040800,2015-01-24,TMAX,100
IRM00040831,2009-02-17,TMAX,256
IRM00040831,2015-05-04,TMAX,382
IRM00040831,2005-08-22,TMIN,270
IRM00040811,2009-07-06,TMIN,322
IRM00040811,2009-08-09,TMAX,470
IRM00040800,2013-06-27,TMAX,372
IRM00040798,2006-05-26,TMAX,252
IRM00040798,2007-01-04,TMAX,-20
IRM00040831,2009-05-25,TMIN,280
IRM00040800,2014-08-08,TMAX,406
IRM00040798,2012-07-13,TMAX,362
IRM00040811,2015-03-15,TMAX,294
IRM00040798,2013-09-22,TMAX,288
IRM00040831,2008-07-01,TMAX,436
IRM00040811,2013-06-28,TMIN,296
IRM00040800,2011-03-27,TMAX,170
IRM00040831,2013-04-13,TMAX,310
IRM00040798,2013-10-03,TMIN,18
IRM00040800,2005-09-11,TMAX,346
IRM00040811,2007-04-17,TMAX,328
IRM00040811,2014-08-14,TMAX,482
IRM00040800,2008-10-07,TMAX,300
IRM00040831,2012-08-18,TMAX,476
IRM00040831,2008-01-14,TMAX,98
IRM00040798,2015-04-20,TMIN,-12
IRM00040798,2014-06-01,TMIN,71
IRM00040811,2011-12-01,TMIN,44
IRM00040798,2010-09-13,TMAX,304
IRM00040811,2006-05-03,TMIN,260
IRM00040800,2014-06-21,TMAX,364
IRM00040811,2006-05-03,TMAX,370
IRM00040811,2008-08-17,TMAX,474
IRM00040811,2011-12-01,TMAX,182
IRM00040800,2011-12-08,TMAX,90
IRM00040798,2008-05-08,TMAX,216
IRM00040800,2014-01-19,TMAX,56
IRM00040811,2015-03-23,TMAX,222
IRM00040798,2008-05-08,TMIN,52
IRM00040800,2005-12-04,TMAX,212
IRM00040831,2006-09-02,TMAX,464
IRM00040800,2011-01-21,TMAX,106
IRM00040800,2015-09-03,TMAX,302
IRM00040798,2007-12-11,TMAX,114
IRM00040831,2014-03-05,TMAX,296
IRM00040798,2015-04-20,TMAX,210
IRM00040798,2005-08-22,TMAX,334
IRM00040798,2012-10-12,TMAX,254
IRM00040831,2012-09-27,TMAX,420
IRM00040798,2011-08-15,TMAX,362
IRM00040798,2011-08-15,TMIN,110
IRM00040831,2012-10-07,TMAX,420
IRM00040800,2015-09-18,TMAX,280
IRM00040811,2012-12-29,TMIN,60
IRM00040811,2012-12-29,TMAX,166
IRM00040800,2010-06-15,TMAX,366
IRM00040811,2009-10-04,TMAX,392
IRM00040831,2006-12-11,TMAX,120
IRM00040831,2011-06-20,TMAX,488
IRM00040831,2006-10-11,TMAX,400
IRM00040831,2006-10-11,TMIN,222
IRM00040798,2010-09-13,TMIN,74
IRM00040800,2011-11-20,TMAX,116
IRM00040831,2012-09-27,TMIN,204
IRM00040798,2005-02-27,TMIN,-46
IRM00040800,2010-08-03,TMAX,320
IRM00040800,2009-10-23,TMIN,-9
IRM00040811,2008-08-17,TMIN,300
IRM00040831,2012-11-06,TMIN,178
IRM00040831,2007-08-05,TMAX,470
IRM00040831,2008-04-10,TMAX,316
IRM00040811,2005-09-01,TMAX,450
IRM00040831,2007-01-27,TMAX,194
IRM00040811,2013-07-27,TMAX,436
IRM00040811,2011-03-16,TMIN,100
IRM00040798,2007-08-03,TMAX,338
IRM00040811,2011-03-16,TMAX,226
IRM00040811,2012-09-23,TMIN,224
IRM00040798,2008-01-28,TMAX,40
IRM00040811,2014-10-02,TMAX,398
IRM00040798,2009-03-17,TMAX,144
IRM00040811,2012-07-27,TMIN,308
IRM00040798,2008-03-20,TMIN,-40
IRM00040798,2009-09-28,TMAX,258
IRM00040811,2007-08-22,TMAX,454
IRM00040798,2009-03-26,TMAX,148
IRM00040798,2008-01-28,TMIN,-148
IRM00040800,2006-10-19,TMAX,278
IRM00040800,2009-04-04,TMIN,-55
IRM00040831,2013-08-11,TMAX,460
IRM00040831,2007-06-16,TMIN,296
IRM00040811,2010-06-24,TMAX,424
IRM00040811,2007-09-05,TMAX,470
IRM00040831,2009-07-01,TMAX,490
IRM00040798,2007-08-03,TMIN,112
IRM00040811,2012-07-27,TMAX,484
IRM00040811,2013-09-22,TMAX,424
IRM00040800,2013-07-03,TMAX,398
IRM00040811,2012-07-08,TMAX,446
IRM00040798,2012-08-27,TMAX,296
IRM00040811,2009-04-28,TMAX,370
IRM00040800,2010-08-16,TMAX,338
IRM00040831,2011-08-27,TMAX,482
IRM00040811,2013-02-27,TMAX,258
IRM00040811,2009-04-28,TMIN,234
IRM00040831,2012-11-06,TMAX,330
IRM00040811,2013-02-27,TMIN,106
IRM00040798,2009-09-11,TMAX,292
IRM00040798,2009-09-11,TMIN,44
IRM00040831,2008-04-10,TMIN,176
IRM00040800,2009-12-21,TMAX,114
IRM00040811,2012-07-08,TMIN,296
IRM00040811,2012-09-23,TMAX,442
IRM00040800,2012-05-28,TMAX,322
IRM00040800,2012-01-09,TMAX,160
IRM00040798,2013-03-26,TMIN,-68
IRM00040811,2014-07-18,TMIN,348
IRM00040811,2005-09-01,TMIN,272
IRM00040798,2013-05-22,TMIN,124
IRM00040798,2007-01-04,TMIN,-242
IRM00040798,2015-03-14,TMAX,165
IRM00040798,2007-10-07,TMAX,254
IRM00040798,2007-04-25,TMAX,152
IRM00040811,2013-06-16,TMAX,436
IRM00040831,2006-09-25,TMAX,440
IRM00040811,2013-06-16,TMIN,288
IRM00040798,2014-03-14,TMIN,-44
IRM00040811,2010-09-21,TMAX,410
IRM00040798,2015-09-04,TMIN,80
IRM00040798,2006-09-21,TMIN,40
IRM00040800,2011-05-17,TMAX,300
IRM00040811,2015-10-17,TMAX,356
IRM00040798,2006-07-09,TMAX,368
IRM00040831,2010-02-02,TMAX,248
IRM00040831,2013-04-08,TMAX,368
IRM00040798,2010-11-29,TMIN,-106
IRM00040800,2014-03-06,TMAX,236
IRM00040831,2012-05-04,TMIN,268
IRM00040798,2014-10-23,TMAX,244
IRM00040798,2014-10-23,TMIN,-32
IRM00040811,2010-05-09,TMAX,396
IRM00040811,2015-10-17,TMIN,240
IRM00040831,2006-09-25,TMIN,238
IRM00040798,2009-06-28,TMAX,326
IRM00040811,2012-01-17,TMAX,192
IRM00040800,2012-04-28,TMAX,250
IRM00040811,2005-09-08,TMIN,232
IRM00040811,2014-07-18,TMAX,486
IRM00040798,2006-06-23,TMIN,96
IRM00040831,2008-10-17,TMIN,230
IRM00040798,2015-09-16,TMIN,56
IRM00040800,2015-12-06,TMAX,64
IRM00040800,2011-06-12,TMAX,340
IRM00040800,2007-05-30,TMAX,284
IRM00040831,2011-06-20,TMIN,280
IRM00040798,2015-09-16,TMAX,293
IRM00040798,2006-09-02,TMIN,74
IRM00040798,2006-09-02,TMAX,290
IRM00040811,2010-09-21,TMIN,270
IRM00040798,2006-06-23,TMAX,326
IRM00040800,2012-06-29,TMAX,352
IRM00040798,2014-03-14,TMAX,105
IRM00040800,2010-03-27,TMAX,146
IRM00040798,2007-04-25,TMIN,-69
IRM00040811,2011-01-05,TMAX,236
IRM00040800,2009-10-29,TMIN,-10
IRM00040831,2009-11-20,TMIN,100
IRM00040831,2008-08-03,TMAX,488
IRM00040800,2008-05-18,TMAX,324
IRM00040798,2007-01-22,TMAX,30
IRM00040831,2014-05-02,TMIN,266
IRM00040800,2009-12-13,TMAX,102
IRM00040798,2009-01-28,TMIN,-88
IRM00040798,2014-10-03,TMAX,266
IRM00040831,2010-09-02,TMIN,280
IRM00040831,2012-09-25,TMIN,198
IRM00040831,2010-09-02,TMAX,486
IRM00040811,2007-04-08,TMIN,206
IRM00040811,2007-04-23,TMIN,200
IRM00040811,2010-05-09,TMIN,238
IRM00040831,2010-05-02,TMAX,294
IRM00040811,2015-07-27,TMIN,304
IRM00040811,2015-07-27,TMAX,504
IRM00040811,2015-01-04,TMIN,92
IRM00040798,2013-04-26,TMIN,-26
IRM00040811,2015-01-04,TMAX,232
IRM00040831,2006-06-25,TMAX,458
IRM00040831,2013-06-13,TMIN,280
IRM00040811,2008-01-28,TMAX,142
IRM00040811,2006-06-12,TMIN,290
IRM00040798,2007-10-07,TMIN,22
IRM00040811,2011-02-01,TMAX,204
IRM00040831,2008-06-10,TMAX,436
IRM00040831,2011-08-08,TMIN,280
IRM00040831,2012-05-04,TMAX,400
IRM00040831,2015-02-09,TMAX,266
IRM00040831,2008-04-19,TMAX,328
IRM00040831,2009-11-20,TMAX,234
IRM00040811,2013-03-13,TMIN,136
IRM00040811,2005-09-08,TMAX,424
IRM00040811,2012-07-30,TMAX,486
IRM00040800,2011-05-04,TMAX,240
IRM00040800,2011-10-21,TMAX,222
IRM00040831,2007-11-28,TMAX,208
IRM00040811,2007-06-20,TMIN,276
IRM00040800,2010-11-18,TMAX,172
IRM00040798,2013-04-26,TMAX,174
IRM00040800,2008-06-25,TMIN,228
IRM00040831,2008-04-19,TMIN,198
IRM00040798,2007-03-17,TMIN,-44
IRM00040800,2008-03-05,TMAX,132
IRM00040798,2014-10-03,TMIN,68
IRM00040800,2014-11-16,TMAX,174
IRM00040831,2011-08-08,TMAX,470
IRM00040800,2010-04-28,TMAX,264
IRM00040798,2014-07-28,TMIN,136
IRM00040798,2014-08-24,TMAX,314
IRM00040811,2011-07-14,TMIN,306
IRM00040811,2012-07-30,TMIN,294
IRM00040831,2014-11-25,TMAX,244
IRM00040831,2011-01-24,TMAX,194
IRM00040811,2012-02-11,TMAX,214
IRM00040798,2007-10-20,TMIN,10
IRM00040831,2008-09-16,TMIN,240
IRM00040798,2007-01-08,TMIN,-136
IRM00040831,2006-03-14,TMAX,250
IRM00040831,2008-06-21,TMIN,250
IRM00040831,2014-03-23,TMIN,148
IRM00040831,2008-09-16,TMAX,416
IRM00040798,2013-06-29,TMIN,140
IRM00040798,2006-08-19,TMAX,306
IRM00040798,2006-08-19,TMIN,90
IRM00040831,2014-03-23,TMAX,296
IRM00040831,2008-06-21,TMAX,460
IRM00040831,2009-06-11,TMIN,264
IRM00040798,2012-09-12,TMIN,66
IRM00040800,2009-01-12,TMAX,108
IRM00040831,2008-08-16,TMIN,278
IRM00040831,2012-07-16,TMIN,306
IRM00040831,2006-08-30,TMAX,450
IRM00040831,2013-04-12,TMAX,344
IRM00040811,2007-05-21,TMAX,418
IRM00040800,2006-06-26,TMAX,386
IRM00040831,2013-02-18,TMAX,236
IRM00040811,2013-06-28,TMAX,452
IRM00040811,2015-01-26,TMAX,232
IRM00040831,2009-06-11,TMAX,474
IRM00040811,2010-02-28,TMAX,262
IRM00040831,2008-03-03,TMAX,302
IRM00040798,2008-09-23,TMAX,292
IRM00040798,2013-05-11,TMIN,36
IRM00040811,2010-02-21,TMAX,250
IRM00040831,2013-12-23,TMIN,48
IRM00040811,2007-04-17,TMIN,168
IRM00040798,2009-11-17,TMAX,174
IRM00040798,2013-05-11,TMAX,244
IRM00040831,2011-03-29,TMIN,134
IRM00040798,2009-11-17,TMIN,-20
IRM00040831,2013-12-23,TMAX,182
IRM00040811,2014-10-05,TMAX,394
IRM00040811,2011-04-26,TMAX,334
IRM00040811,2010-06-24,TMIN,308
IRM00040811,2013-06-04,TMAX,446
IRM00040811,2007-04-29,TMAX,372
IRM00040831,2012-07-16,TMAX,492
IRM00040798,2007-01-08,TMAX,30
IRM00040798,2012-09-12,TMAX,292
IRM00040831,2006-08-30,TMIN,292
IRM00040800,2009-12-12,TMAX,72
IRM00040811,2007-02-25,TMIN,130
IRM00040798,2006-12-07,TMIN,-50
IRM00040811,2007-06-20,TMAX,442
IRM00040811,2012-06-20,TMAX,434
IRM00040811,2007-02-25,TMAX,264
IRM00040800,2011-06-21,TMAX,386
IRM00040831,2013-02-17,TMAX,236
IRM00040798,2006-12-07,TMAX,6
IRM00040798,2006-05-24,TMIN,40
IRM00040831,2009-10-11,TMIN,200
IRM00040831,2009-06-09,TMAX,446
IRM00040831,2015-09-14,TMAX,450
IRM00040800,2014-04-21,TMAX,284
IRM00040798,2008-07-28,TMAX,342
IRM00040831,2010-10-25,TMIN,178
IRM00040800,2005-12-12,TMAX,140
IRM00040811,2011-07-21,TMIN,296
IRM00040811,2011-07-21,TMAX,468
IRM00040800,2012-08-16,TMAX,356
IRM00040831,2009-06-09,TMIN,286
IRM00040800,2009-07-28,TMAX,396
IRM00040798,2013-12-17,TMAX,62
IRM00040800,2007-10-28,TMAX,234
IRM00040800,2006-11-01,TMAX,244
IRM00040800,2010-07-31,TMAX,326
IRM00040798,2007-07-04,TMIN,120
IRM00040811,2013-06-04,TMIN,300
IRM00040800,2011-01-22,TMAX,100
IRM00040798,2014-06-20,TMAX,320
IRM00040831,2014-08-09,TMAX,458
IRM00040800,2012-05-07,TMAX,290
IRM00040798,2007-12-18,TMAX,100
IRM00040800,2012-12-08,TMAX,120
IRM00040798,2013-08-03,TMAX,364
IRM00040811,2007-02-22,TMIN,98
IRM00040798,2013-08-03,TMIN,128
IRM00040798,2007-07-04,TMAX,354
IRM00040798,2015-07-07,TMAX,341
IRM00040831,2009-05-25,TMAX,448
IRM00040811,2012-06-16,TMAX,468
IRM00040798,2015-07-07,TMIN,151
IRM00040831,2008-08-16,TMAX,472
IRM00040811,2012-01-17,TMIN,30
IRM00040811,2011-07-14,TMAX,502
IRM00040798,2006-05-24,TMAX,248
IRM00040800,2013-09-13,TMAX,346
IRM00040811,2015-04-28,TMIN,250
IRM00040800,2014-11-01,TMAX,164
IRM00040831,2013-04-04,TMAX,346
IRM00040798,2008-06-29,TMAX,344
IRM00040800,2012-02-04,TMAX,64
IRM00040811,2014-05-12,TMAX,416
IRM00040800,2009-02-15,TMAX,148
IRM00040811,2014-07-19,TMIN,326
IRM00040831,2015-06-05,TMAX,482
IRM00040831,2015-10-30,TMIN,200
IRM00040800,2011-11-07,TMAX,158
IRM00040798,2011-12-08,TMAX,124
IRM00040831,2009-12-07,TMAX,214
IRM00040798,2012-09-27,TMAX,270
IRM00040798,2014-04-06,TMIN,-52
IRM00040811,2005-11-09,TMIN,136
IRM00040798,2014-02-06,TMAX,4
IRM00040831,2007-07-06,TMIN,270
IRM00040831,2015-10-30,TMAX,290
IRM00040831,2010-05-29,TMAX,444
IRM00040831,2006-12-10,TMIN,50
IRM00040831,2005-11-05,TMAX,302
IRM00040831,2012-12-03,TMIN,80
IRM00040811,2005-11-09,TMAX,236
IRM00040798,2013-11-19,TMIN,54
IRM00040811,2010-11-28,TMIN,86
IRM00040831,2010-08-17,TMAX,480
IRM00040831,2015-08-13,TMAX,470
IRM00040811,2013-12-23,TMAX,204
IRM00040798,2015-10-26,TMAX,254
IRM00040811,2011-09-18,TMAX,426
IRM00040800,2010-07-28,TMAX,334
IRM00040800,2005-03-13,TMAX,204
IRM00040798,2014-02-06,TMIN,-210
IRM00040811,2006-08-04,TMIN,296
IRM00040798,2009-01-25,TMIN,-102
IRM00040798,2014-08-12,TMAX,352
IRM00040800,2011-09-16,TMAX,342
IRM00040798,2014-08-12,TMIN,96
IRM00040798,2009-01-25,TMAX,20
IRM00040798,2015-10-26,TMIN,15
IRM00040798,2006-12-31,TMAX,-60
IRM00040798,2006-12-31,TMIN,-272
IRM00040798,2008-06-29,TMIN,132
IRM00040831,2010-09-09,TMAX,476
IRM00040800,2010-01-05,TMAX,170
IRM00040800,2014-07-30,TMAX,374
IRM00040800,2011-11-19,TMAX,172
IRM00040811,2008-09-18,TMAX,422
IRM00040798,2013-11-19,TMAX,104
IRM00040811,2008-09-18,TMIN,258
IRM00040831,2010-09-09,TMIN,264
IRM00040831,2015-11-12,TMIN,130
IRM00040811,2012-08-03,TMIN,318
IRM00040800,2012-06-19,TMAX,330
IRM00040798,2013-09-08,TMAX,316
IRM00040831,2013-01-11,TMAX,128
IRM00040811,2013-05-13,TMAX,402
IRM00040831,2013-01-11,TMIN,48
IRM00040798,2009-02-17,TMIN,-4
IRM00040798,2008-05-06,TMIN,20
IRM00040811,2014-04-10,TMIN,190
IRM00040811,2014-04-04,TMIN,120
IRM00040811,2009-06-08,TMIN,268
IRM00040831,2008-07-22,TMAX,482
IRM00040798,2009-02-17,TMAX,106
IRM00040800,2013-01-21,TMAX,178
IRM00040831,2011-12-23,TMAX,232
IRM00040831,2014-11-17,TMAX,268
IRM00040811,2011-05-22,TMAX,428
IRM00040800,2011-12-09,TMAX,102
IRM00040798,2013-05-04,TMAX,164
IRM00040811,2009-06-08,TMAX,426
IRM00040811,2011-09-18,TMIN,206
IRM00040831,2015-07-13,TMIN,288
IRM00040798,2008-05-06,TMAX,226
IRM00040800,2010-03-07,TMAX,226
IRM00040800,2007-08-01,TMAX,364
IRM00040811,2008-01-26,TMIN,50
IRM00040831,2012-12-03,TMAX,206
IRM00040798,2011-10-30,TMAX,162
IRM00040811,2015-02-28,TMAX,270
IRM00040831,2012-09-14,TMAX,438
IRM00040798,2011-07-05,TMAX,352
IRM00040831,2015-09-13,TMAX,438
IRM00040811,2013-04-12,TMIN,174
IRM00040831,2007-07-29,TMAX,490
IRM00040831,2012-10-18,TMAX,390
IRM00040811,2013-04-21,TMIN,188
IRM00040831,2009-01-17,TMAX,190
IRM00040831,2009-09-11,TMAX,418
IRM00040831,2012-10-18,TMIN,192
IRM00040800,2006-06-25,TMAX,384
IRM00040800,2010-12-22,TMAX,146
IRM00040831,2008-12-20,TMAX,188
IRM00040811,2008-11-19,TMAX,262
IRM00040831,2015-07-13,TMAX,476
IRM00040811,2013-05-13,TMIN,266
IRM00040798,2010-09-26,TMIN,52
IRM00040798,2009-03-15,TMIN,38
IRM00040798,2008-07-30,TMAX,334
IRM00040800,2005-11-22,TMAX,204
IRM00040811,2014-09-06,TMAX,434
IRM00040831,2010-02-05,TMAX,174
IRM00040831,2010-12-26,TMAX,202
IRM00040831,2015-05-22,TMAX,438
IRM00040831,2014-03-18,TMAX,270
IRM00040798,2015-05-27,TMAX,266
IRM00040798,2015-05-27,TMIN,41
IRM00040831,2014-03-18,TMIN,146
IRM00040811,2007-07-06,TMIN,300
IRM00040831,2015-05-22,TMIN,254
IRM00040831,2014-05-30,TMAX,460
IRM00040811,2007-05-28,TMIN,280
IRM00040811,2007-05-28,TMAX,445
IRM00040831,2008-09-27,TMIN,230
IRM00040800,2012-10-31,TMAX,212
IRM00040798,2011-08-13,TMAX,330
IRM00040811,2015-02-10,TMAX,254
IRM00040811,2012-12-20,TMIN,94
IRM00040798,2011-05-14,TMIN,80
IRM00040831,2012-03-14,TMAX,268
IRM00040811,2014-06-02,TMIN,304
IRM00040811,2014-06-02,TMAX,464
IRM00040800,2010-11-04,TMAX,158
IRM00040800,2009-11-30,TMAX,122
IRM00040798,2015-01-02,TMIN,-61
IRM00040800,2014-07-18,TMAX,376
IRM00040811,2015-02-05,TMIN,128
IRM00040798,2013-06-26,TMAX,332
IRM00040811,2007-10-21,TMAX,372
IRM00040831,2011-06-21,TMAX,446
IRM00040831,2013-12-08,TMAX,214
IRM00040798,2011-02-27,TMAX,134
IRM00040811,2007-07-06,TMAX,452
IRM00040798,2006-05-03,TMIN,74
IRM00040831,2013-11-11,TMAX,250
IRM00040798,2013-05-26,TMAX,282
IRM00040798,2009-04-05,TMAX,152
IRM00040798,2009-04-05,TMIN,6
IRM00040811,2015-01-23,TMAX,214
IRM00040831,2012-12-21,TMAX,222
IRM00040811,2014-11-09,TMIN,94
IRM00040798,2006-05-03,TMAX,212
IRM00040811,2012-03-03,TMAX,160
IRM00040811,2006-07-06,TMAX,476
IRM00040798,2008-03-19,TMIN,-24
IRM00040798,2008-07-30,TMIN,110
IRM00040831,2009-09-12,TMAX,438
IRM00040798,2009-08-26,TMIN,98
IRM00040811,2010-08-20,TMAX,474
IRM00040811,2014-08-25,TMIN,296
IRM00040798,2013-07-05,TMAX,346
IRM00040811,2010-09-03,TMIN,290
IRM00040811,2010-09-03,TMAX,482
IRM00040811,2010-08-20,TMIN,312
IRM00040800,2006-03-10,TMAX,220
IRM00040800,2009-04-24,TMAX,278
IRM00040811,2006-08-04,TMAX,464
IRM00040811,2013-08-22,TMAX,460
IRM00040811,2014-06-05,TMAX,404
IRM00040831,2012-11-04,TMIN,160
IRM00040800,2009-02-27,TMAX,164
IRM00040831,2006-07-09,TMAX,446
IRM00040811,2006-03-25,TMAX,304
IRM00040798,2014-12-12,TMAX,123
IRM00040798,2014-06-15,TMIN,78
IRM00040811,2007-01-31,TMAX,200
IRM00040811,2007-01-31,TMIN,124
IRM00040798,2009-03-15,TMAX,178
IRM00040800,2008-01-01,TMIN,-95
IRM00040811,2013-03-15,TMIN,168
IRM00040800,2005-11-27,TMAX,168
IRM00040798,2011-05-16,TMIN,66
IRM00040800,2008-04-23,TMAX,280
IRM00040811,2007-06-17,TMIN,308
IRM00040831,2012-04-24,TMIN,200
IRM00040800,2011-01-25,TMAX,114
IRM00040831,2012-04-24,TMAX,368
IRM00040811,2007-03-29,TMIN,130
IRM00040831,2015-09-18,TMIN,266
IRM00040811,2009-11-19,TMAX,224
IRM00040811,2007-03-29,TMAX,264
IRM00040831,2015-09-18,TMAX,444
IRM00040800,2013-03-13,TMAX,222
IRM00040811,2006-03-25,TMIN,140
IRM00040800,2006-11-24,TMAX,100
IRM00040811,2012-12-20,TMAX,196
IRM00040800,2010-09-27,TMAX,326
IRM00040811,2008-10-29,TMIN,176
IRM00040798,2007-03-25,TMAX,156
IRM00040798,2013-01-29,TMAX,94
IRM00040798,2013-06-26,TMIN,80
IRM00040798,2007-03-25,TMIN,40
IRM00040831,2008-03-11,TMAX,338
IRM00040798,2008-03-19,TMAX,196
IRM00040811,2015-02-05,TMAX,228
IRM00040831,2015-11-12,TMAX,236
IRM00040811,2008-06-04,TMAX,440
IRM00040811,2006-11-22,TMAX,236
IRM00040811,2014-07-02,TMIN,280
IRM00040800,2013-12-27,TMAX,106
IRM00040831,2008-11-09,TMAX,278
IRM00040798,2006-10-08,TMIN,8
IRM00040811,2012-05-18,TMIN,298
IRM00040798,2006-06-20,TMAX,324
IRM00040798,2006-10-08,TMAX,238
IRM00040798,2012-09-27,TMIN,54
IRM00040811,2007-02-20,TMAX,224
IRM00040798,2008-10-06,TMIN,18
IRM00040831,2009-05-23,TMIN,286
IRM00040831,2015-03-20,TMAX,288
IRM00040798,2008-10-06,TMAX,262
IRM00040831,2015-03-20,TMIN,198
IRM00040798,2013-10-22,TMAX,186
IRM00040831,2009-05-23,TMAX,476
IRM00040811,2007-02-20,TMIN,104
IRM00040798,2005-09-26,TMAX,290
IRM00040811,2015-06-23,TMAX,448
IRM00040811,2013-05-16,TMAX,364
IRM00040811,2014-12-23,TMAX,194
IRM00040811,2014-12-23,TMIN,90
IRM00040811,2012-05-18,TMAX,422
IRM00040798,2009-11-21,TMAX,94
IRM00040831,2012-08-13,TMIN,310
IRM00040798,2007-05-10,TMIN,50
IRM00040811,2012-07-29,TMAX,480
IRM00040798,2009-11-21,TMIN,-30
IRM00040800,2006-03-07,TMAX,182
IRM00040800,2012-04-25,TMAX,218
IRM00040800,2010-01-06,TMAX,160
IRM00040798,2006-01-03,TMAX,50
IRM00040798,2011-02-12,TMAX,32
IRM00040811,2009-10-21,TMIN,198
IRM00040811,2010-07-23,TMAX,454
IRM00040800,2005-12-17,TMAX,164
IRM00040811,2014-07-02,TMAX,478
IRM00040800,2011-08-08,TMAX,384
IRM00040798,2015-05-01,TMAX,265
IRM00040800,2010-01-29,TMAX,162
IRM00040811,2012-04-06,TMAX,300
IRM00040811,2007-09-16,TMAX,442
IRM00040811,2007-09-16,TMIN,250
IRM00040798,2012-10-24,TMAX,198
IRM00040811,2007-01-16,TMIN,42
IRM00040811,2013-05-18,TMIN,226
IRM00040811,2012-07-29,TMIN,322
IRM00040798,2008-02-06,TMIN,-180
IRM00040800,2015-05-24,TMAX,330
IRM00040811,2009-10-21,TMAX,366
IRM00040811,2014-04-08,TMAX,320
IRM00040831,2010-08-30,TMAX,474
IRM00040811,2012-09-02,TMAX,432
IRM00040831,2009-07-18,TMAX,456
IRM00040831,2009-07-18,TMIN,310
IRM00040811,2011-07-05,TMIN,290
IRM00040798,2011-10-22,TMAX,186
IRM00040831,2007-11-25,TMAX,220
IRM00040811,2006-03-09,TMIN,138
IRM00040798,2012-01-15,TMAX,78
IRM00040811,2011-10-26,TMIN,210
IRM00040811,2006-03-09,TMAX,284
IRM00040800,2007-02-22,TMAX,142
IRM00040811,2012-08-10,TMAX,476
IRM00040831,2006-10-26,TMAX,374
IRM00040798,2011-09-21,TMAX,286
IRM00040798,2014-06-11,TMIN,89
IRM00040831,2011-02-10,TMAX,184
IRM00040798,2011-09-21,TMIN,72
IRM00040800,2010-08-31,TMAX,334
IRM00040831,2011-12-23,TMIN,118
IRM00040831,2012-07-18,TMAX,482
IRM00040831,2008-07-11,TMIN,270
IRM00040811,2007-01-16,TMAX,95
IRM00040800,2015-02-02,TMAX,190
IRM00040798,2013-03-26,TMAX,176
IRM00040798,2008-02-06,TMAX,16
IRM00040811,2015-12-04,TMAX,182
IRM00040831,2015-05-26,TMIN,268
IRM00040831,2010-02-13,TMAX,240
IRM00040800,2015-11-07,TMAX,200
IRM00040831,2007-12-22,TMAX,116
IRM00040798,2015-04-28,TMAX,230
IRM00040831,2015-11-10,TMAX,242
IRM00040831,2011-11-07,TMAX,214
IRM00040811,2010-05-11,TMAX,410
IRM00040798,2014-06-11,TMAX,325
IRM00040798,2014-08-09,TMAX,364
IRM00040800,2012-02-12,TMAX,94
IRM00040798,2015-12-01,TMAX,166
IRM00040798,2005-09-26,TMIN,58
IRM00040811,2012-08-10,TMIN,310
IRM00040798,2005-03-14,TMAX,134
IRM00040831,2013-08-16,TMAX,480
IRM00040798,2011-05-16,TMAX,236
IRM00040798,2007-05-11,TMIN,60
IRM00040798,2012-10-24,TMIN,30
IRM00040798,2012-02-27,TMAX,86
IRM00040798,2013-01-15,TMIN,-130
IRM00040831,2010-07-29,TMAX,448
IRM00040831,2011-11-25,TMIN,74
IRM00040831,2010-03-26,TMIN,180
IRM00040798,2006-07-11,TMAX,374
IRM00040798,2006-12-14,TMAX,18
IRM00040831,2013-02-24,TMAX,246
IRM00040811,2012-08-03,TMAX,492
IRM00040831,2010-03-26,TMAX,290
IRM00040811,2014-05-25,TMAX,432
IRM00040798,2007-11-05,TMIN,-10
IRM00040811,2008-03-04,TMAX,232
IRM00040798,2005-09-08,TMAX,315
IRM00040798,2014-03-16,TMIN,-20
IRM00040811,2011-08-16,TMAX,460
IRM00040800,2014-09-11,TMAX,354
IRM00040831,2010-01-08,TMAX,204
IRM00040811,2007-12-14,TMAX,226
IRM00040831,2014-09-26,TMIN,226
IRM00040798,2009-08-29,TMAX,322
IRM00040811,2013-04-16,TMAX,350
IRM00040798,2014-03-16,TMAX,85
IRM00040798,2012-02-27,TMIN,-114
IRM00040800,2007-01-04,TMAX,74
IRM00040831,2012-09-14,TMIN,260
IRM00040798,2014-05-11,TMAX,256
IRM00040811,2014-04-04,TMAX,264
IRM00040831,2008-07-22,TMIN,286
IRM00040811,2011-02-09,TMIN,104
IRM00040798,2007-11-23,TMAX,116
IRM00040800,2005-12-25,TMAX,104
IRM00040798,2009-11-20,TMIN,-32
IRM00040831,2011-11-25,TMAX,214
IRM00040798,2008-02-24,TMAX,156
IRM00040831,2013-11-09,TMAX,292
IRM00040800,2007-06-24,TMAX,384
IRM00040798,2008-02-24,TMIN,-62
IRM00040800,2010-03-25,TMAX,194
IRM00040798,2009-11-20,TMAX,106
IRM00040811,2013-05-18,TMAX,358
IRM00040800,2010-10-27,TMAX,250
IRM00040798,2013-09-08,TMIN,74
IRM00040811,2007-04-10,TMAX,342
IRM00040831,2009-01-17,TMIN,40
IRM00040800,2007-02-25,TMAX,202
IRM00040831,2013-07-08,TMIN,318
IRM00040811,2011-08-16,TMIN,280
IRM00040811,2015-10-18,TMAX,384
IRM00040811,2012-03-22,TMAX,280
IRM00040800,2011-05-15,TMAX,268
IRM00040798,2013-12-29,TMAX,84
IRM00040811,2010-07-23,TMIN,300
IRM00040831,2013-07-08,TMAX,510
IRM00040811,2008-03-11,TMIN,148
IRM00040798,2007-05-10,TMAX,268
IRM00040800,2011-09-17,TMAX,330
IRM00040811,2012-09-02,TMIN,274
IRM00040831,2014-09-26,TMAX,440
IRM00040798,2005-09-16,TMAX,294
IRM00040798,2005-09-16,TMIN,40
IRM00040800,2015-06-22,TMAX,396
IRM00040831,2010-10-19,TMAX,402
IRM00040811,2011-01-20,TMAX,180
IRM00040811,2013-03-31,TMIN,208
IRM00040800,2015-02-07,TMAX,182
IRM00040800,2015-04-21,TMAX,272
IRM00040798,2007-05-11,TMAX,282
IRM00040811,2011-05-29,TMAX,452
IRM00040831,2012-05-19,TMAX,444
IRM00040798,2005-10-26,TMAX,204
IRM00040811,2012-03-22,TMIN,118
IRM00040831,2008-09-27,TMAX,404
IRM00040798,2013-10-22,TMIN,-10
IRM00040831,2012-08-13,TMAX,474
IRM00040798,2010-02-11,TMAX,84
IRM00040811,2012-06-07,TMIN,276
IRM00040811,2011-03-23,TMAX,324
IRM00040798,2007-11-05,TMAX,196
IRM00040831,2009-12-26,TMAX,214
IRM00040811,2012-06-07,TMAX,468
IRM00040798,2012-04-06,TMAX,188
IRM00040831,2013-03-14,TMAX,354
IRM00040798,2006-06-20,TMIN,76
IRM00040831,2007-07-06,TMAX,450
IRM00040811,2011-04-11,TMIN,194
IRM00040798,2011-04-13,TMAX,150
IRM00040800,2010-04-01,TMAX,226
IRM00040831,2015-05-26,TMAX,432
IRM00040798,2015-05-01,TMIN,11
IRM00040831,2007-09-11,TMAX,418
IRM00040811,2010-11-28,TMAX,278
IRM00040831,2009-03-15,TMAX,286
IRM00040798,2011-04-13,TMIN,74
IRM00040798,2012-04-06,TMIN,2
IRM00040811,2014-11-09,TMAX,284
IRM00040811,2012-10-25,TMAX,360
IRM00040798,2015-01-02,TMAX,159
IRM00040811,2006-09-28,TMAX,374
IRM00040798,2010-05-24,TMIN,62
IRM00040831,2009-09-19,TMIN,270
IRM00040800,2009-07-31,TMAX,402
IRM00040811,2015-06-02,TMAX,488
IRM00040800,2013-06-09,TMAX,346
IRM00040811,2013-06-07,TMAX,406
IRM00040811,2013-06-07,TMIN,270
IRM00040800,2007-12-20,TMAX,110
IRM00040800,2012-08-26,TMAX,344
IRM00040800,2005-12-18,TMAX,130
IRM00040800,2009-07-16,TMIN,198
IRM00040831,2006-12-30,TMAX,120
IRM00040831,2009-11-17,TMAX,304
IRM00040831,2014-09-27,TMAX,408
IRM00040798,2011-01-18,TMIN,-192
IRM00040798,2005-11-21,TMIN,-22
IRM00040831,2014-09-07,TMAX,462
IRM00040800,2014-06-14,TMAX,320
IRM00040831,2011-04-01,TMAX,334
IRM00040800,2009-07-16,TMAX,400
IRM00040831,2006-07-13,TMIN,286
IRM00040831,2006-07-13,TMAX,470
IRM00040831,2007-01-22,TMAX,166
IRM00040811,2010-05-27,TMIN,248
IRM00040811,2012-04-21,TMIN,160
IRM00040798,2015-06-05,TMAX,315
IRM00040798,2013-09-21,TMAX,280
IRM00040811,2006-09-05,TMIN,258
IRM00040800,2008-09-01,TMAX,354
IRM00040831,2007-02-15,TMAX,230
IRM00040798,2013-01-21,TMAX,122
IRM00040811,2006-09-05,TMAX,426
IRM00040831,2015-07-07,TMAX,470
IRM00040831,2008-10-21,TMAX,348
IRM00040831,2008-10-21,TMIN,170
IRM00040798,2007-12-10,TMIN,-54
IRM00040831,2011-04-19,TMIN,198
IRM00040831,2010-08-15,TMAX,466
IRM00040831,2013-04-23,TMIN,176
IRM00040798,2014-10-18,TMAX,180
IRM00040800,2006-03-31,TMAX,180
IRM00040831,2015-07-07,TMIN,306
IRM00040798,2014-05-11,TMIN,40
IRM00040831,2011-04-19,TMAX,388
IRM00040831,2009-11-17,TMIN,160
IRM00040798,2006-07-20,TMAX,308
IRM00040831,2015-11-22,TMAX,234
IRM00040798,2014-12-23,TMAX,80
IRM00040798,2011-09-09,TMIN,56
IRM00040831,2013-03-10,TMIN,160
IRM00040798,2009-06-16,TMAX,288
IRM00040800,2009-03-23,TMAX,214
IRM00040831,2013-03-10,TMAX,258
IRM00040798,2007-04-15,TMAX,116
IRM00040798,2014-09-01,TMAX,298
IRM00040798,2014-09-01,TMIN,98
IRM00040831,2013-08-09,TMIN,288
IRM00040811,2010-06-20,TMIN,310
IRM00040831,2010-06-05,TMIN,290
IRM00040831,2013-08-09,TMAX,454
IRM00040800,2011-01-07,TMAX,120
IRM00040811,2011-07-11,TMIN,282
IRM00040798,2012-04-16,TMIN,34
IRM00040811,2009-01-31,TMIN,116
IRM00040798,2011-05-06,TMIN,36
IRM00040831,2009-08-27,TMIN,308
IRM00040800,2013-11-05,TMAX,186
IRM00040800,2009-01-21,TMAX,94
IRM00040831,2009-09-19,TMAX,418
IRM00040831,2014-05-25,TMAX,422
IRM00040811,2007-12-01,TMAX,244
IRM00040831,2011-09-25,TMAX,430
IRM00040811,2012-02-07,TMIN,62
IRM00040811,2012-02-07,TMAX,176
IRM00040800,2014-11-06,TMAX,108
IRM00040800,2015-12-13,TMAX,112
IRM00040798,2005-11-21,TMAX,136
IRM00040798,2014-12-23,TMIN,-87
IRM00040811,2008-03-11,TMAX,306
IRM00040798,2009-08-31,TMAX,320
IRM00040831,2010-06-05,TMAX,490
IRM00040831,2014-05-25,TMIN,286
IRM00040831,2006-05-24,TMAX,416
IRM00040800,2010-12-12,TMAX,164
IRM00040831,2006-05-24,TMIN,230
IRM00040811,2014-04-08,TMIN,174
IRM00040831,2011-06-03,TMAX,432
IRM00040811,2012-08-07,TMAX,452
IRM00040811,2014-09-27,TMAX,402
IRM00040811,2010-06-20,TMAX,442
IRM00040831,2011-09-25,TMIN,258
IRM00040831,2007-10-27,TMIN,190
IRM00040831,2007-10-27,TMAX,362
IRM00040831,2015-11-22,TMIN,120
IRM00040798,2012-11-05,TMIN,10
IRM00040798,2010-02-13,TMIN,-74
IRM00040798,2010-02-13,TMAX,132
IRM00040800,2010-05-04,TMAX,258
IRM00040800,2014-06-04,TMAX,322
IRM00040831,2010-09-17,TMIN,234
IRM00040798,2015-05-21,TMIN,36
IRM00040811,2013-04-23,TMIN,166
IRM00040831,2013-04-12,TMIN,188
IRM00040811,2006-07-18,TMAX,460
IRM00040800,2011-10-31,TMAX,224
IRM00040811,2013-04-23,TMAX,308
IRM00040831,2013-03-31,TMAX,348
IRM00040831,2011-08-15,TMAX,462
IRM00040798,2011-01-31,TMAX,84
IRM00040798,2013-12-03,TMAX,172
IRM00040811,2007-01-11,TMIN,30
IRM00040798,2008-11-02,TMIN,0
IRM00040811,2007-01-11,TMAX,162
IRM00040811,2007-04-06,TMAX,315
IRM00040831,2011-09-15,TMIN,228
IRM00040831,2015-12-21,TMAX,190
IRM00040798,2015-11-01,TMIN,27
IRM00040831,2011-08-15,TMIN,260
IRM00040798,2008-11-02,TMAX,144
IRM00040800,2011-09-02,TMAX,326
IRM00040798,2006-11-10,TMAX,148
IRM00040831,2009-07-11,TMIN,278
IRM00040811,2009-08-30,TMIN,284
IRM00040831,2013-04-04,TMIN,250
IRM00040811,2009-08-30,TMAX,448
IRM00040798,2012-03-19,TMAX,110
IRM00040798,2013-05-20,TMIN,8
IRM00040811,2015-07-22,TMAX,468
IRM00040831,2012-07-02,TMAX,480
IRM00040800,2011-02-14,TMAX,122
IRM00040798,2012-05-08,TMIN,-4
IRM00040831,2008-12-02,TMAX,208
IRM00040798,2012-05-08,TMAX,242
IRM00040831,2010-09-17,TMAX,440
IRM00040811,2006-05-25,TMAX,416
IRM00040831,2012-08-18,TMIN,268
IRM00040798,2006-02-18,TMAX,80
IRM00040798,2006-02-18,TMIN,-62
IRM00040800,2013-05-24,TMAX,280
IRM00040798,2015-12-20,TMAX,83
IRM00040800,2010-09-05,TMAX,314
IRM00040800,2014-05-24,TMAX,328
IRM00040831,2011-09-15,TMAX,416
IRM00040798,2010-03-26,TMIN,-34
IRM00040831,2005-10-20,TMAX,370
IRM00040811,2011-03-08,TMAX,264
IRM00040831,2015-07-18,TMAX,474
IRM00040798,2006-07-20,TMIN,114
IRM00040811,2015-09-26,TMAX,408
IRM00040811,2014-11-18,TMAX,240
IRM00040831,2011-10-30,TMAX,304
IRM00040811,2005-02-27,TMAX,252
IRM00040831,2006-09-21,TMAX,408
IRM00040811,2007-04-26,TMIN,198
IRM00040811,2007-04-26,TMAX,364
IRM00040831,2007-03-26,TMAX,244
IRM00040831,2006-09-21,TMIN,186
IRM00040811,2013-06-02,TMIN,264
IRM00040811,2005-02-27,TMIN,132
IRM00040798,2011-02-17,TMAX,82
IRM00040798,2015-06-10,TMIN,115
IRM00040798,2008-09-09,TMAX,278
IRM00040798,2013-09-21,TMIN,28
IRM00040811,2013-06-02,TMAX,418
IRM00040798,2011-09-09,TMAX,324
IRM00040811,2007-10-04,TMAX,400
IRM00040811,2015-09-26,TMIN,226
IRM00040831,2014-01-14,TMAX,142
IRM00040798,2006-07-16,TMIN,100
IRM00040831,2014-07-21,TMAX,468
IRM00040811,2012-04-21,TMAX,302
IRM00040811,2011-04-19,TMAX,384
IRM00040798,2015-11-01,TMAX,176
IRM00040811,2009-03-04,TMAX,232
IRM00040811,2006-03-06,TMAX,272
IRM00040798,2009-04-11,TMAX,146
IRM00040798,2011-01-18,TMAX,8
IRM00040811,2006-03-06,TMIN,104
IRM00040831,2013-12-13,TMAX,222
IRM00040798,2006-05-19,TMAX,248
IRM00040811,2009-03-04,TMIN,98
IRM00040811,2014-01-02,TMAX,174
IRM00040798,2013-12-03,TMIN,-10
IRM00040800,2014-02-19,TMAX,144
IRM00040811,2012-08-07,TMIN,308
IRM00040798,2006-07-16,TMAX,336
IRM00040831,2010-03-27,TMAX,280
IRM00040800,2014-08-26,TMAX,344
IRM00040798,2013-08-15,TMAX,328
IRM00040811,2006-09-13,TMIN,254
IRM00040831,2008-07-09,TMAX,438
IRM00040831,2009-03-17,TMAX,252
IRM00040811,2013-10-12,TMAX,342
IRM00040798,2012-07-24,TMIN,124
IRM00040798,2012-07-24,TMAX,292
IRM00040811,2009-08-15,TMIN,282
IRM00040811,2009-08-15,TMAX,462
IRM00040831,2012-12-02,TMAX,192
IRM00040831,2008-12-19,TMIN,16
IRM00040798,2008-04-18,TMIN,36
IRM00040800,2013-08-22,TMIN,172
IRM00040811,2008-09-21,TMIN,246
IRM00040811,2008-09-21,TMAX,430
IRM00040800,2015-08-06,TMAX,356
IRM00040831,2008-09-12,TMIN,258
IRM00040831,2012-12-02,TMIN,80
IRM00040800,2011-06-25,TMAX,360
IRM00040811,2006-12-01,TMAX,216
IRM00040811,2015-09-01,TMAX,432
IRM00040800,2005-07-30,TMAX,342
IRM00040811,2014-09-27,TMIN,230
IRM00040811,2005-09-16,TMAX,424
IRM00040811,2008-11-24,TMIN,170
IRM00040811,2008-11-24,TMAX,270
IRM00040811,2013-07-22,TMAX,442
IRM00040800,2015-04-30,TMAX,294
IRM00040831,2015-12-26,TMAX,174
IRM00040831,2014-10-14,TMAX,390
IRM00040798,2009-07-24,TMAX,352
IRM00040798,2015-08-29,TMIN,101
IRM00040798,2012-03-23,TMAX,126
IRM00040798,2006-12-06,TMAX,74
IRM00040798,2013-04-09,TMAX,216
IRM00040811,2014-04-06,TMIN,130
IRM00040798,2007-01-16,TMIN,-164
IRM00040798,2015-09-07,TMAX,280
IRM00040811,2015-08-01,TMAX,488
IRM00040831,2006-02-18,TMAX,150
IRM00040811,2007-06-17,TMAX,476
IRM00040798,2011-12-13,TMAX,136
IRM00040798,2010-05-23,TMAX,294
IRM00040798,2015-09-07,TMIN,113
IRM00040811,2008-03-07,TMIN,104
IRM00040811,2006-02-23,TMAX,222
IRM00040798,2010-03-28,TMAX,118
IRM00040800,2011-08-18,TMAX,380
IRM00040811,2012-01-04,TMIN,78
IRM00040811,2005-09-16,TMIN,218
IRM00040811,2012-01-04,TMAX,196
IRM00040800,2013-08-22,TMAX,372
IRM00040811,2008-03-07,TMAX,290
IRM00040811,2012-07-01,TMAX,470
IRM00040798,2011-12-13,TMIN,-92
IRM00040800,2007-05-16,TMAX,274
IRM00040811,2014-11-14,TMIN,88
IRM00040800,2012-03-31,TMAX,180
IRM00040800,2013-10-19,TMAX,292
IRM00040798,2008-03-03,TMIN,60
IRM00040798,2008-03-03,TMAX,146
IRM00040800,2013-06-30,TMAX,332
IRM00040798,2009-08-26,TMAX,332
IRM00040831,2007-01-11,TMAX,138
IRM00040831,2007-12-28,TMAX,180
IRM00040831,2009-02-25,TMAX,238
IRM00040811,2007-10-13,TMIN,220
IRM00040831,2011-02-08,TMAX,164
IRM00040811,2005-08-22,TMAX,456
IRM00040811,2015-11-03,TMAX,278
IRM00040798,2011-08-13,TMIN,74
IRM00040831,2013-10-11,TMAX,328
IRM00040831,2007-01-11,TMIN,30
IRM00040798,2012-10-27,TMAX,152
IRM00040811,2012-10-25,TMIN,220
IRM00040798,2011-05-14,TMAX,250
IRM00040798,2008-04-18,TMAX,226
IRM00040800,2005-09-04,TMAX,362
IRM00040831,2009-01-11,TMAX,184
IRM00040798,2009-11-02,TMAX,182
IRM00040811,2014-12-18,TMAX,158
IRM00040798,2008-05-19,TMAX,276
IRM00040798,2014-12-17,TMAX,95
IRM00040798,2006-06-08,TMAX,286
IRM00040811,2010-09-01,TMIN,302
IRM00040811,2010-09-01,TMAX,466
IRM00040800,2009-09-30,TMAX,290
IRM00040798,2009-11-02,TMIN,46
IRM00040831,2014-05-30,TMIN,264
IRM00040811,2014-11-14,TMAX,276
IRM00040831,2008-09-12,TMAX,428
IRM00040811,2012-07-01,TMIN,290
IRM00040831,2009-09-23,TMIN,230
IRM00040831,2009-09-23,TMAX,412
IRM00040811,2008-06-13,TMAX,410
IRM00040811,2012-12-04,TMIN,98
IRM00040811,2013-03-15,TMAX,344
IRM00040811,2014-05-23,TMIN,270
IRM00040811,2012-12-04,TMAX,204
IRM00040811,2008-06-13,TMIN,290
IRM00040811,2007-10-13,TMAX,376
IRM00040798,2013-05-26,TMIN,28
IRM00040798,2015-08-29,TMAX,328
IRM00040800,2007-06-20,TMAX,372
IRM00040811,2009-01-31,TMAX,254
IRM00040798,2007-12-10,TMAX,108
IRM00040831,2007-10-29,TMAX,360
IRM00040798,2005-11-07,TMAX,186
IRM00040811,2015-07-04,TMIN,298
IRM00040798,2007-02-19,TMAX,16
IRM00040811,2009-10-05,TMIN,212
IRM00040798,2013-01-15,TMAX,62
IRM00040831,2007-06-06,TMIN,256
IRM00040798,2011-12-21,TMAX,126
IRM00040800,2012-05-14,TMAX,314
IRM00040800,2013-03-22,TMAX,174
IRM00040798,2009-10-25,TMAX,175
IRM00040800,2006-07-02,TMIN,228
IRM00040811,2006-06-30,TMAX,450
IRM00040798,2009-12-28,TMAX,78
IRM00040831,2007-06-06,TMAX,438
IRM00040811,2006-06-30,TMIN,295
IRM00040798,2005-11-07,TMIN,-24
IRM00040831,2009-08-27,TMAX,482
IRM00040798,2012-11-05,TMAX,174
IRM00040798,2012-09-24,TMIN,42
IRM00040811,2008-10-29,TMAX,290
IRM00040831,2014-10-05,TMAX,412
IRM00040798,2013-05-20,TMAX,252
IRM00040800,2012-10-08,TMAX,294
IRM00040800,2014-05-04,TMAX,274
IRM00040798,2007-02-19,TMIN,-24
IRM00040798,2012-05-01,TMAX,216
IRM00040798,2008-02-07,TMIN,-158
IRM00040800,2009-01-10,TMAX,102
IRM00040798,2012-04-16,TMAX,166
IRM00040811,2006-02-02,TMIN,106
IRM00040800,2006-06-27,TMAX,398
IRM00040811,2008-08-20,TMIN,288
IRM00040800,2006-06-27,TMIN,238
IRM00040800,2009-03-21,TMAX,222
IRM00040831,2014-10-05,TMIN,230
IRM00040811,2015-07-04,TMAX,476
IRM00040811,2006-03-01,TMIN,120
IRM00040800,2013-04-21,TMAX,212
IRM00040811,2015-03-17,TMAX,292
IRM00040811,2009-10-05,TMAX,410
IRM00040811,2006-03-01,TMAX,294
IRM00040800,2009-09-22,TMAX,326
IRM00040798,2008-02-07,TMAX,52
IRM00040798,2013-04-19,TMAX,212
IRM00040811,2008-08-20,TMAX,465
IRM00040831,2014-10-23,TMAX,314
IRM00040831,2014-10-23,TMIN,148
IRM00040831,2008-07-17,TMAX,462
IRM00040800,2014-02-04,TMAX,-16
IRM00040798,2013-07-22,TMAX,360
IRM00040831,2015-03-13,TMAX,264
IRM00040831,2015-03-13,TMIN,170
IRM00040800,2012-11-01,TMAX,214
IRM00040798,2008-09-09,TMIN,94
IRM00040798,2012-03-23,TMIN,-78
IRM00040798,2012-09-24,TMAX,274
IRM00040811,2014-05-12,TMIN,240
IRM00040800,2009-06-18,TMAX,330
IRM00040811,2012-03-26,TMAX,288
IRM00040798,2009-08-08,TMAX,342
IRM00040831,2011-11-26,TMAX,190
IRM00040798,2007-01-16,TMAX,8
IRM00040798,2013-04-09,TMIN,-6
IRM00040800,2015-08-28,TMAX,354
IRM00040798,2009-08-08,TMIN,86
IRM00040798,2013-05-17,TMAX,218
IRM00040831,2007-12-28,TMIN,18
IRM00040798,2013-07-22,TMIN,110
IRM00040798,2013-04-19,TMIN,44
IRM00040798,2015-06-13,TMAX,350
IRM00040831,2008-07-17,TMIN,260
IRM00040798,2008-06-30,TMIN,120
IRM00040800,2006-07-02,TMAX,342
IRM00040798,2009-07-24,TMIN,116
IRM00040831,2008-02-28,TMIN,110
IRM00040798,2014-12-02,TMIN,-116
IRM00040798,2015-10-02,TMIN,58
IRM00040831,2005-12-12,TMIN,70
IRM00040831,2008-12-30,TMAX,204
IRM00040800,2012-05-11,TMAX,308
IRM00040798,2015-10-02,TMAX,291
IRM00040831,2010-11-23,TMAX,268
IRM00040831,2008-05-27,TMAX,420
IRM00040831,2006-05-03,TMAX,380
IRM00040831,2010-08-21,TMIN,282
IRM00040798,2011-04-11,TMIN,-18
IRM00040831,2005-12-12,TMAX,270
IRM00040831,2005-06-05,TMIN,270
IRM00040831,2010-08-21,TMAX,490
IRM00040798,2014-12-02,TMAX,83
IRM00040800,2012-01-27,TMAX,148
IRM00040798,2008-06-30,TMAX,324
IRM00040831,2007-12-05,TMIN,114
IRM00040800,2012-01-20,TMAX,110
IRM00040811,2009-06-29,TMAX,464
IRM00040811,2007-08-24,TMIN,280
IRM00040831,2008-01-14,TMIN,0
IRM00040811,2015-10-21,TMAX,372
IRM00040798,2007-03-03,TMIN,-38
IRM00040798,2015-06-02,TMAX,342
IRM00040798,2015-06-02,TMIN,76
IRM00040800,2011-08-30,TMAX,268
IRM00040798,2011-09-18,TMIN,56
IRM00040831,2012-05-08,TMIN,222
IRM00040798,2013-10-15,TMIN,-30
IRM00040798,2009-09-09,TMIN,58
IRM00040811,2008-11-04,TMIN,176
IRM00040798,2009-09-09,TMAX,290
IRM00040800,2009-06-17,TMAX,320
IRM00040800,2008-01-30,TMAX,136
IRM00040811,2010-04-17,TMAX,300
IRM00040831,2010-01-30,TMIN,120
IRM00040800,2008-07-17,TMAX,374
IRM00040811,2011-08-29,TMAX,440
IRM00040831,2008-10-04,TMAX,360
IRM00040811,2012-08-29,TMAX,456
IRM00040798,2013-10-15,TMAX,214
IRM00040831,2012-05-08,TMAX,400
IRM00040811,2013-02-11,TMAX,250
IRM00040798,2011-01-23,TMAX,50
IRM00040800,2014-03-17,TMAX,188
IRM00040811,2015-01-29,TMIN,168
IRM00040831,2015-01-06,TMAX,222
IRM00040831,2008-07-29,TMAX,436
IRM00040811,2014-08-27,TMAX,468
IRM00040811,2006-05-01,TMAX,386
IRM00040811,2011-08-29,TMIN,276
IRM00040831,2008-04-08,TMAX,322
IRM00040798,2011-06-16,TMAX,334
IRM00040800,2013-08-31,TMAX,352
IRM00040831,2006-09-07,TMAX,440
IRM00040831,2006-09-07,TMIN,260
IRM00040798,2012-12-24,TMAX,120
IRM00040798,2006-11-27,TMAX,64
IRM00040798,2008-11-25,TMAX,136
IRM00040798,2007-03-03,TMAX,102
IRM00040831,2008-10-04,TMIN,166
IRM00040811,2011-07-17,TMAX,448
IRM00040800,2006-05-13,TMAX,330
IRM00040811,2009-07-29,TMAX,474
IRM00040811,2013-02-11,TMIN,130
IRM00040831,2015-11-01,TMIN,190
IRM00040798,2008-11-25,TMIN,-54
IRM00040800,2013-04-06,TMAX,166
IRM00040800,2007-01-27,TMAX,132
IRM00040798,2011-01-23,TMIN,-114
IRM00040811,2008-02-07,TMAX,202
IRM00040831,2013-07-27,TMAX,448
IRM00040798,2014-07-15,TMIN,124
IRM00040800,2012-12-13,TMAX,92
IRM00040811,2007-06-21,TMIN,296
IRM00040811,2014-02-19,TMAX,230
IRM00040831,2008-04-06,TMAX,332
IRM00040798,2015-01-12,TMAX,80
IRM00040798,2011-06-16,TMIN,56
IRM00040800,2010-07-30,TMIN,180
IRM00040800,2010-04-10,TMIN,90
IRM00040831,2012-05-17,TMAX,418
IRM00040831,2008-06-12,TMIN,246
IRM00040831,2008-04-20,TMAX,366
IRM00040831,2005-12-27,TMIN,58
IRM00040831,2008-06-12,TMAX,400
IRM00040831,2007-10-12,TMIN,214
IRM00040831,2005-12-27,TMAX,140
IRM00040811,2007-05-24,TMIN,248
IRM00040811,2007-06-21,TMAX,456
IRM00040831,2011-11-17,TMAX,248
IRM00040831,2014-09-04,TMAX,480
IRM00040800,2011-03-09,TMAX,176
IRM00040798,2009-09-04,TMIN,78
IRM00040798,2011-06-23,TMAX,336
IRM00040800,2009-09-18,TMAX,302
IRM00040831,2015-11-01,TMAX,274
IRM00040800,2011-11-26,TMAX,66
IRM00040798,2011-09-18,TMAX,284
IRM00040811,2012-08-29,TMIN,270
IRM00040798,2012-10-08,TMAX,260
IRM00040811,2009-02-24,TMAX,226
IRM00040800,2007-06-16,TMAX,394
IRM00040800,2015-03-18,TMAX,192
IRM00040798,2008-05-05,TMIN,42
IRM00040798,2012-10-08,TMIN,50
IRM00040798,2005-09-11,TMAX,324
IRM00040800,2009-10-14,TMAX,274
IRM00040831,2015-04-19,TMAX,334
IRM00040831,2009-05-31,TMAX,428
IRM00040831,2008-04-20,TMIN,176
IRM00040798,2014-07-15,TMAX,338
IRM00040798,2005-09-11,TMIN,92
IRM00040831,2009-05-31,TMIN,260
IRM00040798,2007-03-08,TMIN,-94
IRM00040811,2011-03-15,TMIN,94
IRM00040798,2008-10-19,TMIN,0
IRM00040831,2014-11-20,TMAX,262
IRM00040800,2015-09-21,TMAX,276
IRM00040798,2008-02-14,TMIN,-22
IRM00040811,2015-04-20,TMIN,172
IRM00040798,2008-02-14,TMAX,82
IRM00040811,2011-07-30,TMAX,484
IRM00040811,2015-04-20,TMAX,352
IRM00040811,2010-02-20,TMAX,248
IRM00040798,2006-02-11,TMIN,-8
IRM00040798,2006-02-11,TMAX,96
IRM00040798,2011-11-08,TMIN,-44
IRM00040800,2009-07-17,TMAX,400
IRM00040811,2009-05-23,TMIN,286
IRM00040811,2010-05-25,TMIN,232
IRM00040831,2010-02-28,TMAX,266
IRM00040831,2007-06-28,TMIN,266
IRM00040811,2015-04-01,TMIN,150
IRM00040811,2008-11-28,TMAX,252
IRM00040811,2010-04-29,TMIN,240
IRM00040800,2008-03-20,TMAX,228
IRM00040831,2014-03-06,TMAX,312
IRM00040811,2014-06-26,TMIN,288
IRM00040811,2014-06-26,TMAX,456
IRM00040811,2015-04-01,TMAX,280
IRM00040811,2011-07-30,TMIN,318
IRM00040800,2012-06-16,TMAX,330
IRM00040800,2010-02-07,TMAX,40
IRM00040798,2011-12-29,TMAX,76
IRM00040811,2009-04-03,TMAX,242
IRM00040800,2007-02-16,TMAX,150
IRM00040800,2007-05-21,TMAX,272
IRM00040831,2014-07-06,TMIN,288
IRM00040831,2011-01-25,TMAX,220
IRM00040798,2005-12-09,TMIN,-60
IRM00040800,2007-09-20,TMIN,120
IRM00040798,2005-12-09,TMAX,154
IRM00040800,2015-09-13,TMAX,320
IRM00040831,2007-07-21,TMAX,470
IRM00040798,2012-08-16,TMAX,322
IRM00040811,2009-04-03,TMIN,156
IRM00040831,2008-12-22,TMIN,120
IRM00040831,2007-08-24,TMAX,464
IRM00040800,2008-02-25,TMAX,192
IRM00040831,2007-08-24,TMIN,280
IRM00040811,2006-06-17,TMIN,275
IRM00040811,2006-06-17,TMAX,476
IRM00040831,2009-05-01,TMIN,244
IRM00040831,2014-03-06,TMIN,180
IRM00040831,2012-07-29,TMAX,510
IRM00040798,2011-11-08,TMAX,96
IRM00040798,2011-12-02,TMIN,-80
IRM00040800,2008-09-08,TMAX,330
IRM00040831,2014-11-20,TMIN,120
IRM00040798,2015-07-01,TMIN,161
IRM00040798,2011-07-19,TMIN,92
IRM00040798,2015-12-12,TMAX,102
IRM00040800,2009-01-05,TMAX,108
IRM00040798,2010-11-07,TMIN,-26
IRM00040798,2009-01-20,TMAX,54
IRM00040831,2011-05-31,TMAX,494
IRM00040811,2006-10-20,TMAX,382
IRM00040831,2012-07-11,TMIN,296
IRM00040811,2007-02-02,TMAX,202
IRM00040798,2008-05-11,TMAX,228
IRM00040831,2012-07-29,TMIN,300
IRM00040798,2015-07-01,TMAX,353
IRM00040831,2012-07-11,TMAX,476
IRM00040811,2011-05-20,TMIN,310
IRM00040811,2006-10-20,TMIN,218
IRM00040831,2007-11-18,TMAX,322
IRM00040800,2014-04-28,TMAX,270
IRM00040811,2007-02-02,TMIN,98
IRM00040798,2011-07-19,TMAX,322
IRM00040798,2014-05-21,TMAX,238
IRM00040811,2009-02-07,TMAX,240
IRM00040831,2010-02-09,TMIN,40
IRM00040831,2010-02-09,TMAX,180
IRM00040798,2008-11-03,TMAX,102
IRM00040811,2009-04-16,TMAX,314
IRM00040800,2015-11-29,TMAX,160
IRM00040798,2009-12-10,TMAX,44
IRM00040798,2009-01-11,TMIN,-92
IRM00040798,2012-08-15,TMIN,82
IRM00040831,2007-11-17,TMAX,322
IRM00040831,2014-08-09,TMIN,300
IRM00040831,2008-12-22,TMAX,222
IRM00040811,2011-03-15,TMAX,214
IRM00040811,2009-06-21,TMAX,444
IRM00040798,2009-01-11,TMAX,48
IRM00040831,2014-12-30,TMAX,232
IRM00040811,2011-05-20,TMAX,440
IRM00040811,2009-06-21,TMIN,308
IRM00040800,2006-01-03,TMAX,82
IRM00040798,2013-01-25,TMAX,160
IRM00040798,2014-06-26,TMAX,334
IRM00040831,2013-03-30,TMAX,336
IRM00040798,2011-12-02,TMAX,70
IRM00040831,2015-05-03,TMAX,388
IRM00040831,2011-05-31,TMIN,286
IRM00040811,2008-02-28,TMAX,226
IRM00040831,2007-06-03,TMAX,436
IRM00040798,2009-09-07,TMAX,292
IRM00040811,2009-12-24,TMIN,136
IRM00040831,2009-05-21,TMAX,446
IRM00040798,2009-04-20,TMAX,176
IRM00040811,2009-10-11,TMIN,216
IRM00040811,2015-08-27,TMIN,310
IRM00040811,2015-08-27,TMAX,464
IRM00040798,2012-11-12,TMIN,38
IRM00040831,2014-09-29,TMAX,418
IRM00040831,2007-05-27,TMAX,460
IRM00040831,2007-05-27,TMIN,278
IRM00040811,2009-10-24,TMAX,340
IRM00040811,2010-09-14,TMIN,258
IRM00040800,2012-01-29,TMAX,106
IRM00040798,2015-04-09,TMIN,-19
IRM00040798,2014-07-01,TMAX,344
IRM00040831,2014-03-29,TMAX,320
IRM00040798,2011-07-24,TMAX,312
IRM00040798,2011-07-24,TMIN,146
IRM00040831,2015-01-28,TMAX,240
IRM00040831,2011-11-22,TMAX,220
IRM00040831,2009-05-21,TMIN,256
IRM00040831,2014-05-09,TMIN,270
IRM00040800,2012-07-07,TMAX,392
IRM00040800,2013-12-02,TMAX,162
IRM00040811,2006-08-01,TMAX,454
IRM00040811,2014-12-20,TMIN,98
IRM00040811,2008-03-12,TMIN,166
IRM00040800,2009-04-23,TMAX,260
IRM00040831,2009-03-18,TMAX,280
IRM00040800,2006-04-10,TMAX,232
IRM00040800,2009-12-04,TMAX,94
IRM00040831,2013-04-16,TMAX,346
IRM00040811,2013-03-09,TMAX,252
IRM00040811,2013-03-09,TMIN,96
IRM00040798,2012-02-26,TMAX,70
IRM00040831,2009-03-18,TMIN,102
IRM00040811,2008-03-12,TMAX,294
IRM00040800,2010-06-24,TMAX,352
IRM00040798,2012-11-12,TMAX,168
IRM00040811,2010-10-12,TMAX,366
IRM00040798,2012-08-13,TMIN,120
IRM00040831,2010-05-15,TMAX,402
IRM00040831,2015-09-03,TMAX,452
IRM00040811,2009-10-24,TMIN,210
IRM00040800,2012-02-27,TMAX,124
IRM00040811,2014-03-07,TMAX,324
IRM00040811,2011-11-20,TMIN,158
IRM00040831,2010-04-14,TMIN,206
IRM00040811,2015-02-21,TMAX,160
IRM00040798,2015-08-09,TMIN,104
IRM00040798,2015-08-09,TMAX,344
IRM00040798,2008-03-02,TMAX,140
IRM00040800,2012-08-15,TMAX,354
IRM00040811,2015-06-24,TMAX,448
IRM00040831,2013-10-18,TMIN,170
IRM00040798,2015-09-02,TMIN,56
IRM00040798,2008-03-02,TMIN,14
IRM00040798,2009-01-20,TMIN,-108
IRM00040831,2013-11-29,TMIN,146
IRM00040800,2014-05-07,TMAX,296
IRM00040811,2009-11-28,TMAX,172
IRM00040798,2007-11-11,TMIN,-18
IRM00040798,2010-05-09,TMIN,16
IRM00040798,2007-11-11,TMAX,194
IRM00040798,2007-11-09,TMAX,216
IRM00040800,2012-10-17,TMAX,248
IRM00040798,2012-08-10,TMAX,342
IRM00040811,2007-04-11,TMIN,192
IRM00040831,2012-10-05,TMAX,420
IRM00040811,2015-02-21,TMIN,84
IRM00040831,2012-10-05,TMIN,210
IRM00040811,2006-10-24,TMAX,362
IRM00040811,2007-04-11,TMAX,294
IRM00040831,2012-07-31,TMAX,520
IRM00040811,2013-09-02,TMIN,282
IRM00040831,2010-04-14,TMAX,326
IRM00040800,2011-12-16,TMAX,104
IRM00040798,2012-08-13,TMAX,336
IRM00040798,2015-02-27,TMAX,73
IRM00040811,2015-08-07,TMAX,486
IRM00040811,2015-08-07,TMIN,326
IRM00040831,2010-07-14,TMIN,290
IRM00040811,2013-09-21,TMAX,420
IRM00040831,2013-09-15,TMAX,448
IRM00040831,2010-07-24,TMAX,480
IRM00040800,2015-10-17,TMAX,266
IRM00040798,2015-09-02,TMAX,277
IRM00040798,2015-03-12,TMAX,121
IRM00040800,2011-10-04,TMAX,284
IRM00040831,2013-11-29,TMAX,276
IRM00040811,2015-06-24,TMIN,300
IRM00040811,2007-11-10,TMAX,325
IRM00040811,2014-03-07,TMIN,158
IRM00040831,2012-05-17,TMIN,268
IRM00040798,2007-07-21,TMAX,322
IRM00040798,2013-12-08,TMAX,112
IRM00040811,2012-03-12,TMIN,74
IRM00040831,2007-08-03,TMAX,486
IRM00040798,2012-02-15,TMIN,-58
IRM00040798,2015-09-08,TMIN,81
IRM00040800,2012-05-10,TMAX,296
IRM00040811,2009-04-14,TMAX,306
IRM00040811,2014-11-06,TMIN,108
IRM00040831,2007-01-08,TMIN,50
IRM00040831,2007-11-18,TMIN,154
IRM00040798,2009-09-04,TMAX,320
IRM00040811,2005-03-29,TMAX,300
IRM00040831,2007-01-08,TMAX,172
IRM00040800,2011-04-26,TMAX,238
IRM00040831,2015-04-12,TMAX,330
IRM00040811,2014-11-06,TMAX,244
IRM00040800,2010-04-10,TMAX,230
IRM00040798,2015-09-08,TMAX,297
IRM00040800,2007-12-22,TMAX,92
IRM00040798,2006-02-19,TMAX,104
IRM00040811,2014-10-12,TMIN,224
IRM00040811,2007-07-14,TMAX,464
IRM00040811,2012-03-12,TMAX,246
IRM00040811,2013-09-12,TMAX,422
IRM00040831,2014-09-29,TMIN,226
IRM00040798,2012-10-28,TMIN,40
IRM00040798,2010-02-09,TMIN,-86
IRM00040798,2010-02-09,TMAX,94
IRM00040798,2009-01-09,TMAX,74
IRM00040798,2012-10-28,TMAX,160
IRM00040798,2005-11-18,TMAX,112
IRM00040798,2011-12-19,TMIN,-112
IRM00040800,2010-08-22,TMAX,374
IRM00040798,2011-12-19,TMAX,102
IRM00040811,2008-02-29,TMAX,250
IRM00040798,2013-01-11,TMAX,-16
IRM00040811,2008-11-04,TMAX,242
IRM00040831,2007-10-12,TMAX,380
IRM00040800,2012-07-10,TMAX,384
IRM00040831,2012-12-30,TMAX,190
IRM00040798,2010-03-14,TMAX,208
IRM00040811,2013-09-12,TMIN,246
IRM00040831,2007-08-03,TMIN,288
IRM00040798,2009-09-22,TMAX,276
IRM00040798,2009-09-22,TMIN,42
IRM00040831,2015-07-06,TMAX,460
IRM00040831,2013-03-21,TMIN,110
IRM00040831,2005-10-28,TMIN,146
IRM00040798,2014-01-14,TMAX,-6
IRM00040831,2010-09-13,TMIN,244
IRM00040831,2008-06-24,TMAX,458
IRM00040800,2009-09-16,TMAX,312
IRM00040811,2006-01-21,TMAX,182
IRM00040831,2005-12-08,TMAX,270
IRM00040800,2007-10-14,TMAX,274
IRM00040798,2010-09-11,TMIN,56
IRM00040811,2005-03-29,TMIN,130
IRM00040811,2009-12-26,TMIN,130
IRM00040798,2006-01-07,TMAX,68
IRM00040811,2011-03-18,TMAX,276
IRM00040800,2012-07-18,TMAX,352
IRM00040831,2008-06-24,TMIN,300
IRM00040831,2014-08-23,TMAX,482
IRM00040831,2010-05-15,TMIN,278
IRM00040831,2005-10-28,TMAX,334
IRM00040798,2007-10-06,TMIN,8
IRM00040798,2007-10-06,TMAX,240
IRM00040811,2015-12-17,TMAX,180
IRM00040811,2014-08-21,TMAX,486
IRM00040798,2007-07-21,TMIN,136
IRM00040811,2009-12-26,TMAX,208
IRM00040811,2011-03-18,TMIN,116
IRM00040811,2013-09-02,TMAX,458
IRM00040798,2013-08-22,TMAX,312
IRM00040831,2014-05-09,TMAX,406
IRM00040811,2015-12-26,TMAX,192
IRM00040798,2011-07-28,TMAX,304
IRM00040798,2013-01-05,TMAX,74
IRM00040800,2012-10-16,TMAX,260
IRM00040798,2012-02-15,TMAX,86
IRM00040831,2012-05-13,TMAX,442
IRM00040798,2011-07-28,TMIN,124
IRM00040811,2008-02-28,TMIN,108
IRM00040831,2012-05-13,TMIN,270
IRM00040800,2015-06-09,TMAX,360
IRM00040798,2008-10-19,TMAX,212
IRM00040831,2013-08-02,TMAX,454
IRM00040831,2011-03-20,TMAX,312
IRM00040811,2007-05-24,TMAX,436
IRM00040811,2015-08-25,TMIN,290
IRM00040831,2014-09-27,TMIN,230
IRM00040800,2013-02-22,TMAX,154
IRM00040831,2006-06-08,TMAX,430
IRM00040811,2006-03-14,TMIN,96
IRM00040811,2006-03-14,TMAX,274
IRM00040811,2015-12-26,TMIN,86
IRM00040800,2013-12-28,TMAX,122
IRM00040811,2014-03-10,TMAX,226
IRM00040831,2009-05-01,TMAX,386
IRM00040811,2010-07-27,TMIN,316
IRM00040800,2007-12-05,TMAX,148
IRM00040798,2014-09-19,TMIN,54
IRM00040831,2011-11-01,TMAX,264
IRM00040831,2013-09-07,TMAX,430
IRM00040831,2015-10-17,TMAX,384
IRM00040800,2006-02-11,TMAX,116
IRM00040798,2007-01-02,TMIN,-262
IRM00040798,2011-07-10,TMIN,90
IRM00040831,2014-08-25,TMIN,298
IRM00040811,2010-09-11,TMAX,426
IRM00040831,2011-07-05,TMAX,440
IRM00040811,2014-08-06,TMAX,446
IRM00040798,2014-09-19,TMAX,308
IRM00040800,2011-06-26,TMAX,382
IRM00040800,2006-09-13,TMAX,332
IRM00040798,2014-04-23,TMAX,165
IRM00040831,2009-05-22,TMAX,462
IRM00040811,2010-09-11,TMIN,254
IRM00040831,2007-09-20,TMAX,446
IRM00040798,2012-10-02,TMIN,22
IRM00040798,2013-04-20,TMAX,192
IRM00040800,2015-03-03,TMAX,164
IRM00040798,2011-08-27,TMIN,88
IRM00040831,2013-09-06,TMAX,446
IRM00040831,2008-10-19,TMAX,366
IRM00040798,2015-11-26,TMAX,151
IRM00040798,2007-05-27,TMAX,288
IRM00040811,2007-07-28,TMAX,484
IRM00040798,2013-09-04,TMAX,322
IRM00040798,2013-09-04,TMIN,82
IRM00040798,2007-05-27,TMIN,76
IRM00040811,2015-01-16,TMAX,192
IRM00040798,2006-01-08,TMAX,84
IRM00040811,2014-07-09,TMIN,280
IRM00040798,2014-04-23,TMIN,71
IRM00040800,2008-03-13,TMAX,234
IRM00040800,2007-04-30,TMAX,260
IRM00040798,2011-08-27,TMAX,328
IRM00040831,2005-11-18,TMAX,214
IRM00040798,2006-05-29,TMIN,66
IRM00040798,2010-06-04,TMAX,308
IRM00040798,2013-04-20,TMIN,70
IRM00040800,2012-04-24,TMAX,244
IRM00040798,2008-05-01,TMAX,212
IRM00040811,2006-12-15,TMAX,172
IRM00040798,2014-08-18,TMAX,302
IRM00040800,2015-01-05,TMAX,160
IRM00040811,2015-02-14,TMAX,232
IRM00040831,2008-06-26,TMAX,478
IRM00040811,2006-07-26,TMAX,482
IRM00040831,2008-07-28,TMAX,458
IRM00040831,2006-12-27,TMIN,82
IRM00040811,2009-07-22,TMIN,302
IRM00040811,2009-07-22,TMAX,454
IRM00040798,2010-09-30,TMIN,56
IRM00040811,2011-06-19,TMIN,296
IRM00040798,2010-09-30,TMAX,270
IRM00040798,2009-04-19,TMAX,164
IRM00040798,2013-12-20,TMAX,36
IRM00040798,2009-09-12,TMIN,26
IRM00040800,2015-03-04,TMAX,138
IRM00040811,2006-07-26,TMIN,304
IRM00040831,2006-12-27,TMAX,204
IRM00040800,2014-01-13,TMIN,-42
IRM00040798,2007-07-23,TMIN,134
IRM00040811,2012-05-05,TMAX,400
IRM00040798,2007-07-23,TMAX,326
IRM00040798,2009-06-11,TMAX,292
IRM00040798,2012-11-17,TMIN,-24
IRM00040811,2007-09-09,TMIN,270
IRM00040811,2010-06-18,TMIN,308
IRM00040811,2011-06-09,TMAX,470
IRM00040831,2014-12-28,TMAX,258
IRM00040798,2007-07-05,TMIN,134
IRM00040800,2011-02-04,TMAX,42
IRM00040811,2013-02-01,TMIN,114
IRM00040798,2007-04-04,TMIN,22
IRM00040831,2012-10-24,TMIN,238
IRM00040831,2008-07-28,TMIN,232
IRM00040798,2007-07-05,TMAX,344
IRM00040811,2015-02-14,TMIN,98
IRM00040798,2007-01-02,TMAX,-58
IRM00040798,2007-06-03,TMAX,262
IRM00040831,2012-10-24,TMAX,360
IRM00040798,2007-04-04,TMAX,148
IRM00040798,2012-10-02,TMAX,244
IRM00040811,2010-06-18,TMAX,452
IRM00040811,2013-02-01,TMAX,194
IRM00040798,2006-07-13,TMAX,336
IRM00040800,2013-02-21,TMAX,156
IRM00040798,2006-03-06,TMAX,144
IRM00040831,2015-06-13,TMAX,460
IRM00040798,2009-04-19,TMIN,-48
IRM00040798,2012-11-17,TMAX,132
IRM00040800,2005-10-19,TMAX,276
IRM00040798,2006-08-08,TMIN,114
IRM00040811,2011-06-09,TMIN,310
IRM00040800,2009-05-03,TMAX,236
IRM00040811,2010-12-03,TMAX,264
IRM00040831,2015-01-12,TMIN,42
IRM00040811,2012-03-23,TMIN,114
IRM00040811,2008-12-06,TMIN,108
IRM00040798,2007-11-25,TMAX,124
IRM00040831,2011-07-01,TMIN,282
IRM00040798,2007-04-08,TMIN,24
IRM00040811,2012-09-25,TMAX,402
IRM00040831,2010-04-25,TMIN,186
IRM00040800,2013-01-15,TMAX,82
IRM00040811,2013-11-06,TMAX,304
IRM00040800,2012-02-25,TMAX,72
IRM00040811,2008-12-06,TMAX,236
IRM00040811,2006-04-06,TMIN,174
IRM00040811,2007-03-14,TMAX,250
IRM00040800,2011-09-22,TMAX,326
IRM00040798,2007-11-18,TMAX,178
IRM00040811,2014-02-16,TMAX,212
IRM00040831,2012-10-31,TMAX,316
IRM00040831,2015-01-12,TMAX,156
IRM00040811,2009-08-24,TMAX,474
IRM00040831,2010-02-07,TMAX,132
IRM00040798,2006-07-30,TMAX,348
IRM00040831,2011-12-11,TMAX,166
IRM00040831,2015-10-08,TMAX,392
IRM00040831,2010-08-01,TMIN,326
IRM00040831,2012-08-19,TMAX,478
IRM00040831,2011-05-07,TMAX,370
IRM00040811,2009-08-24,TMIN,308
IRM00040800,2011-08-10,TMAX,380
IRM00040798,2012-11-04,TMAX,192
IRM00040798,2006-07-30,TMIN,120
IRM00040831,2010-08-26,TMIN,290
IRM00040800,2010-12-02,TMAX,190
IRM00040798,2013-12-05,TMAX,104
IRM00040798,2012-11-04,TMIN,-2
IRM00040811,2005-06-26,TMAX,474
IRM00040811,2005-06-26,TMIN,278
IRM00040811,2008-05-30,TMAX,392
IRM00040811,2014-02-16,TMIN,90
IRM00040811,2008-05-30,TMIN,268
IRM00040800,2013-01-13,TMAX,74
IRM00040811,2013-07-23,TMAX,448
IRM00040811,2012-03-23,TMAX,278
IRM00040798,2006-10-30,TMAX,156
IRM00040800,2015-11-30,TMAX,180
IRM00040811,2008-05-20,TMAX,420
IRM00040798,2007-09-20,TMAX,294
IRM00040831,2011-10-10,TMIN,202
IRM00040798,2006-07-05,TMAX,354
IRM00040831,2011-10-10,TMAX,366
IRM00040831,2010-09-13,TMAX,456
IRM00040798,2014-08-18,TMIN,120
IRM00040811,2010-11-02,TMIN,236
IRM00040811,2008-01-16,TMAX,124
IRM00040831,2010-08-26,TMAX,476
IRM00040831,2013-09-06,TMIN,300
IRM00040811,2009-04-20,TMAX,312
IRM00040798,2013-11-11,TMAX,168
IRM00040811,2009-04-20,TMIN,156
IRM00040811,2010-08-24,TMAX,450
IRM00040811,2012-06-23,TMIN,288
IRM00040798,2008-07-15,TMIN,110
IRM00040800,2008-11-14,TMAX,132
IRM00040798,2008-07-15,TMAX,358
IRM00040811,2010-08-24,TMIN,308
IRM00040798,2006-09-30,TMAX,264
IRM00040798,2006-09-30,TMIN,30
IRM00040831,2005-11-22,TMAX,286
IRM00040811,2008-08-05,TMAX,468
IRM00040831,2011-04-29,TMIN,210
IRM00040811,2012-08-19,TMIN,306
IRM00040798,2007-09-20,TMIN,38
IRM00040831,2013-11-28,TMAX,260
IRM00040811,2013-05-02,TMAX,266
IRM00040831,2012-03-10,TMAX,254
IRM00040811,2008-08-05,TMIN,320
IRM00040798,2008-12-15,TMAX,72
IRM00040798,2008-03-09,TMIN,-64
IRM00040798,2014-12-06,TMAX,125
IRM00040798,2014-12-06,TMIN,-44
IRM00040800,2013-04-28,TMAX,248
IRM00040798,2006-05-29,TMAX,284
IRM00040831,2013-10-15,TMAX,354
IRM00040811,2008-01-16,TMIN,28
IRM00040811,2012-08-19,TMAX,456
IRM00040831,2007-11-08,TMAX,344
IRM00040811,2012-06-23,TMAX,462
IRM00040800,2010-08-28,TMAX,332
IRM00040798,2006-07-05,TMIN,116
IRM00040800,2010-02-09,TMAX,80
IRM00040800,2014-01-22,TMAX,122
IRM00040798,2008-03-09,TMAX,162
IRM00040798,2009-02-11,TMAX,66
IRM00040798,2008-07-04,TMAX,322
IRM00040800,2012-08-29,TMAX,346
IRM00040811,2008-06-20,TMIN,278
IRM00040800,2011-04-01,TMAX,228
IRM00040831,2011-02-23,TMAX,256
IRM00040831,2009-08-23,TMAX,472
IRM00040831,2006-04-12,TMAX,308
IRM00040798,2007-06-26,TMAX,328
IRM00040798,2012-08-23,TMIN,84
IRM00040800,2008-04-04,TMAX,228
IRM00040831,2006-02-11,TMAX,154
IRM00040811,2015-01-29,TMAX,254
IRM00040800,2010-02-20,TMAX,152
IRM00040798,2013-02-24,TMAX,108
IRM00040798,2014-04-30,TMIN,19
IRM00040811,2015-04-04,TMIN,160
IRM00040811,2006-10-30,TMAX,316
IRM00040831,2010-04-13,TMAX,318
IRM00040811,2007-05-18,TMAX,390
IRM00040831,2013-01-09,TMAX,220
IRM00040831,2010-08-08,TMAX,500
IRM00040798,2007-06-26,TMIN,134
IRM00040800,2011-09-19,TMAX,306
IRM00040831,2013-01-09,TMIN,110
IRM00040798,2015-02-09,TMIN,45
IRM00040811,2012-10-07,TMIN,222
IRM00040798,2011-01-29,TMAX,82
IRM00040800,2015-07-08,TMAX,370
IRM00040811,2009-06-26,TMAX,482
IRM00040800,2014-12-09,TMAX,124
IRM00040811,2006-10-18,TMAX,384
IRM00040798,2008-05-05,TMAX,194
IRM00040831,2011-11-04,TMIN,116
IRM00040831,2007-03-08,TMIN,100
IRM00040831,2007-03-08,TMAX,244
IRM00040798,2013-04-06,TMAX,134
IRM00040831,2012-10-19,TMIN,214
IRM00040831,2012-10-19,TMAX,360
IRM00040811,2014-02-08,TMAX,172
IRM00040811,2014-02-08,TMIN,48
IRM00040831,2014-01-26,TMAX,182
IRM00040811,2005-09-25,TMAX,422
IRM00040811,2015-04-04,TMAX,320
IRM00040798,2012-08-23,TMAX,318
IRM00040811,2011-04-25,TMAX,332
IRM00040811,2012-04-25,TMIN,198
IRM00040811,2009-06-26,TMIN,270
IRM00040798,2015-02-09,TMAX,140
IRM00040811,2007-03-17,TMIN,116
IRM00040811,2011-06-27,TMIN,276
IRM00040811,2011-05-06,TMIN,240
IRM00040800,2008-07-08,TMAX,392
IRM00040831,2010-08-08,TMIN,300
IRM00040831,2015-04-24,TMAX,304
IRM00040800,2006-11-17,TMAX,134
IRM00040800,2012-03-04,TMAX,118
IRM00040798,2010-09-09,TMIN,60
IRM00040798,2015-03-23,TMAX,96
IRM00040831,2011-10-25,TMIN,160
IRM00040798,2008-10-20,TMIN,-8
IRM00040798,2006-10-11,TMAX,252
IRM00040831,2012-06-21,TMAX,438
IRM00040798,2008-10-20,TMAX,228
IRM00040800,2010-04-05,TMAX,246
IRM00040831,2014-09-20,TMAX,430
IRM00040831,2007-06-28,TMAX,456
IRM00040800,2014-02-05,TMAX,16
IRM00040831,2007-04-20,TMAX,318
IRM00040798,2006-10-11,TMIN,34
IRM00040800,2008-08-26,TMAX,352
IRM00040811,2013-05-05,TMAX,312
IRM00040798,2012-08-16,TMIN,86
IRM00040831,2011-10-25,TMAX,342
IRM00040831,2006-03-06,TMAX,276
IRM00040798,2014-06-25,TMAX,340
IRM00040800,2014-01-24,TMAX,150
IRM00040831,2013-07-17,TMAX,514
IRM00040800,2012-08-17,TMAX,360
IRM00040798,2006-11-07,TMAX,210
IRM00040798,2014-04-30,TMAX,247
IRM00040800,2015-10-29,TMAX,238
IRM00040798,2010-05-04,TMIN,60
IRM00040800,2015-07-09,TMAX,370
IRM00040831,2013-01-16,TMAX,182
IRM00040831,2013-07-17,TMIN,328
IRM00040831,2012-06-21,TMIN,290
IRM00040831,2012-01-21,TMAX,88
IRM00040798,2012-10-30,TMIN,10
IRM00040811,2012-11-22,TMAX,232
IRM00040798,2010-05-04,TMAX,190
IRM00040800,2010-04-08,TMAX,252
IRM00040811,2012-10-07,TMAX,412
IRM00040798,2014-06-25,TMIN,98
IRM00040831,2009-03-21,TMAX,328
IRM00040798,2012-02-17,TMIN,0
IRM00040798,2012-02-17,TMAX,62
IRM00040831,2014-09-20,TMIN,218
IRM00040811,2011-05-06,TMAX,396
IRM00040811,2006-10-18,TMIN,236
IRM00040831,2012-02-26,TMAX,190
IRM00040798,2014-06-26,TMIN,104
IRM00040798,2011-10-09,TMIN,2
IRM00040831,2011-09-14,TMIN,218
IRM00040800,2010-01-14,TMAX,188
IRM00040798,2013-07-14,TMIN,110
IRM00040798,2007-08-24,TMAX,308
IRM00040798,2013-05-15,TMIN,16
IRM00040798,2012-10-30,TMAX,160
IRM00040798,2013-07-14,TMAX,370
IRM00040798,2007-08-24,TMIN,78
IRM00040798,2011-10-09,TMAX,234
IRM00040798,2008-09-28,TMIN,80
IRM00040800,2014-01-13,TMAX,14
IRM00040831,2011-01-01,TMAX,174
IRM00040798,2014-03-12,TMAX,88
IRM00040798,2014-03-12,TMIN,0
IRM00040798,2007-11-22,TMAX,126
IRM00040811,2010-08-28,TMAX,456
IRM00040811,2008-06-29,TMAX,496
IRM00040798,2006-04-05,TMIN,22
IRM00040798,2015-04-27,TMAX,245
IRM00040798,2008-09-28,TMAX,264
IRM00040811,2008-11-05,TMAX,250
IRM00040811,2012-04-25,TMAX,368
IRM00040831,2005-07-03,TMIN,270
IRM00040811,2008-06-20,TMAX,456
IRM00040811,2014-11-26,TMAX,186
IRM00040811,2006-09-02,TMIN,310
IRM00040811,2006-09-02,TMAX,450
IRM00040798,2013-08-07,TMIN,128
IRM00040800,2014-11-27,TMAX,130
IRM00040831,2014-08-25,TMAX,470
IRM00040811,2009-07-30,TMIN,338
IRM00040811,2009-07-30,TMAX,422
IRM00040811,2007-06-13,TMAX,464
IRM00040811,2014-07-23,TMAX,450
IRM00040798,2013-07-20,TMIN,118
IRM00040811,2007-03-17,TMAX,220
IRM00040798,2009-03-14,TMAX,188
IRM00040800,2011-02-16,TMAX,150
IRM00040811,2014-07-23,TMIN,308
IRM00040811,2008-11-05,TMIN,166
IRM00040798,2010-06-04,TMIN,78
IRM00040798,2009-03-14,TMIN,-70
IRM00040831,2011-04-29,TMAX,382
IRM00040798,2013-08-07,TMAX,352
IRM00040798,2015-04-27,TMIN,-15
IRM00040798,2015-06-01,TMIN,76
IRM00040831,2008-10-01,TMAX,396
IRM00040798,2013-05-15,TMAX,230
IRM00040811,2009-05-09,TMIN,254
IRM00040831,2011-05-06,TMAX,404
IRM00040811,2012-05-05,TMIN,236
IRM00040798,2009-03-11,TMIN,2
IRM00040798,2009-03-11,TMAX,182
IRM00040811,2014-02-21,TMIN,86
IRM00040798,2011-02-13,TMAX,52
IRM00040798,2012-04-14,TMAX,120
IRM00040811,2005-07-24,TMAX,466
IRM00040811,2005-04-17,TMAX,328
IRM00040811,2009-03-06,TMIN,124
IRM00040811,2009-03-06,TMAX,250
IRM00040798,2005-10-28,TMAX,194
IRM00040831,2014-08-16,TMAX,490
IRM00040800,2013-06-04,TMAX,348
IRM00040831,2011-11-04,TMAX,290
IRM00040800,2014-12-21,TMAX,142
IRM00040800,2011-01-06,TMAX,140
IRM00040811,2011-02-12,TMAX,162
IRM00040800,2014-11-23,TMAX,194
IRM00040811,2009-05-09,TMAX,386
IRM00040811,2006-11-16,TMIN,120
IRM00040831,2009-09-28,TMAX,412
IRM00040811,2006-08-19,TMAX,478
IRM00040798,2011-02-13,TMIN,-122
IRM00040800,2015-03-24,TMAX,152
IRM00040811,2015-06-16,TMAX,440
IRM00040811,2014-02-21,TMAX,254
IRM00040811,2015-06-16,TMIN,260
IRM00040798,2011-07-10,TMAX,320
IRM00040811,2009-03-22,TMAX,278
IRM00040831,2011-09-14,TMAX,434
IRM00040800,2015-08-15,TMAX,354
IRM00040798,2010-11-07,TMAX,182
IRM00040811,2015-11-15,TMAX,260
IRM00040798,2011-01-01,TMAX,98
IRM00040811,2006-11-11,TMAX,254
IRM00040800,2011-06-16,TMAX,374
IRM00040800,2007-08-22,TMIN,212
IRM00040798,2006-03-02,TMIN,26
IRM00040800,2008-08-14,TMAX,340
IRM00040831,2013-04-16,TMIN,198
IRM00040831,2014-09-04,TMIN,270
IRM00040798,2006-03-02,TMAX,126
IRM00040811,2009-01-18,TMIN,-40
IRM00040811,2008-06-29,TMIN,306
IRM00040800,2006-10-26,TMAX,248
IRM00040811,2007-08-24,TMAX,452
IRM00040798,2012-08-10,TMIN,116
IRM00040800,2008-11-26,TMAX,162
IRM00040798,2012-06-02,TMIN,76
IRM00040831,2014-12-22,TMAX,204
IRM00040831,2007-06-20,TMAX,446
IRM00040798,2013-07-23,TMAX,370
IRM00040811,2011-10-02,TMAX,376
IRM00040798,2013-03-04,TMAX,174
IRM00040811,2008-12-29,TMAX,180
IRM00040798,2015-05-31,TMIN,69
IRM00040798,2013-03-04,TMIN,-40
IRM00040811,2013-05-07,TMIN,216
IRM00040800,2013-03-11,TMAX,160
IRM00040831,2014-12-29,TMAX,250
IRM00040800,2009-05-04,TMAX,258
IRM00040798,2015-07-09,TMIN,140
IRM00040798,2015-07-09,TMAX,335
IRM00040798,2015-05-31,TMAX,312
IRM00040800,2007-05-22,TMIN,118
IRM00040798,2005-10-24,TMIN,-26
IRM00040800,2012-03-11,TMAX,142
IRM00040798,2009-06-17,TMIN,60
IRM00040831,2011-08-25,TMIN,248
IRM00040811,2008-11-23,TMAX,275
IRM00040798,2012-11-18,TMIN,-26
IRM00040831,2008-04-01,TMAX,340
IRM00040811,2010-11-10,TMAX,324
IRM00040811,2010-11-10,TMIN,170
IRM00040798,2011-10-27,TMAX,170
IRM00040811,2012-12-13,TMAX,184
IRM00040800,2009-07-20,TMIN,216
IRM00040798,2015-04-12,TMAX,230
IRM00040798,2013-03-16,TMIN,-32
IRM00040800,2009-07-20,TMAX,404
IRM00040811,2012-07-12,TMAX,476
IRM00040811,2012-07-12,TMIN,316
IRM00040811,2013-05-07,TMAX,340
IRM00040798,2011-10-10,TMIN,10
IRM00040811,2012-02-25,TMAX,134
IRM00040811,2012-07-28,TMAX,488
IRM00040811,2006-06-22,TMIN,294
IRM00040811,2006-06-22,TMAX,470
IRM00040811,2012-07-28,TMIN,328
IRM00040811,2008-11-23,TMIN,178
IRM00040798,2011-10-10,TMAX,226
IRM00040831,2013-05-12,TMAX,414
IRM00040831,2008-04-01,TMIN,210
IRM00040800,2005-11-05,TMAX,210
IRM00040831,2014-01-28,TMAX,202
IRM00040800,2008-04-21,TMAX,242
IRM00040831,2013-05-02,TMAX,316
IRM00040798,2012-08-20,TMIN,90
IRM00040811,2015-05-13,TMIN,254
IRM00040811,2013-04-18,TMIN,212
IRM00040800,2015-02-28,TMAX,142
IRM00040798,2009-08-30,TMAX,310
IRM00040831,2011-07-31,TMAX,504
IRM00040800,2006-12-18,TMAX,52
IRM00040811,2015-05-20,TMIN,230
IRM00040800,2006-01-19,TMAX,58
IRM00040811,2011-09-25,TMAX,426
IRM00040831,2012-01-22,TMAX,130
IRM00040811,2010-06-28,TMIN,278
IRM00040831,2011-09-21,TMIN,278
IRM00040811,2011-11-25,TMIN,88
IRM00040811,2006-06-20,TMAX,476
IRM00040831,2008-06-01,TMIN,296
IRM00040798,2007-07-18,TMAX,326
IRM00040798,2007-07-18,TMIN,144
IRM00040811,2011-11-25,TMAX,208
IRM00040811,2006-06-20,TMIN,270
IRM00040811,2010-06-28,TMAX,442
IRM00040798,2015-05-22,TMIN,52
IRM00040831,2006-08-25,TMAX,474
IRM00040798,2006-02-24,TMAX,64
IRM00040798,2007-01-31,TMIN,10
IRM00040798,2008-10-29,TMIN,-10
IRM00040811,2011-07-02,TMIN,292
IRM00040831,2011-04-27,TMAX,358
IRM00040800,2008-08-16,TMAX,336
IRM00040798,2012-08-20,TMAX,322
IRM00040831,2011-08-25,TMAX,466
IRM00040798,2011-06-04,TMAX,300
IRM00040811,2009-11-01,TMIN,198
IRM00040831,2007-04-03,TMAX,274
IRM00040798,2012-11-07,TMAX,192
IRM00040798,2012-11-07,TMIN,-22
IRM00040831,2005-09-22,TMIN,236
IRM00040800,2015-06-02,TMAX,370
IRM00040800,2011-02-20,TMIN,-12
IRM00040831,2005-09-22,TMAX,420
IRM00040811,2012-04-14,TMAX,234
IRM00040831,2007-04-03,TMIN,160
IRM00040798,2015-05-23,TMAX,283
IRM00040798,2015-05-23,TMIN,68
IRM00040798,2015-05-22,TMAX,289
IRM00040798,2007-01-31,TMAX,44
IRM00040798,2006-09-20,TMAX,274
IRM00040811,2013-08-07,TMIN,258
IRM00040800,2013-03-12,TMAX,188
IRM00040798,2012-10-18,TMAX,214
IRM00040831,2010-12-23,TMIN,70
IRM00040798,2012-10-18,TMIN,18
IRM00040800,2015-08-10,TMAX,358
IRM00040798,2007-10-29,TMIN,-12
IRM00040800,2013-12-21,TMAX,60
IRM00040811,2014-09-07,TMAX,454
IRM00040831,2009-12-10,TMAX,176
IRM00040811,2008-10-18,TMIN,226
IRM00040798,2005-11-30,TMIN,-52
IRM00040831,2008-06-09,TMAX,400
IRM00040811,2008-10-18,TMAX,360
IRM00040811,2008-07-21,TMAX,492
IRM00040800,2010-03-13,TMAX,264
IRM00040831,2011-07-24,TMAX,472
IRM00040831,2011-07-24,TMIN,282
IRM00040798,2012-07-31,TMIN,130
IRM00040811,2014-09-07,TMIN,258
IRM00040798,2011-01-30,TMAX,98
IRM00040831,2012-11-01,TMIN,142
IRM00040811,2008-02-13,TMAX,230
IRM00040798,2007-10-29,TMAX,208
IRM00040798,2008-11-13,TMAX,104
IRM00040800,2015-10-01,TMAX,316
IRM00040798,2009-03-27,TMIN,-98
IRM00040811,2014-01-13,TMIN,76
IRM00040798,2010-04-13,TMAX,172
IRM00040800,2005-12-19,TMAX,124
IRM00040831,2012-12-28,TMIN,100
IRM00040831,2012-12-28,TMAX,180
IRM00040831,2011-05-04,TMIN,220
IRM00040811,2014-08-13,TMAX,474
IRM00040798,2009-03-27,TMAX,134
IRM00040811,2010-06-02,TMAX,466
IRM00040831,2010-12-23,TMAX,220
IRM00040798,2006-05-13,TMAX,266
IRM00040811,2007-09-14,TMAX,438
IRM00040798,2007-09-06,TMIN,70
IRM00040811,2010-11-16,TMIN,142
IRM00040811,2015-11-27,TMIN,100
IRM00040798,2007-09-06,TMAX,290
IRM00040811,2014-06-21,TMIN,296
IRM00040800,2006-11-09,TMAX,180
IRM00040800,2011-02-20,TMAX,200
IRM00040811,2013-09-14,TMIN,208
IRM00040811,2014-12-07,TMIN,100
IRM00040798,2012-01-16,TMIN,-136
IRM00040831,2013-02-23,TMIN,130
IRM00040800,2010-09-08,TMAX,340
IRM00040811,2015-01-20,TMIN,50
IRM00040798,2010-01-10,TMAX,30
IRM00040800,2012-08-30,TMAX,352
IRM00040811,2014-10-12,TMAX,390
IRM00040831,2008-06-09,TMIN,290
IRM00040811,2015-12-16,TMAX,182
IRM00040798,2014-06-03,TMAX,286
IRM00040831,2009-09-22,TMIN,260
IRM00040798,2011-12-23,TMAX,146
IRM00040800,2014-04-30,TMAX,284
IRM00040798,2012-01-16,TMAX,82
IRM00040800,2011-04-08,TMAX,214
IRM00040811,2013-08-07,TMAX,432
IRM00040798,2008-12-01,TMIN,-56
IRM00040811,2015-11-27,TMAX,260
IRM00040831,2007-05-08,TMIN,236
IRM00040831,2011-03-07,TMAX,256
IRM00040800,2009-01-29,TMAX,144
IRM00040800,2015-10-30,TMAX,202
IRM00040798,2014-10-26,TMAX,219
IRM00040811,2013-09-17,TMAX,446
IRM00040798,2012-06-02,TMAX,322
IRM00040831,2012-09-24,TMIN,254
IRM00040798,2012-08-22,TMIN,106
IRM00040831,2010-09-04,TMAX,468
IRM00040811,2014-12-07,TMAX,252
IRM00040811,2008-07-21,TMIN,318
IRM00040800,2014-08-01,TMAX,384
IRM00040811,2014-08-13,TMIN,288
IRM00040798,2014-04-27,TMAX,239
IRM00040798,2007-03-28,TMAX,142
IRM00040798,2014-10-26,TMIN,-30
IRM00040831,2010-08-10,TMAX,466
IRM00040811,2010-11-16,TMAX,306
IRM00040798,2010-03-29,TMAX,160
IRM00040800,2014-03-16,TMAX,126
IRM00040800,2007-10-08,TMAX,264
IRM00040831,2010-08-10,TMIN,316
IRM00040798,2011-10-20,TMAX,218
IRM00040811,2015-01-20,TMAX,192
IRM00040811,2006-10-16,TMIN,248
IRM00040811,2006-10-16,TMAX,374
IRM00040798,2012-08-22,TMAX,326
IRM00040798,2012-07-31,TMAX,338
IRM00040800,2006-08-27,TMAX,342
IRM00040831,2013-02-23,TMAX,236
IRM00040831,2015-05-16,TMAX,370
IRM00040798,2013-03-16,TMAX,216
IRM00040831,2008-06-01,TMAX,458
IRM00040811,2010-09-26,TMIN,266
IRM00040798,2013-02-09,TMAX,150
IRM00040831,2008-02-01,TMAX,132
IRM00040811,2008-01-06,TMAX,114
IRM00040798,2013-11-30,TMIN,40
IRM00040831,2011-08-10,TMAX,470
IRM00040811,2009-11-15,TMAX,300
IRM00040831,2011-03-06,TMAX,238
IRM00040811,2008-09-10,TMIN,230
IRM00040811,2012-08-15,TMAX,466
IRM00040800,2009-08-24,TMAX,376
IRM00040811,2009-08-20,TMAX,452
IRM00040798,2015-11-07,TMAX,152
IRM00040798,2013-04-28,TMAX,204
IRM00040831,2010-11-15,TMAX,322
IRM00040831,2014-05-23,TMAX,448
IRM00040811,2010-09-26,TMAX,428
IRM00040798,2015-09-04,TMAX,296
IRM00040798,2010-05-01,TMIN,38
IRM00040798,2014-04-27,TMIN,45
IRM00040811,2009-08-20,TMIN,292
IRM00040800,2006-09-07,TMAX,336
IRM00040811,2007-11-03,TMIN,110
IRM00040831,2010-11-15,TMIN,142
IRM00040811,2011-09-26,TMAX,418
IRM00040831,2007-12-17,TMAX,206
IRM00040798,2008-10-29,TMAX,168
IRM00040831,2011-09-11,TMIN,266
IRM00040798,2015-03-01,TMAX,142
IRM00040798,2013-11-30,TMAX,170
IRM00040800,2009-10-11,TMAX,270
IRM00040811,2008-09-10,TMAX,422
IRM00040798,2006-06-25,TMAX,334
IRM00040798,2006-06-25,TMIN,84
IRM00040831,2007-11-19,TMAX,292
IRM00040811,2007-11-26,TMAX,206
IRM00040811,2007-06-19,TMAX,444
IRM00040811,2014-01-20,TMIN,90
IRM00040800,2013-06-14,TMAX,376
IRM00040798,2006-12-30,TMAX,-40
IRM00040800,2015-08-05,TMAX,346
IRM00040798,2007-02-17,TMAX,82
IRM00040800,2010-12-19,TMAX,140
IRM00040811,2012-12-21,TMAX,188
IRM00040798,2006-12-30,TMIN,-252
IRM00040831,2006-10-25,TMAX,372
IRM00040800,2012-06-14,TMAX,330
IRM00040831,2007-03-11,TMIN,110
IRM00040811,2011-04-08,TMAX,330
IRM00040798,2014-10-06,TMAX,272
IRM00040798,2012-11-15,TMIN,0
IRM00040800,2015-07-02,TMAX,374
IRM00040798,2008-02-18,TMIN,0
IRM00040798,2008-02-18,TMAX,154
IRM00040811,2007-02-14,TMAX,222
IRM00040811,2011-09-26,TMIN,264
IRM00040811,2011-04-26,TMIN,210
IRM00040798,2012-01-24,TMIN,-136
IRM00040798,2007-09-11,TMIN,58
IRM00040811,2010-05-08,TMIN,238
IRM00040798,2012-01-24,TMAX,64
IRM00040798,2007-02-02,TMIN,-76
IRM00040798,2008-10-25,TMIN,-10
IRM00040811,2015-04-28,TMAX,384
IRM00040798,2007-02-02,TMAX,60
IRM00040800,2013-06-28,TMAX,342
IRM00040800,2007-01-26,TMAX,124
IRM00040831,2009-01-06,TMAX,168
IRM00040831,2009-01-06,TMIN,10
IRM00040811,2010-05-08,TMAX,388
IRM00040798,2007-08-07,TMAX,314
IRM00040811,2011-02-19,TMIN,110
IRM00040800,2009-04-04,TMAX,144
IRM00040800,2010-01-30,TMAX,178
IRM00040798,2013-02-09,TMIN,-70
IRM00040800,2010-01-30,TMIN,-30
IRM00040800,2010-12-10,TMAX,150
IRM00040798,2007-09-11,TMAX,286
IRM00040811,2007-11-23,TMAX,256
IRM00040811,2013-11-27,TMAX,254
IRM00040798,2010-04-01,TMIN,-20
IRM00040798,2013-04-28,TMIN,-4
IRM00040831,2006-02-24,TMAX,238
IRM00040811,2013-11-27,TMIN,116
IRM00040831,2006-10-25,TMIN,240
IRM00040798,2008-10-25,TMAX,202
IRM00040798,2007-08-07,TMIN,114
IRM00040798,2010-05-01,TMAX,220
IRM00040811,2009-04-14,TMIN,158
IRM00040800,2007-03-19,TMAX,144
IRM00040831,2011-12-02,TMAX,192
IRM00040831,2011-12-02,TMIN,28
IRM00040811,2013-09-22,TMIN,248
IRM00040811,2011-02-21,TMAX,238
IRM00040811,2011-02-19,TMAX,232
IRM00040800,2011-06-07,TMAX,366
IRM00040831,2005-09-24,TMAX,428
IRM00040831,2014-09-16,TMAX,450
IRM00040800,2013-01-02,TMAX,106
IRM00040800,2005-12-22,TMAX,144
IRM00040811,2006-07-05,TMAX,456
IRM00040811,2006-07-05,TMIN,296
IRM00040800,2008-02-21,TMAX,90
IRM00040800,2009-05-15,TMAX,308
IRM00040800,2015-06-29,TMAX,390
IRM00040811,2007-11-13,TMAX,286
IRM00040831,2007-07-04,TMAX,430
IRM00040798,2011-08-08,TMIN,120
IRM00040798,2013-06-14,TMIN,102
IRM00040800,2008-05-27,TMAX,334
IRM00040798,2013-12-19,TMAX,48
IRM00040831,2011-10-08,TMAX,378
IRM00040831,2006-07-11,TMIN,298
IRM00040831,2012-03-19,TMIN,64
IRM00040811,2008-09-02,TMAX,454
IRM00040831,2011-02-24,TMAX,262
IRM00040798,2005-09-21,TMAX,276
IRM00040811,2012-12-05,TMIN,140
IRM00040811,2012-04-09,TMAX,348
IRM00040798,2011-08-08,TMAX,352
IRM00040831,2007-07-04,TMIN,264
IRM00040800,2005-12-23,TMAX,146
IRM00040831,2009-04-16,TMAX,318
IRM00040798,2006-09-20,TMIN,64
IRM00040798,2011-04-08,TMIN,34
IRM00040811,2009-01-10,TMIN,38
IRM00040798,2013-04-03,TMAX,202
IRM00040831,2007-09-16,TMAX,454
IRM00040811,2014-11-23,TMAX,264
IRM00040811,2012-12-05,TMAX,214
IRM00040831,2010-03-29,TMAX,302
IRM00040811,2010-04-03,TMAX,320
IRM00040831,2011-09-21,TMAX,436
IRM00040798,2006-03-08,TMIN,-72
IRM00040798,2011-01-10,TMAX,52
IRM00040800,2010-08-30,TMAX,330
IRM00040831,2010-03-29,TMIN,170
IRM00040798,2015-12-24,TMAX,34
IRM00040798,2005-10-24,TMAX,184
IRM00040831,2008-08-23,TMIN,280
IRM00040831,2008-08-23,TMAX,456
IRM00040811,2015-05-13,TMAX,418
IRM00040811,2009-01-10,TMAX,194
IRM00040798,2013-04-03,TMIN,-38
IRM00040811,2009-11-15,TMIN,166
IRM00040811,2009-03-16,TMIN,160
IRM00040811,2009-03-28,TMIN,114
IRM00040811,2005-09-19,TMIN,220
IRM00040800,2013-11-07,TMAX,212
IRM00040811,2007-12-06,TMAX,220
IRM00040798,2015-07-06,TMIN,146
IRM00040811,2008-05-08,TMIN,210
IRM00040831,2005-09-24,TMIN,210
IRM00040811,2012-08-15,TMIN,300
IRM00040800,2010-08-11,TMAX,346
IRM00040811,2008-05-08,TMAX,376
IRM00040811,2005-09-19,TMAX,440
IRM00040831,2011-09-11,TMAX,434
IRM00040798,2012-12-02,TMAX,110
IRM00040798,2006-12-22,TMAX,-48
IRM00040800,2009-02-03,TMAX,110
IRM00040798,2012-12-02,TMIN,-80
IRM00040798,2013-06-14,TMAX,338
IRM00040798,2015-07-06,TMAX,349
IRM00040800,2009-04-07,TMAX,210
IRM00040811,2011-04-08,TMIN,200
IRM00040798,2006-12-22,TMIN,-224
IRM00040800,2010-08-11,TMIN,158
IRM00040798,2012-01-03,TMAX,72
IRM00040831,2007-02-02,TMAX,194
IRM00040811,2011-08-07,TMIN,308
IRM00040811,2009-03-16,TMAX,294
IRM00040811,2009-03-28,TMAX,290
IRM00040798,2008-09-10,TMIN,100
IRM00040798,2008-09-10,TMAX,232
IRM00040831,2012-03-19,TMAX,246
IRM00040798,2005-09-21,TMIN,40
IRM00040800,2012-10-15,TMAX,260
IRM00040800,2010-12-18,TMAX,142
IRM00040831,2007-03-11,TMAX,274
IRM00040798,2011-04-08,TMAX,160
IRM00040831,2011-08-18,TMAX,448
IRM00040798,2015-03-01,TMIN,-97
IRM00040800,2012-07-09,TMAX,394
IRM00040800,2015-01-17,TMAX,126
IRM00040798,2015-11-24,TMIN,-84
IRM00040831,2011-08-18,TMIN,260
IRM00040831,2008-01-17,TMAX,132
IRM00040811,2011-08-07,TMAX,478
IRM00040798,2009-06-17,TMAX,288
IRM00040800,2013-10-07,TMAX,310
IRM00040831,2007-02-02,TMIN,82
IRM00040811,2008-09-14,TMAX,444
IRM00040831,2015-05-19,TMIN,248
IRM00040798,2007-09-16,TMIN,48
IRM00040811,2011-11-20,TMAX,214
IRM00040798,2006-12-27,TMIN,-108
IRM00040811,2006-11-27,TMIN,96
IRM00040831,2011-10-09,TMIN,208
IRM00040798,2014-07-23,TMIN,102
IRM00040798,2006-12-27,TMAX,68
IRM00040798,2009-09-25,TMAX,252
IRM00040811,2011-07-27,TMAX,504
IRM00040798,2014-03-25,TMAX,152
IRM00040831,2006-04-27,TMIN,180
IRM00040800,2014-04-29,TMAX,266
IRM00040811,2008-05-17,TMIN,280
IRM00040811,2011-07-27,TMIN,330
IRM00040800,2009-11-25,TMAX,128
IRM00040800,2009-10-26,TMAX,206
IRM00040798,2014-06-09,TMAX,322
IRM00040798,2014-06-09,TMIN,111
IRM00040811,2009-08-01,TMIN,298
IRM00040811,2009-08-01,TMAX,440
IRM00040831,2014-07-28,TMIN,314
IRM00040798,2010-11-02,TMIN,36
IRM00040811,2008-05-17,TMAX,418
IRM00040811,2006-03-30,TMIN,176
IRM00040831,2011-10-09,TMAX,378
IRM00040831,2007-12-14,TMAX,236
IRM00040798,2010-02-02,TMIN,-44
IRM00040811,2013-12-12,TMAX,222
IRM00040800,2008-01-09,TMAX,12
IRM00040800,2008-01-09,TMIN,-214
IRM00040800,2007-02-20,TMAX,104
IRM00040798,2012-02-09,TMIN,26
IRM00040811,2013-12-30,TMIN,40
IRM00040811,2014-04-10,TMAX,336
IRM00040798,2009-04-20,TMIN,-30
IRM00040831,2011-01-25,TMIN,40
IRM00040798,2012-08-25,TMAX,320
IRM00040800,2015-01-03,TMAX,180
IRM00040798,2012-02-09,TMAX,110
IRM00040798,2014-02-22,TMAX,138
IRM00040811,2013-12-30,TMAX,212
IRM00040831,2006-09-30,TMAX,388
IRM00040831,2006-09-30,TMIN,196
IRM00040831,2006-04-27,TMAX,324
IRM00040811,2006-03-30,TMAX,284
IRM00040798,2012-08-25,TMIN,106
IRM00040800,2014-03-14,TMAX,140
IRM00040798,2010-11-02,TMAX,186
IRM00040798,2014-03-25,TMIN,-51
IRM00040798,2015-02-21,TMAX,30
IRM00040798,2009-12-11,TMAX,38
IRM00040811,2010-05-17,TMAX,424
IRM00040798,2007-07-01,TMIN,132
IRM00040831,2012-08-01,TMAX,510
IRM00040798,2007-12-09,TMAX,94
IRM00040800,2012-12-05,TMAX,152
IRM00040831,2014-08-15,TMAX,500
IRM00040831,2005-09-11,TMIN,228
IRM00040831,2014-08-15,TMIN,290
IRM00040831,2013-01-29,TMAX,208
IRM00040831,2005-09-11,TMAX,470
IRM00040798,2005-03-31,TMIN,48
IRM00040798,2007-07-01,TMAX,330
IRM00040798,2006-08-22,TMAX,316
IRM00040831,2013-06-16,TMAX,432
IRM00040811,2011-05-11,TMAX,414
IRM00040831,2006-05-13,TMAX,414
IRM00040831,2015-03-25,TMAX,274
IRM00040831,2008-06-11,TMIN,250
IRM00040831,2007-12-12,TMAX,230
IRM00040811,2012-09-28,TMIN,230
IRM00040831,2015-03-25,TMIN,156
IRM00040811,2006-06-11,TMAX,464
IRM00040800,2008-01-02,TMAX,106
IRM00040798,2012-01-23,TMIN,-138
IRM00040800,2011-07-07,TMAX,404
IRM00040798,2009-09-25,TMIN,38
IRM00040800,2009-10-26,TMIN,-11
IRM00040798,2006-10-06,TMAX,260
IRM00040798,2010-01-22,TMAX,94
IRM00040831,2012-02-04,TMAX,190
IRM00040811,2010-11-20,TMAX,280
IRM00040811,2013-12-12,TMIN,116
IRM00040798,2015-02-21,TMIN,-36
IRM00040800,2009-08-05,TMAX,390
IRM00040811,2007-11-10,TMIN,168
IRM00040811,2008-11-21,TMAX,286
IRM00040831,2012-09-28,TMIN,238
IRM00040831,2014-07-28,TMAX,458
IRM00040811,2009-02-14,TMAX,224
IRM00040811,2006-06-11,TMIN,296
IRM00040831,2009-06-19,TMIN,280
IRM00040800,2009-10-07,TMAX,290
IRM00040831,2008-11-30,TMAX,194
IRM00040798,2011-11-01,TMAX,124
IRM00040831,2008-06-11,TMAX,414
IRM00040798,2006-10-06,TMIN,0
IRM00040800,2008-02-09,TMAX,160
IRM00040811,2007-05-12,TMIN,276
IRM00040798,2005-03-31,TMAX,168
IRM00040811,2006-03-31,TMAX,285
IRM00040831,2014-04-19,TMAX,360
IRM00040798,2014-05-10,TMAX,254
IRM00040831,2008-11-12,TMIN,128
IRM00040811,2011-10-14,TMAX,372
IRM00040800,2009-08-02,TMAX,404
IRM00040800,2013-06-20,TMAX,348
IRM00040811,2011-01-09,TMAX,202
IRM00040811,2014-03-28,TMAX,308
IRM00040811,2009-12-23,TMIN,130
IRM00040800,2008-05-22,TMAX,300
IRM00040831,2013-03-27,TMIN,126
IRM00040831,2013-03-27,TMAX,326
IRM00040800,2008-11-18,TMAX,136
IRM00040831,2008-03-26,TMAX,346
IRM00040800,2009-12-08,TMAX,116
IRM00040811,2010-02-12,TMAX,240
IRM00040811,2013-02-20,TMAX,242
IRM00040831,2011-02-22,TMAX,244
IRM00040798,2013-05-25,TMIN,6
IRM00040798,2005-12-30,TMAX,10
IRM00040831,2010-01-29,TMIN,70
IRM00040798,2008-05-13,TMIN,16
IRM00040811,2010-09-14,TMAX,452
IRM00040798,2007-11-09,TMIN,-52
IRM00040811,2012-07-24,TMIN,330
IRM00040811,2012-07-24,TMAX,496
IRM00040800,2013-01-26,TMAX,150
IRM00040811,2010-11-12,TMIN,136
IRM00040811,2008-02-29,TMIN,108
IRM00040811,2010-11-26,TMAX,262
IRM00040811,2015-02-17,TMAX,244
IRM00040831,2012-01-19,TMAX,196
IRM00040811,2013-10-18,TMAX,374
IRM00040800,2011-11-10,TMAX,138
IRM00040800,2010-06-29,TMAX,394
IRM00040798,2009-09-07,TMIN,66
IRM00040811,2010-01-18,TMAX,202
IRM00040798,2011-09-11,TMAX,298
IRM00040798,2011-09-11,TMIN,82
IRM00040831,2015-06-02,TMAX,492
IRM00040831,2013-10-18,TMAX,378
IRM00040800,2010-03-05,TMAX,164
IRM00040811,2009-12-23,TMAX,212
IRM00040798,2008-05-13,TMAX,234
IRM00040800,2014-06-18,TMAX,368
IRM00040798,2007-02-28,TMIN,-74
IRM00040798,2013-10-23,TMIN,-40
IRM00040798,2013-05-25,TMAX,270
IRM00040831,2011-10-20,TMAX,344
IRM00040811,2014-10-31,TMIN,196
IRM00040811,2007-09-20,TMAX,436
IRM00040831,2015-09-21,TMAX,444
IRM00040811,2007-09-20,TMIN,230
IRM00040811,2011-01-18,TMAX,190
IRM00040798,2008-08-28,TMAX,316
IRM00040811,2012-10-21,TMAX,356
IRM00040800,2009-07-05,TMAX,364
IRM00040831,2015-09-21,TMIN,250
IRM00040800,2010-05-25,TMAX,344
IRM00040831,2007-12-14,TMIN,112
IRM00040811,2013-12-13,TMAX,220
IRM00040811,2007-05-12,TMAX,422
IRM00040798,2012-04-10,TMAX,206
IRM00040831,2013-12-01,TMAX,214
IRM00040798,2014-07-23,TMAX,364
IRM00040811,2006-08-29,TMAX,480
IRM00040798,2010-02-02,TMAX,134
IRM00040831,2008-09-07,TMIN,300
IRM00040811,2007-02-15,TMIN,106
IRM00040811,2012-10-21,TMIN,198
IRM00040811,2014-10-31,TMAX,304
IRM00040811,2010-07-27,TMAX,470
IRM00040831,2009-04-17,TMIN,186
IRM00040798,2015-12-09,TMAX,112
IRM00040831,2006-09-09,TMAX,452
IRM00040798,2010-05-27,TMIN,14
IRM00040798,2010-05-27,TMAX,295
IRM00040798,2014-07-01,TMIN,180
IRM00040800,2006-12-06,TMAX,96
IRM00040831,2008-03-23,TMAX,380
IRM00040800,2008-02-04,TMAX,30
IRM00040811,2006-11-18,TMIN,100
IRM00040811,2010-03-27,TMAX,270
IRM00040831,2014-11-19,TMAX,264
IRM00040831,2010-06-08,TMAX,448
IRM00040800,2011-03-08,TMAX,178
IRM00040811,2006-03-02,TMAX,292
IRM00040811,2007-02-15,TMAX,230
IRM00040811,2006-11-18,TMAX,220
IRM00040798,2010-05-09,TMAX,222
IRM00040798,2006-01-10,TMAX,76
IRM00040831,2007-04-25,TMAX,290
IRM00040798,2013-08-22,TMIN,100
IRM00040831,2009-04-17,TMAX,314
IRM00040798,2012-01-23,TMAX,60
IRM00040800,2005-11-06,TMAX,224
IRM00040798,2015-10-06,TMIN,44
IRM00040798,2012-11-18,TMAX,150
IRM00040798,2009-01-09,TMIN,-120
IRM00040798,2007-05-19,TMIN,56
IRM00040811,2008-10-07,TMAX,398
IRM00040811,2009-11-07,TMAX,322
IRM00040800,2006-04-16,TMAX,278
IRM00040831,2008-12-11,TMAX,202
IRM00040798,2007-05-19,TMAX,220
IRM00040811,2013-10-06,TMIN,236
IRM00040831,2014-05-27,TMAX,428
IRM00040811,2013-10-06,TMAX,394
IRM00040798,2014-03-18,TMAX,164
IRM00040798,2014-03-18,TMIN,-25
IRM00040831,2008-07-19,TMAX,470
IRM00040811,2014-03-08,TMAX,320
IRM00040800,2011-09-10,TMAX,344
IRM00040800,2007-12-14,TMAX,138
IRM00040811,2010-05-25,TMAX,394
IRM00040800,2008-06-19,TMAX,386
IRM00040811,2009-12-28,TMIN,106
IRM00040811,2009-11-07,TMIN,200
IRM00040798,2008-07-12,TMAX,364
IRM00040831,2011-01-23,TMAX,200
IRM00040800,2008-03-25,TMAX,262
IRM00040831,2014-03-12,TMAX,278
IRM00040811,2012-03-07,TMAX,240
IRM00040811,2008-01-18,TMAX,150
IRM00040831,2009-05-28,TMAX,464
IRM00040811,2014-08-05,TMAX,434
IRM00040831,2012-10-08,TMAX,420
IRM00040831,2012-10-08,TMIN,220
IRM00040831,2006-12-05,TMIN,40
IRM00040798,2015-04-14,TMIN,-29
IRM00040800,2015-07-18,TMAX,374
IRM00040811,2012-03-07,TMIN,90
IRM00040811,2011-03-07,TMAX,256
IRM00040831,2014-10-21,TMAX,288
IRM00040811,2009-03-03,TMAX,210
IRM00040831,2013-10-12,TMAX,336
IRM00040811,2006-08-21,TMIN,300
IRM00040811,2006-08-21,TMAX,490
IRM00040800,2008-04-02,TMAX,244
IRM00040831,2012-11-01,TMAX,316
IRM00040800,2008-03-16,TMAX,228
IRM00040798,2015-04-29,TMAX,241
IRM00040800,2006-09-02,TMAX,324
IRM00040831,2007-03-03,TMIN,118
IRM00040811,2009-12-28,TMAX,212
IRM00040798,2013-07-25,TMIN,136
IRM00040831,2005-11-28,TMAX,232
IRM00040811,2005-12-20,TMAX,238
IRM00040811,2012-05-31,TMIN,300
IRM00040831,2007-09-26,TMAX,404
IRM00040831,2015-05-19,TMAX,418
IRM00040811,2010-02-07,TMAX,124
IRM00040811,2010-02-07,TMIN,50
IRM00040831,2006-08-03,TMAX,462
IRM00040831,2011-05-04,TMAX,364
IRM00040831,2011-01-20,TMAX,176
IRM00040831,2006-08-03,TMIN,300
IRM00040811,2008-02-25,TMAX,256
IRM00040798,2007-09-16,TMAX,288
IRM00040798,2013-02-16,TMAX,142
IRM00040798,2014-07-05,TMAX,324
IRM00040831,2008-02-15,TMAX,210
IRM00040811,2014-01-13,TMAX,134
IRM00040800,2011-11-06,TMAX,178
IRM00040831,2011-11-13,TMAX,274
IRM00040811,2010-03-18,TMAX,342
IRM00040798,2013-02-16,TMIN,-24
IRM00040811,2010-11-29,TMAX,272
IRM00040831,2014-09-30,TMAX,424
IRM00040798,2009-09-19,TMAX,246
IRM00040800,2006-03-22,TMAX,202
IRM00040798,2011-05-10,TMAX,254
IRM00040811,2007-05-14,TMAX,400
IRM00040798,2013-07-25,TMAX,386
IRM00040798,2008-07-12,TMIN,164
IRM00040811,2010-04-09,TMAX,334
IRM00040800,2009-09-01,TMAX,352
IRM00040831,2006-12-24,TMAX,140
IRM00040800,2009-09-01,TMIN,170
IRM00040798,2007-10-12,TMIN,12
IRM00040798,2006-08-11,TMAX,304
IRM00040831,2008-07-19,TMIN,270
IRM00040798,2007-10-12,TMAX,228
IRM00040798,2009-04-09,TMAX,128
IRM00040798,2006-06-10,TMAX,316
IRM00040798,2005-11-30,TMAX,172
IRM00040800,2013-02-08,TMAX,188
IRM00040800,2013-10-08,TMAX,314
IRM00040811,2005-12-20,TMIN,130
IRM00040798,2009-09-19,TMIN,72
IRM00040800,2009-09-20,TMAX,258
IRM00040798,2014-07-05,TMIN,138
IRM00040811,2010-11-25,TMAX,256
IRM00040800,2014-06-23,TMAX,382
IRM00040831,2011-10-03,TMAX,370
IRM00040798,2011-08-18,TMAX,342
IRM00040800,2014-01-21,TMAX,108
IRM00040798,2011-08-18,TMIN,148
IRM00040800,2010-05-01,TMAX,286
IRM00040798,2012-05-18,TMAX,257
IRM00040831,2011-11-05,TMAX,292
IRM00040831,2012-03-20,TMAX,264
IRM00040811,2012-09-28,TMAX,410
IRM00040831,2015-09-16,TMIN,280
IRM00040831,2012-09-28,TMAX,416
IRM00040831,2015-09-16,TMAX,460
IRM00040831,2007-05-08,TMAX,414
IRM00040800,2009-09-19,TMAX,312
IRM00040811,2014-12-20,TMAX,216
IRM00040800,2010-07-19,TMAX,412
IRM00040800,2006-03-06,TMAX,180
IRM00040831,2007-03-28,TMAX,266
IRM00040811,2006-08-22,TMAX,486
IRM00040811,2006-08-22,TMIN,306
IRM00040798,2012-12-19,TMIN,-102
IRM00040811,2008-10-08,TMIN,198
IRM00040811,2013-06-22,TMIN,296
IRM00040811,2011-05-11,TMIN,252
IRM00040811,2010-11-20,TMIN,110
IRM00040831,2009-06-19,TMAX,428
IRM00040798,2010-05-07,TMAX,192
IRM00040798,2010-05-07,TMIN,-4
IRM00040831,2006-04-05,TMAX,298
IRM00040798,2012-10-19,TMIN,16
IRM00040831,2014-05-27,TMIN,294
IRM00040798,2012-10-19,TMAX,188
IRM00040811,2011-01-24,TMAX,204
IRM00040798,2008-08-28,TMIN,106
IRM00040798,2015-10-06,TMAX,272
IRM00040800,2009-02-25,TMAX,146
IRM00040800,2010-02-28,TMAX,152
IRM00040800,2014-01-08,TMAX,6
IRM00040831,2011-07-02,TMAX,440
IRM00040811,2008-11-21,TMIN,150
IRM00040831,2008-10-08,TMIN,200
IRM00040831,2010-07-24,TMIN,290
IRM00040831,2009-05-28,TMIN,300
IRM00040800,2014-01-08,TMIN,-126
IRM00040811,2015-08-23,TMAX,462
IRM00040811,2008-10-08,TMAX,400
IRM00040798,2012-12-19,TMAX,110
IRM00040811,2014-09-12,TMIN,238
IRM00040831,2013-12-20,TMAX,174
IRM00040798,2015-09-21,TMIN,18
IRM00040798,2012-07-11,TMIN,96
IRM00040811,2010-11-15,TMIN,138
IRM00040800,2012-07-16,TMAX,344
IRM00040800,2013-10-10,TMAX,260
IRM00040798,2015-04-14,TMAX,170
IRM00040798,2012-07-11,TMAX,356
IRM00040831,2011-03-20,TMIN,130
IRM00040811,2008-03-20,TMAX,325
IRM00040798,2007-04-03,TMAX,118
IRM00040798,2012-09-11,TMIN,88
IRM00040798,2012-09-11,TMAX,294
IRM00040798,2007-04-03,TMIN,6
IRM00040831,2013-06-16,TMIN,290
IRM00040800,2012-01-02,TMAX,150
IRM00040798,2015-04-29,TMIN,-5
IRM00040800,2011-02-09,TMAX,84
IRM00040811,2014-03-08,TMIN,172
IRM00040831,2013-10-12,TMIN,136
IRM00040798,2011-11-24,TMIN,-38
IRM00040798,2008-05-25,TMIN,58
IRM00040831,2007-03-03,TMAX,244
IRM00040798,2006-08-11,TMIN,94
IRM00040800,2012-06-13,TMAX,334
IRM00040811,2009-07-15,TMAX,456
IRM00040798,2011-11-24,TMAX,94
IRM00040798,2015-09-21,TMAX,257
IRM00040811,2007-10-17,TMAX,382
IRM00040798,2011-02-04,TMIN,-210
IRM00040800,2008-04-03,TMAX,242
IRM00040811,2015-03-08,TMAX,292
IRM00040800,2013-03-10,TMAX,166
IRM00040831,2013-11-18,TMAX,246
IRM00040831,2008-02-18,TMIN,82
IRM00040831,2008-02-18,TMAX,238
IRM00040798,2008-07-29,TMIN,158
IRM00040811,2012-04-14,TMIN,192
IRM00040798,2008-07-29,TMAX,334
IRM00040811,2009-07-15,TMIN,306
IRM00040800,2006-08-17,TMAX,322
IRM00040831,2011-02-06,TMAX,144
IRM00040831,2015-07-09,TMAX,456
IRM00040798,2005-02-27,TMAX,106
IRM00040831,2013-10-19,TMAX,374
IRM00040831,2015-01-27,TMAX,226
IRM00040831,2012-01-15,TMAX,186
IRM00040831,2005-11-28,TMIN,92
IRM00040811,2015-06-20,TMAX,470
IRM00040800,2010-07-05,TMAX,410
IRM00040811,2012-03-02,TMIN,100
IRM00040811,2010-07-14,TMAX,482
IRM00040811,2005-11-01,TMAX,354
IRM00040811,2009-08-12,TMIN,302
IRM00040798,2010-10-22,TMAX,250
IRM00040798,2013-08-19,TMIN,104
IRM00040831,2011-09-04,TMIN,248
IRM00040798,2012-05-29,TMAX,276
IRM00040831,2005-03-20,TMAX,288
IRM00040831,2011-02-07,TMAX,160
IRM00040798,2009-09-23,TMIN,20
IRM00040798,2013-08-01,TMAX,342
IRM00040811,2011-10-12,TMIN,222
IRM00040811,2005-05-02,TMAX,384
IRM00040811,2011-10-12,TMAX,368
IRM00040800,2012-05-19,TMAX,320
IRM00040798,2009-06-19,TMIN,100
IRM00040800,2012-01-15,TMAX,92
IRM00040811,2005-11-24,TMIN,100
IRM00040831,2012-04-11,TMAX,358
IRM00040798,2014-11-10,TMIN,-57
IRM00040811,2005-05-02,TMIN,226
IRM00040798,2006-09-01,TMAX,302
IRM00040800,2010-11-28,TMAX,176
IRM00040798,2014-09-18,TMAX,296
IRM00040798,2012-06-03,TMIN,62
IRM00040831,2015-04-20,TMAX,354
IRM00040831,2012-04-11,TMIN,214
IRM00040811,2013-05-24,TMAX,404
IRM00040831,2015-04-20,TMIN,176
IRM00040831,2007-11-23,TMAX,204
IRM00040798,2010-10-22,TMIN,12
IRM00040798,2006-07-19,TMAX,332
IRM00040800,2011-12-30,TMAX,90
IRM00040811,2009-11-21,TMAX,200
IRM00040811,2015-04-18,TMIN,210
IRM00040811,2013-05-24,TMIN,258
IRM00040811,2013-08-03,TMAX,450
IRM00040811,2006-04-13,TMAX,296
IRM00040798,2012-11-01,TMAX,186
IRM00040798,2006-09-01,TMIN,74
IRM00040831,2007-05-11,TMIN,264
IRM00040798,2009-09-26,TMIN,6
IRM00040798,2009-09-23,TMAX,282
IRM00040798,2015-06-27,TMIN,90
IRM00040831,2010-04-12,TMAX,376
IRM00040800,2005-01-17,TMAX,82
IRM00040831,2013-10-06,TMIN,238
IRM00040831,2012-07-13,TMAX,492
IRM00040831,2013-10-06,TMAX,404
IRM00040800,2008-01-08,TMAX,-12
IRM00040831,2007-08-30,TMAX,494
IRM00040831,2013-11-19,TMAX,216
IRM00040831,2007-05-06,TMIN,232
IRM00040798,2006-08-18,TMIN,84
IRM00040798,2013-02-05,TMIN,-100
IRM00040811,2007-06-04,TMIN,272
IRM00040798,2006-08-18,TMAX,302
IRM00040798,2006-07-17,TMAX,346
IRM00040798,2014-10-19,TMAX,193
IRM00040800,2012-08-04,TMAX,358
IRM00040800,2012-09-10,TMAX,344
IRM00040811,2012-06-01,TMIN,280
IRM00040800,2015-05-22,TMAX,326
IRM00040798,2012-03-14,TMIN,80
IRM00040811,2012-06-01,TMAX,442
IRM00040798,2013-10-17,TMAX,224
IRM00040811,2006-02-04,TMAX,188
IRM00040811,2006-02-16,TMAX,165
IRM00040811,2009-02-19,TMAX,210
IRM00040798,2014-11-10,TMAX,153
IRM00040831,2014-10-25,TMAX,352
IRM00040800,2015-12-23,TMAX,88
IRM00040798,2012-03-14,TMAX,172
IRM00040811,2007-06-04,TMAX,432
IRM00040800,2013-05-09,TMAX,254
IRM00040811,2005-11-24,TMAX,222
IRM00040831,2012-09-16,TMIN,232
IRM00040798,2015-06-27,TMAX,312
IRM00040811,2008-06-21,TMIN,278
IRM00040798,2005-11-28,TMIN,-34
IRM00040798,2009-11-15,TMAX,180
IRM00040798,2013-07-16,TMIN,138
IRM00040831,2007-08-30,TMIN,308
IRM00040798,2010-04-21,TMAX,210
IRM00040798,2007-10-08,TMAX,224
IRM00040800,2015-02-06,TMAX,162
IRM00040798,2012-07-18,TMAX,294
IRM00040831,2015-03-08,TMAX,300
IRM00040800,2011-04-17,TMAX,246
IRM00040798,2014-11-06,TMAX,76
IRM00040798,2007-07-27,TMAX,308
IRM00040831,2011-12-08,TMAX,196
IRM00040798,2007-07-27,TMIN,126
IRM00040798,2014-02-18,TMAX,76
IRM00040800,2012-09-15,TMAX,332
IRM00040831,2014-06-09,TMAX,486
IRM00040811,2008-08-04,TMIN,318
IRM00040811,2008-08-06,TMIN,318
IRM00040831,2011-07-08,TMIN,296
IRM00040811,2006-09-21,TMIN,198
IRM00040831,2011-06-02,TMIN,282
IRM00040811,2015-10-13,TMAX,388
IRM00040798,2012-07-18,TMIN,126
IRM00040798,2010-04-21,TMIN,16
IRM00040831,2009-01-31,TMAX,234
IRM00040798,2011-07-29,TMIN,98
IRM00040798,2007-06-01,TMIN,60
IRM00040798,2012-01-22,TMIN,-170
IRM00040798,2008-07-13,TMIN,148
IRM00040798,2008-07-13,TMAX,364
IRM00040831,2012-06-08,TMAX,466
IRM00040831,2012-06-08,TMIN,286
IRM00040811,2015-07-20,TMAX,462
IRM00040798,2009-04-30,TMAX,186
IRM00040798,2012-01-22,TMAX,72
IRM00040798,2014-03-05,TMAX,172
IRM00040811,2007-12-24,TMAX,172
IRM00040811,2006-02-22,TMAX,192
IRM00040798,2009-04-30,TMIN,42
IRM00040800,2014-05-15,TMAX,226
IRM00040798,2014-11-06,TMIN,-50
IRM00040831,2006-12-20,TMAX,122
IRM00040798,2006-07-02,TMAX,308
IRM00040798,2006-07-02,TMIN,116
IRM00040811,2015-04-18,TMAX,318
IRM00040798,2011-12-14,TMAX,142
IRM00040831,2011-06-16,TMAX,444
IRM00040831,2009-04-05,TMAX,278
IRM00040811,2005-08-15,TMAX,484
IRM00040798,2005-08-24,TMAX,338
IRM00040831,2010-10-04,TMIN,226
IRM00040831,2010-10-04,TMAX,426
IRM00040831,2007-05-11,TMAX,436
IRM00040831,2009-04-05,TMIN,144
IRM00040811,2008-06-21,TMAX,462
IRM00040831,2013-01-19,TMIN,90
IRM00040800,2007-04-26,TMAX,260
IRM00040811,2008-10-03,TMAX,350
IRM00040798,2006-07-19,TMIN,182
IRM00040831,2006-07-02,TMIN,274
IRM00040800,2006-04-12,TMAX,242
IRM00040831,2006-07-02,TMAX,444
IRM00040811,2008-10-02,TMAX,338
IRM00040811,2014-01-19,TMIN,106
IRM00040811,2005-08-15,TMIN,310
IRM00040798,2009-10-31,TMAX,144
IRM00040800,2012-11-05,TMAX,210
IRM00040798,2005-08-24,TMIN,94
IRM00040811,2006-09-21,TMAX,406
IRM00040831,2008-04-22,TMAX,374
IRM00040811,2013-11-03,TMAX,272
IRM00040831,2006-04-11,TMAX,332
IRM00040831,2006-04-11,TMIN,168
IRM00040811,2010-04-12,TMAX,370
IRM00040798,2011-02-23,TMAX,126
IRM00040831,2012-08-31,TMAX,480
IRM00040798,2014-01-19,TMAX,16
IRM00040798,2009-06-19,TMAX,276
IRM00040811,2015-09-25,TMAX,422
IRM00040831,2009-02-15,TMAX,220
IRM00040798,2006-11-28,TMIN,-70
IRM00040811,2015-09-25,TMIN,228
IRM00040800,2013-08-28,TMAX,352
IRM00040798,2009-12-22,TMAX,24
IRM00040798,2006-11-28,TMAX,82
IRM00040811,2006-01-20,TMAX,164
IRM00040798,2014-03-05,TMIN,-29
IRM00040811,2006-05-09,TMIN,280
IRM00040811,2006-05-09,TMAX,424
IRM00040800,2005-11-07,TMAX,202
IRM00040798,2014-08-16,TMIN,148
IRM00040798,2014-08-30,TMAX,312
IRM00040831,2014-08-01,TMAX,478
IRM00040798,2005-12-04,TMAX,190
IRM00040798,2011-07-25,TMAX,324
IRM00040798,2013-04-07,TMAX,134
IRM00040798,2009-03-09,TMAX,200
IRM00040798,2015-09-05,TMIN,79
IRM00040831,2008-07-12,TMAX,468
IRM00040831,2014-04-05,TMAX,290
IRM00040798,2009-03-09,TMIN,-56
IRM00040798,2009-08-23,TMAX,330
IRM00040831,2010-09-15,TMIN,260
IRM00040798,2014-08-30,TMIN,58
IRM00040811,2014-08-30,TMIN,306
IRM00040831,2008-07-12,TMIN,276
IRM00040831,2006-08-26,TMAX,474
IRM00040811,2012-12-31,TMIN,88
IRM00040798,2006-08-10,TMAX,322
IRM00040811,2008-07-30,TMAX,465
IRM00040831,2007-12-30,TMAX,162
IRM00040811,2008-04-26,TMIN,234
IRM00040798,2015-09-05,TMAX,308
IRM00040798,2006-08-10,TMIN,140
IRM00040831,2007-12-30,TMIN,40
IRM00040800,2006-07-14,TMAX,374
IRM00040831,2010-06-09,TMIN,286
IRM00040831,2013-03-07,TMAX,184
IRM00040811,2008-04-26,TMAX,426
IRM00040831,2010-06-09,TMAX,468
IRM00040798,2012-12-14,TMIN,-80
IRM00040831,2013-03-07,TMIN,100
IRM00040831,2012-09-21,TMIN,234
IRM00040811,2014-03-27,TMAX,296
IRM00040831,2006-08-26,TMIN,280
IRM00040798,2009-01-19,TMAX,86
IRM00040800,2011-11-14,TMAX,182
IRM00040798,2005-12-04,TMIN,-36
IRM00040798,2015-08-28,TMAX,334
IRM00040798,2006-12-11,TMIN,-14
IRM00040811,2010-06-07,TMIN,298
IRM00040800,2009-12-05,TMAX,108
IRM00040831,2009-02-03,TMAX,218
IRM00040831,2015-08-29,TMAX,494
IRM00040800,2006-02-04,TMAX,164
IRM00040800,2006-11-10,TMAX,162
IRM00040811,2011-08-01,TMAX,494
IRM00040800,2007-06-09,TMAX,362
IRM00040798,2014-11-17,TMAX,162
IRM00040811,2011-09-20,TMIN,250
IRM00040800,2013-05-18,TMAX,268
IRM00040811,2014-02-11,TMIN,66
IRM00040798,2014-11-17,TMIN,-59
IRM00040811,2007-05-17,TMIN,270
IRM00040798,2011-05-02,TMAX,200
IRM00040800,2007-02-07,TMAX,102
IRM00040831,2014-08-01,TMIN,288
IRM00040811,2009-06-20,TMIN,302
IRM00040831,2008-04-22,TMIN,178
IRM00040831,2007-03-09,TMIN,150
IRM00040831,2011-07-22,TMIN,336
IRM00040811,2013-12-22,TMAX,170
IRM00040831,2010-04-26,TMIN,178
IRM00040831,2011-06-29,TMAX,466
IRM00040831,2009-03-06,TMAX,258
IRM00040831,2014-09-25,TMAX,408
IRM00040811,2007-09-13,TMAX,426
IRM00040798,2006-12-11,TMAX,18
IRM00040800,2013-08-01,TMAX,390
IRM00040798,2007-08-06,TMIN,98
IRM00040811,2007-06-03,TMAX,432
IRM00040831,2010-09-15,TMAX,440
IRM00040831,2009-02-03,TMIN,78
IRM00040811,2011-12-21,TMAX,242
IRM00040831,2009-03-06,TMIN,110
IRM00040798,2012-11-30,TMIN,-70
IRM00040811,2013-11-09,TMAX,300
IRM00040811,2009-09-05,TMAX,450
IRM00040831,2011-07-22,TMAX,482
IRM00040811,2009-08-18,TMAX,462
IRM00040798,2011-04-30,TMIN,30
IRM00040800,2011-09-08,TMAX,326
IRM00040800,2009-10-25,TMAX,220
IRM00040831,2009-01-27,TMAX,218
IRM00040811,2011-10-08,TMAX,370
IRM00040831,2012-06-06,TMAX,484
IRM00040831,2014-12-23,TMAX,206
IRM00040798,2011-08-26,TMIN,60
IRM00040798,2006-09-26,TMAX,268
IRM00040798,2011-05-20,TMAX,300
IRM00040831,2008-06-30,TMAX,476
IRM00040831,2012-07-13,TMIN,328
IRM00040811,2009-05-10,TMIN,254
IRM00040798,2015-02-04,TMIN,-30
IRM00040811,2008-06-22,TMIN,266
IRM00040798,2011-05-20,TMIN,38
IRM00040798,2015-12-28,TMAX,-8
IRM00040831,2013-06-27,TMAX,456
IRM00040798,2006-12-18,TMAX,10
IRM00040831,2012-06-06,TMIN,284
IRM00040798,2014-10-30,TMAX,164
IRM00040831,2011-01-04,TMAX,230
IRM00040798,2011-08-26,TMAX,334
IRM00040798,2005-05-01,TMAX,200
IRM00040811,2010-11-09,TMAX,334
IRM00040798,2013-02-01,TMAX,44
IRM00040811,2015-07-16,TMAX,502
IRM00040798,2014-10-19,TMIN,25
IRM00040798,2015-11-12,TMAX,135
IRM00040798,2006-09-26,TMIN,42
IRM00040798,2009-11-15,TMIN,-12
IRM00040798,2006-07-17,TMIN,102
IRM00040798,2006-08-21,TMIN,100
IRM00040798,2011-04-30,TMAX,226
IRM00040811,2009-01-13,TMAX,112
IRM00040798,2012-11-30,TMAX,92
IRM00040831,2013-11-19,TMIN,168
IRM00040831,2007-05-06,TMAX,414
IRM00040798,2006-08-21,TMAX,318
IRM00040831,2008-06-30,TMIN,300
IRM00040798,2015-02-04,TMAX,158
IRM00040798,2014-10-30,TMIN,-4
IRM00040798,2013-03-14,TMIN,-42
IRM00040798,2014-05-22,TMIN,25
IRM00040798,2006-05-09,TMAX,270
IRM00040831,2009-07-14,TMAX,444
IRM00040831,2015-11-09,TMAX,266
IRM00040831,2009-07-14,TMIN,320
IRM00040798,2012-02-06,TMAX,60
IRM00040811,2008-06-22,TMAX,466
IRM00040798,2014-05-22,TMAX,260
IRM00040831,2008-08-27,TMIN,270
IRM00040798,2014-06-19,TMIN,90
IRM00040831,2012-10-02,TMIN,220
IRM00040811,2014-08-14,TMIN,290
IRM00040798,2005-05-01,TMIN,26
IRM00040798,2011-01-12,TMAX,18
IRM00040811,2009-08-13,TMIN,282
IRM00040800,2011-11-03,TMAX,162
IRM00040798,2012-02-06,TMIN,-118
IRM00040800,2014-02-23,TMAX,176
IRM00040798,2008-04-03,TMIN,-44
IRM00040831,2006-05-30,TMAX,450
IRM00040811,2015-07-16,TMIN,300
IRM00040811,2014-07-01,TMIN,300
IRM00040800,2012-02-08,TMAX,120
IRM00040800,2009-12-20,TMIN,-20
IRM00040798,2006-05-09,TMIN,60
IRM00040798,2013-08-19,TMAX,326
IRM00040811,2009-08-18,TMIN,294
IRM00040798,2015-08-02,TMIN,90
IRM00040811,2010-08-09,TMAX,466
IRM00040811,2007-09-13,TMIN,256
IRM00040831,2011-06-29,TMIN,258
IRM00040811,2009-05-10,TMAX,364
IRM00040831,2008-10-03,TMIN,178
IRM00040798,2011-08-31,TMAX,274
IRM00040798,2014-06-19,TMAX,328
IRM00040798,2015-08-02,TMAX,321
IRM00040811,2009-03-15,TMAX,304
IRM00040811,2010-11-09,TMIN,160
IRM00040800,2014-12-07,TMAX,122
IRM00040831,2005-09-21,TMAX,424
IRM00040831,2008-08-27,TMAX,492
IRM00040800,2015-06-24,TMAX,384
IRM00040800,2005-08-29,TMAX,372
IRM00040798,2008-02-27,TMIN,4
IRM00040811,2012-01-20,TMIN,50
IRM00040811,2014-08-09,TMAX,460
IRM00040811,2015-01-13,TMAX,194
IRM00040831,2005-08-29,TMAX,492
IRM00040831,2014-01-21,TMAX,186
IRM00040811,2015-01-15,TMAX,210
IRM00040800,2006-04-28,TMAX,222
IRM00040831,2007-12-09,TMAX,214
IRM00040800,2014-10-23,TMAX,242
IRM00040800,2012-09-04,TMAX,328
IRM00040798,2012-10-07,TMIN,46
IRM00040798,2005-11-28,TMAX,160
IRM00040811,2015-12-11,TMAX,200
IRM00040811,2014-05-31,TMIN,254
IRM00040798,2012-12-20,TMAX,116
IRM00040800,2007-10-26,TMIN,58
IRM00040800,2008-03-22,TMAX,254
IRM00040831,2009-10-27,TMAX,338
IRM00040811,2011-01-26,TMIN,120
IRM00040811,2009-05-27,TMAX,446
IRM00040811,2013-08-27,TMAX,436
IRM00040798,2012-12-10,TMAX,124
IRM00040831,2013-04-19,TMIN,210
IRM00040798,2012-12-20,TMIN,-84
IRM00040811,2015-04-26,TMAX,348
IRM00040831,2011-08-05,TMAX,504
IRM00040798,2011-12-07,TMAX,106
IRM00040831,2010-09-05,TMIN,288
IRM00040831,2010-09-05,TMAX,452
IRM00040831,2011-08-05,TMIN,338
IRM00040800,2007-11-28,TMAX,158
IRM00040831,2015-10-23,TMIN,186
IRM00040811,2011-06-18,TMAX,466
IRM00040798,2011-10-08,TMIN,22
IRM00040798,2010-07-07,TMAX,386
IRM00040831,2014-08-12,TMAX,478
IRM00040798,2015-11-25,TMIN,-97
IRM00040811,2011-01-26,TMAX,170
IRM00040811,2013-01-05,TMAX,176
IRM00040831,2015-10-23,TMAX,320
IRM00040800,2011-11-04,TMAX,178
IRM00040811,2014-05-31,TMAX,446
IRM00040798,2007-06-14,TMAX,344
IRM00040798,2012-12-10,TMIN,-48
IRM00040811,2014-10-09,TMIN,188
IRM00040798,2014-04-28,TMAX,211
IRM00040831,2010-01-07,TMAX,212
IRM00040800,2012-06-06,TMAX,340
IRM00040798,2008-04-05,TMAX,196
IRM00040798,2010-12-31,TMIN,-140
IRM00040811,2014-09-05,TMAX,444
IRM00040831,2013-04-19,TMAX,370
IRM00040800,2013-11-02,TMAX,142
IRM00040831,2014-04-05,TMIN,150
IRM00040798,2008-04-05,TMIN,-6
IRM00040831,2011-10-22,TMIN,110
IRM00040811,2008-07-27,TMIN,330
IRM00040800,2015-07-13,TMAX,382
IRM00040798,2006-11-16,TMAX,80
IRM00040811,2010-09-28,TMAX,412
IRM00040831,2014-08-02,TMIN,278
IRM00040798,2007-02-24,TMAX,144
IRM00040798,2007-02-24,TMIN,-54
IRM00040811,2011-12-06,TMAX,204
IRM00040811,2011-06-25,TMIN,300
IRM00040798,2013-02-26,TMIN,-100
IRM00040831,2006-12-18,TMIN,78
IRM00040811,2011-12-06,TMIN,38
IRM00040811,2007-06-11,TMAX,450
IRM00040831,2014-08-02,TMAX,474
IRM00040831,2006-12-18,TMAX,134
IRM00040800,2014-08-07,TMAX,404
IRM00040798,2014-08-15,TMIN,130
IRM00040798,2007-02-22,TMIN,-78
IRM00040798,2015-12-10,TMAX,80
IRM00040798,2008-08-30,TMAX,310
IRM00040811,2011-10-28,TMAX,330
IRM00040798,2007-02-22,TMAX,118
IRM00040811,2015-12-11,TMIN,58
IRM00040798,2008-04-17,TMIN,6
IRM00040831,2005-12-23,TMAX,230
IRM00040800,2006-12-22,TMAX,84
IRM00040811,2015-04-26,TMIN,144
IRM00040811,2011-08-12,TMIN,290
IRM00040798,2012-12-14,TMAX,84
IRM00040811,2006-09-10,TMAX,462
IRM00040798,2014-06-29,TMAX,346
IRM00040811,2006-09-10,TMIN,258
IRM00040811,2006-06-09,TMAX,434
IRM00040811,2011-06-17,TMAX,472
IRM00040798,2005-09-14,TMIN,56
IRM00040811,2007-05-31,TMIN,276
IRM00040798,2005-09-14,TMAX,308
IRM00040798,2008-10-23,TMAX,224
IRM00040811,2011-06-10,TMAX,420
IRM00040800,2014-12-04,TMAX,134
IRM00040800,2007-12-19,TMIN,-18
IRM00040811,2010-12-13,TMAX,226
IRM00040831,2009-04-14,TMAX,308
IRM00040831,2015-12-25,TMAX,160
IRM00040831,2009-04-14,TMIN,174
IRM00040831,2009-12-17,TMAX,192
IRM00040811,2011-01-07,TMIN,72
IRM00040831,2012-03-04,TMAX,196
IRM00040831,2011-10-18,TMIN,190
IRM00040798,2014-07-16,TMAX,334
IRM00040811,2008-05-01,TMAX,370
IRM00040798,2012-06-08,TMIN,72
IRM00040800,2007-04-06,TMAX,218
IRM00040800,2006-02-22,TMAX,118
IRM00040831,2013-10-26,TMAX,332
IRM00040831,2006-06-05,TMIN,280
IRM00040798,2014-07-16,TMIN,150
IRM00040811,2009-04-11,TMAX,316
IRM00040831,2011-10-18,TMAX,394
IRM00040798,2005-08-29,TMAX,320
IRM00040798,2013-11-01,TMIN,62
IRM00040811,2015-10-20,TMIN,200
IRM00040811,2015-10-20,TMAX,366
IRM00040811,2010-10-18,TMAX,396
IRM00040811,2013-09-30,TMIN,214
IRM00040800,2006-09-01,TMAX,328
IRM00040798,2008-02-26,TMAX,164
IRM00040798,2010-07-28,TMAX,298
IRM00040798,2007-05-03,TMAX,232
IRM00040798,2006-10-29,TMIN,10
IRM00040831,2012-09-09,TMIN,270
IRM00040798,2006-10-18,TMIN,30
IRM00040798,2011-12-07,TMIN,-104
IRM00040798,2006-10-18,TMAX,236
IRM00040831,2006-02-04,TMAX,194
IRM00040811,2008-05-03,TMIN,206
IRM00040831,2014-06-20,TMAX,466
IRM00040798,2006-04-20,TMAX,226
IRM00040800,2006-05-16,TMAX,322
IRM00040811,2008-06-15,TMIN,258
IRM00040798,2006-04-20,TMIN,8
IRM00040811,2012-08-02,TMAX,506
IRM00040811,2012-08-02,TMIN,352
IRM00040831,2014-06-20,TMIN,246
IRM00040811,2013-09-30,TMAX,398
IRM00040811,2012-01-20,TMAX,180
IRM00040831,2014-08-29,TMAX,428
IRM00040811,2008-05-03,TMAX,365
IRM00040798,2013-11-01,TMAX,162
IRM00040811,2009-05-27,TMIN,300
IRM00040831,2011-10-11,TMAX,382
IRM00040800,2015-04-09,TMAX,264
IRM00040831,2011-10-11,TMIN,178
IRM00040798,2006-10-29,TMAX,180
IRM00040831,2011-11-06,TMAX,278
IRM00040800,2015-12-25,TMAX,80
IRM00040798,2007-05-03,TMIN,12
IRM00040811,2014-08-03,TMIN,280
IRM00040831,2006-06-05,TMAX,466
IRM00040811,2013-12-20,TMAX,170
IRM00040831,2014-11-24,TMAX,262
IRM00040831,2014-11-24,TMIN,160
IRM00040811,2007-11-11,TMAX,320
IRM00040800,2013-03-25,TMAX,214
IRM00040798,2006-11-01,TMAX,210
IRM00040800,2015-05-16,TMAX,296
IRM00040831,2006-02-05,TMAX,196
IRM00040811,2008-06-15,TMAX,448
IRM00040831,2012-09-09,TMAX,448
IRM00040811,2007-12-11,TMAX,202
IRM00040800,2006-12-22,TMIN,-147
IRM00040831,2006-11-05,TMAX,344
IRM00040831,2012-04-30,TMAX,384
IRM00040798,2010-03-25,TMIN,-20
IRM00040811,2009-01-19,TMAX,216
IRM00040831,2011-07-09,TMIN,294
IRM00040798,2007-05-05,TMIN,46
IRM00040811,2013-02-10,TMAX,272
IRM00040811,2010-10-17,TMAX,390
IRM00040831,2008-09-20,TMIN,226
IRM00040798,2011-11-26,TMAX,54
IRM00040798,2012-08-14,TMAX,320
IRM00040800,2009-06-11,TMAX,324
IRM00040811,2006-11-06,TMAX,350
IRM00040800,2006-09-04,TMAX,340
IRM00040798,2012-08-14,TMIN,114
IRM00040800,2011-08-24,TMAX,386
IRM00040798,2006-01-26,TMAX,68
IRM00040800,2007-10-31,TMAX,232
IRM00040811,2014-12-13,TMIN,86
IRM00040831,2010-04-30,TMIN,246
IRM00040831,2013-09-04,TMIN,300
IRM00040800,2006-10-11,TMAX,290
IRM00040798,2015-09-28,TMAX,271
IRM00040831,2007-10-19,TMAX,372
IRM00040811,2006-12-14,TMAX,164
IRM00040798,2012-10-22,TMIN,30
IRM00040811,2006-06-06,TMIN,296
IRM00040800,2012-05-31,TMAX,336
IRM00040831,2006-03-17,TMAX,260
IRM00040811,2007-09-30,TMAX,386
IRM00040798,2015-06-30,TMAX,365
IRM00040831,2011-10-14,TMAX,376
IRM00040798,2015-06-30,TMIN,118
IRM00040800,2015-04-02,TMAX,208
IRM00040798,2012-10-22,TMAX,208
IRM00040831,2011-10-14,TMIN,198
IRM00040800,2008-05-13,TMAX,282
IRM00040798,2010-03-25,TMAX,158
IRM00040800,2011-09-09,TMAX,336
IRM00040798,2008-10-04,TMAX,256
IRM00040800,2014-09-04,TMAX,344
IRM00040811,2007-12-11,TMIN,70
IRM00040811,2006-10-09,TMIN,190
IRM00040811,2013-04-15,TMIN,182
IRM00040800,2010-02-02,TMAX,170
IRM00040831,2009-01-02,TMAX,98
IRM00040798,2010-11-08,TMAX,170
IRM00040798,2010-11-08,TMIN,-30
IRM00040811,2005-06-05,TMIN,260
IRM00040831,2014-08-19,TMAX,442
IRM00040811,2007-12-24,TMIN,38
IRM00040798,2014-06-07,TMIN,76
IRM00040811,2013-04-15,TMAX,358
IRM00040800,2008-06-02,TMAX,344
IRM00040800,2011-01-23,TMAX,104
IRM00040800,2014-04-25,TMAX,254
IRM00040811,2006-08-25,TMAX,474
IRM00040811,2005-12-30,TMAX,138
IRM00040831,2009-01-31,TMIN,138
IRM00040811,2006-08-25,TMIN,304
IRM00040831,2011-10-31,TMAX,278
IRM00040811,2007-05-10,TMIN,250
IRM00040811,2007-05-10,TMAX,442
IRM00040831,2011-10-31,TMIN,150
IRM00040800,2006-01-16,TMAX,54
IRM00040798,2011-04-09,TMAX,162
IRM00040811,2010-05-22,TMIN,256
IRM00040798,2007-06-01,TMAX,258
IRM00040811,2011-01-23,TMIN,56
IRM00040831,2011-08-20,TMAX,456
IRM00040811,2014-11-15,TMAX,284
IRM00040831,2011-08-20,TMIN,266
IRM00040798,2008-02-27,TMAX,112
IRM00040798,2007-05-02,TMAX,222
IRM00040831,2011-06-02,TMAX,486
IRM00040798,2013-08-06,TMIN,116
IRM00040798,2007-09-02,TMAX,310
IRM00040800,2007-03-01,TMAX,120
IRM00040831,2008-09-20,TMAX,446
IRM00040811,2007-09-30,TMIN,206
IRM00040811,2006-10-09,TMAX,386
IRM00040798,2007-09-02,TMIN,120
IRM00040811,2008-08-04,TMAX,466
IRM00040811,2006-06-06,TMAX,454
IRM00040811,2013-10-19,TMAX,374
IRM00040811,2013-06-13,TMIN,264
IRM00040811,2011-04-17,TMIN,188
IRM00040798,2013-02-20,TMIN,-108
IRM00040811,2014-08-03,TMAX,486
IRM00040800,2012-10-25,TMAX,248
IRM00040798,2014-05-24,TMIN,49
IRM00040798,2014-05-24,TMAX,290
IRM00040831,2012-11-07,TMAX,346
IRM00040798,2009-09-01,TMAX,326
IRM00040811,2013-04-16,TMIN,190
IRM00040798,2007-10-18,TMIN,20
IRM00040811,2006-12-19,TMAX,134
IRM00040811,2007-05-27,TMAX,460
IRM00040831,2006-07-17,TMAX,460
IRM00040798,2011-07-22,TMAX,334
IRM00040831,2011-07-08,TMAX,500
IRM00040798,2011-01-11,TMIN,-110
IRM00040800,2011-09-01,TMAX,312
IRM00040798,2006-10-26,TMIN,12
IRM00040800,2011-07-28,TMAX,342
IRM00040800,2014-06-15,TMAX,334
IRM00040798,2008-08-30,TMIN,114
IRM00040811,2011-05-15,TMAX,370
IRM00040811,2008-07-27,TMAX,508
IRM00040831,2006-11-05,TMIN,200
IRM00040831,2013-09-11,TMIN,270
IRM00040811,2006-10-13,TMAX,400
IRM00040811,2006-11-04,TMAX,312
IRM00040811,2009-07-16,TMIN,296
IRM00040831,2011-12-21,TMIN,48
IRM00040831,2011-12-21,TMAX,226
IRM00040811,2010-11-05,TMAX,316
IRM00040811,2011-04-17,TMAX,350
IRM00040811,2015-04-03,TMAX,302
IRM00040800,2006-02-08,TMAX,176
IRM00040811,2009-09-08,TMAX,440
IRM00040798,2013-02-20,TMAX,110
IRM00040831,2011-10-22,TMAX,308
IRM00040798,2010-12-31,TMAX,118
IRM00040811,2010-08-22,TMAX,460
IRM00040798,2011-07-22,TMIN,118
IRM00040800,2006-05-11,TMAX,320
IRM00040811,2010-08-23,TMAX,454
IRM00040798,2006-01-26,TMIN,18
IRM00040798,2010-12-19,TMAX,140
IRM00040800,2011-12-11,TMAX,162
IRM00040831,2008-10-03,TMAX,336
IRM00040800,2014-04-13,TMAX,268
IRM00040831,2005-08-24,TMAX,476
IRM00040831,2013-09-11,TMAX,456
IRM00040798,2012-12-22,TMAX,104
IRM00040811,2006-10-13,TMIN,240
IRM00040811,2013-07-03,TMIN,286
IRM00040811,2007-02-17,TMAX,208
IRM00040798,2015-12-01,TMIN,-72
IRM00040798,2014-10-09,TMIN,37
IRM00040811,2013-07-03,TMAX,430
IRM00040800,2014-06-08,TMAX,358
IRM00040831,2006-03-17,TMIN,138
IRM00040811,2014-12-09,TMAX,248
IRM00040798,2006-10-26,TMAX,204
IRM00040831,2015-01-02,TMAX,244
IRM00040800,2006-11-05,TMAX,240
IRM00040811,2010-04-18,TMAX,318
IRM00040800,2011-03-29,TMAX,204
IRM00040811,2009-07-16,TMAX,426
IRM00040800,2013-10-26,TMAX,230
IRM00040831,2014-09-17,TMAX,426
IRM00040798,2014-05-08,TMAX,247
IRM00040811,2010-08-23,TMIN,316
IRM00040811,2009-11-12,TMAX,296
IRM00040798,2008-04-03,TMAX,200
IRM00040800,2012-08-19,TMAX,362
IRM00040798,2014-05-08,TMIN,46
IRM00040811,2010-10-17,TMIN,184
IRM00040800,2012-11-06,TMAX,214
IRM00040798,2008-03-04,TMAX,114
IRM00040800,2006-12-30,TMAX,66
IRM00040798,2011-01-11,TMAX,40
IRM00040800,2009-08-25,TMAX,368
IRM00040798,2007-10-18,TMAX,244
IRM00040800,2009-02-06,TMAX,120
IRM00040811,2012-08-17,TMAX,454
IRM00040831,2010-04-05,TMAX,338
IRM00040811,2009-06-20,TMAX,434
IRM00040831,2008-06-25,TMAX,454
IRM00040831,2007-01-20,TMAX,162
IRM00040831,2012-02-12,TMAX,202
IRM00040811,2013-09-25,TMAX,376
IRM00040831,2009-07-09,TMAX,456
IRM00040831,2015-02-27,TMAX,252
IRM00040800,2008-03-30,TMAX,280
IRM00040831,2014-05-17,TMAX,400
IRM00040811,2014-03-22,TMAX,272
IRM00040798,2013-03-27,TMIN,-36
IRM00040831,2007-08-21,TMAX,470
IRM00040798,2009-06-30,TMAX,348
IRM00040811,2010-09-17,TMAX,434
IRM00040798,2009-08-11,TMAX,334
IRM00040800,2014-02-13,TMAX,102
IRM00040811,2010-04-11,TMAX,332
IRM00040811,2010-04-11,TMIN,194
IRM00040798,2009-09-20,TMAX,223
IRM00040811,2005-09-12,TMAX,452
IRM00040811,2007-01-21,TMIN,58
IRM00040798,2006-03-26,TMAX,188
IRM00040811,2015-11-07,TMAX,230
IRM00040800,2011-05-19,TMAX,314
IRM00040798,2015-11-11,TMAX,128
IRM00040811,2008-02-03,TMAX,136
IRM00040798,2010-10-31,TMAX,208
IRM00040798,2009-06-30,TMIN,94
IRM00040831,2012-10-09,TMIN,248
IRM00040811,2013-01-14,TMAX,144
IRM00040800,2008-09-26,TMAX,314
IRM00040831,2011-08-04,TMIN,306
IRM00040811,2012-12-26,TMAX,170
IRM00040811,2008-02-03,TMIN,46
IRM00040798,2009-02-15,TMAX,96
IRM00040798,2009-08-19,TMIN,114
IRM00040798,2007-11-17,TMAX,182
IRM00040831,2011-08-04,TMAX,514
IRM00040811,2006-03-05,TMAX,276
IRM00040811,2011-03-25,TMAX,302
IRM00040831,2014-07-17,TMAX,494
IRM00040798,2013-03-27,TMAX,200
IRM00040831,2015-01-23,TMIN,70
IRM00040811,2012-06-15,TMIN,286
IRM00040831,2007-08-21,TMIN,280
IRM00040811,2012-05-12,TMIN,272
IRM00040798,2014-10-09,TMAX,249
IRM00040798,2012-12-26,TMAX,86
IRM00040811,2011-11-24,TMAX,196
IRM00040811,2006-01-19,TMIN,26
IRM00040798,2012-12-03,TMAX,114
IRM00040811,2005-11-21,TMAX,244
IRM00040798,2011-03-31,TMAX,180
IRM00040811,2012-06-15,TMAX,470
IRM00040798,2013-09-26,TMIN,0
IRM00040798,2009-12-04,TMIN,-124
IRM00040811,2013-02-24,TMAX,236
IRM00040811,2012-05-12,TMAX,446
IRM00040831,2012-04-04,TMAX,326
IRM00040798,2015-09-10,TMAX,292
IRM00040831,2014-02-05,TMAX,126
IRM00040811,2014-12-15,TMIN,106
IRM00040798,2013-09-26,TMAX,246
IRM00040798,2005-10-25,TMAX,214
IRM00040798,2008-01-30,TMAX,70
IRM00040811,2008-11-27,TMIN,118
IRM00040800,2006-05-09,TMAX,318
IRM00040811,2014-03-02,TMAX,256
IRM00040811,2008-09-03,TMIN,310
IRM00040800,2008-12-16,TMAX,82
IRM00040831,2008-01-12,TMAX,98
IRM00040831,2007-06-14,TMAX,456
IRM00040831,2008-08-31,TMAX,478
IRM00040800,2015-05-07,TMAX,242
IRM00040798,2010-10-16,TMAX,262
IRM00040831,2015-06-27,TMAX,426
IRM00040800,2009-05-26,TMAX,326
IRM00040800,2011-10-24,TMAX,220
IRM00040798,2005-10-25,TMIN,-36
IRM00040811,2013-07-14,TMAX,464
IRM00040811,2011-08-25,TMIN,296
IRM00040811,2011-10-09,TMAX,370
IRM00040798,2006-03-26,TMIN,-56
IRM00040831,2006-09-27,TMAX,400
IRM00040800,2006-02-05,TMAX,156
IRM00040831,2008-02-26,TMAX,216
IRM00040800,2012-01-06,TMAX,90
IRM00040811,2006-05-24,TMAX,405
IRM00040831,2008-11-22,TMAX,282
IRM00040798,2010-10-25,TMIN,2
IRM00040811,2011-06-30,TMAX,450
IRM00040811,2011-08-28,TMAX,458
IRM00040800,2015-06-12,TMAX,376
IRM00040811,2010-03-16,TMIN,186
IRM00040811,2015-07-19,TMAX,462
IRM00040831,2009-05-09,TMIN,240
IRM00040831,2011-02-27,TMAX,254
IRM00040811,2015-07-19,TMIN,288
IRM00040800,2014-10-12,TMAX,262
IRM00040831,2006-05-09,TMAX,428
IRM00040811,2006-11-28,TMAX,224
IRM00040831,2006-05-09,TMIN,256
IRM00040831,2010-01-15,TMAX,234
IRM00040800,2005-12-29,TMAX,66
IRM00040798,2005-11-20,TMIN,-34
IRM00040800,2014-05-22,TMAX,306
IRM00040811,2006-11-20,TMAX,192
IRM00040800,2007-08-12,TMAX,344
IRM00040798,2007-04-18,TMAX,194
IRM00040811,2013-09-16,TMIN,226
IRM00040831,2007-03-24,TMIN,140
IRM00040798,2007-04-18,TMIN,18
IRM00040811,2010-09-07,TMIN,270
IRM00040811,2013-09-16,TMAX,438
IRM00040831,2013-05-23,TMIN,238
IRM00040811,2012-11-02,TMIN,142
IRM00040811,2006-12-23,TMAX,108
IRM00040798,2005-11-20,TMAX,122
IRM00040811,2012-11-02,TMAX,330
IRM00040831,2010-05-07,TMIN,226
IRM00040811,2009-04-15,TMAX,320
IRM00040800,2008-07-06,TMAX,396
IRM00040800,2014-12-18,TMAX,114
IRM00040831,2009-05-09,TMAX,396
IRM00040831,2015-12-22,TMAX,192
IRM00040798,2012-12-26,TMIN,6
IRM00040798,2011-12-22,TMAX,144
IRM00040811,2006-02-18,TMAX,152
IRM00040798,2010-10-21,TMAX,260
IRM00040811,2012-03-10,TMIN,108
IRM00040831,2012-10-09,TMAX,390
IRM00040798,2008-11-07,TMAX,138
IRM00040811,2012-03-10,TMAX,246
IRM00040811,2011-08-18,TMAX,434
IRM00040831,2008-11-25,TMIN,138
IRM00040798,2013-07-08,TMAX,366
IRM00040831,2008-11-25,TMAX,266
IRM00040811,2009-04-15,TMIN,140
IRM00040811,2011-08-18,TMIN,294
IRM00040811,2011-07-15,TMAX,506
IRM00040800,2006-07-09,TMAX,404
IRM00040811,2013-05-26,TMAX,452
IRM00040831,2005-12-17,TMAX,234
IRM00040831,2014-05-17,TMIN,242
IRM00040800,2012-08-11,TMAX,374
IRM00040811,2005-07-03,TMIN,286
IRM00040811,2011-08-28,TMIN,276
IRM00040800,2008-05-04,TMAX,272
IRM00040831,2006-05-07,TMAX,410
IRM00040831,2006-05-07,TMIN,248
IRM00040811,2010-03-16,TMAX,352
IRM00040831,2006-04-02,TMAX,280
IRM00040800,2011-08-20,TMAX,398
IRM00040800,2006-01-09,TMAX,122
IRM00040811,2012-02-04,TMAX,188
IRM00040798,2013-08-17,TMAX,320
IRM00040798,2009-10-27,TMAX,198
IRM00040811,2007-01-22,TMAX,180
IRM00040800,2013-04-19,TMAX,280
IRM00040811,2009-11-23,TMAX,214
IRM00040811,2009-11-23,TMIN,108
IRM00040798,2013-08-17,TMIN,106
IRM00040800,2009-09-06,TMAX,326
IRM00040811,2005-11-21,TMIN,126
IRM00040800,2012-06-08,TMAX,372
IRM00040811,2011-06-25,TMAX,462
IRM00040798,2015-09-10,TMIN,62
IRM00040798,2011-06-19,TMAX,358
IRM00040811,2015-09-10,TMAX,440
IRM00040811,2008-11-20,TMAX,276
IRM00040811,2011-11-24,TMIN,96
IRM00040798,2005-11-13,TMAX,118
IRM00040831,2013-06-06,TMAX,454
IRM00040798,2010-08-24,TMIN,138
IRM00040831,2006-09-15,TMAX,420
IRM00040831,2015-02-06,TMAX,238
IRM00040800,2012-12-02,TMAX,114
IRM00040831,2013-06-06,TMIN,260
IRM00040831,2005-02-27,TMAX,258
IRM00040798,2008-10-01,TMIN,30
IRM00040798,2011-02-22,TMAX,86
IRM00040798,2013-07-07,TMAX,366
IRM00040811,2014-10-10,TMAX,376
IRM00040798,2013-10-06,TMIN,24
IRM00040831,2015-05-02,TMAX,396
IRM00040798,2015-11-25,TMAX,143
IRM00040798,2013-07-07,TMIN,92
IRM00040798,2013-10-07,TMIN,18
IRM00040798,2014-06-05,TMIN,16
IRM00040831,2011-03-25,TMAX,304
IRM00040831,2008-12-05,TMAX,228
IRM00040831,2013-01-20,TMAX,222
IRM00040798,2008-08-15,TMAX,306
IRM00040831,2006-12-25,TMAX,160
IRM00040811,2005-09-12,TMIN,264
IRM00040798,2010-05-06,TMAX,196
IRM00040831,2015-03-08,TMIN,90
IRM00040798,2005-09-13,TMIN,64
IRM00040798,2013-01-03,TMAX,72
IRM00040798,2008-01-06,TMAX,-2
IRM00040800,2009-05-05,TMAX,234
IRM00040798,2009-05-16,TMAX,234
IRM00040798,2009-05-16,TMIN,68
IRM00040831,2012-11-24,TMAX,246
IRM00040798,2009-03-08,TMIN,-70
IRM00040811,2012-10-08,TMAX,412
IRM00040798,2010-08-17,TMAX,314
IRM00040798,2005-11-13,TMIN,-20
IRM00040798,2005-09-13,TMAX,304
IRM00040798,2005-11-03,TMAX,178
IRM00040798,2005-11-03,TMIN,-4
IRM00040811,2009-07-18,TMIN,290
IRM00040831,2014-09-06,TMAX,450
IRM00040798,2011-06-19,TMIN,116
IRM00040811,2009-07-18,TMAX,458
IRM00040831,2014-04-24,TMAX,354
IRM00040811,2013-06-23,TMAX,450
IRM00040800,2006-03-09,TMAX,230
IRM00040831,2012-10-14,TMAX,366
IRM00040811,2010-03-26,TMIN,166
IRM00040798,2010-08-17,TMIN,98
IRM00040800,2007-01-12,TMAX,60
IRM00040811,2013-06-23,TMIN,288
IRM00040811,2015-08-13,TMIN,308
IRM00040811,2007-09-10,TMIN,280
IRM00040800,2014-09-08,TMAX,354
IRM00040831,2012-08-25,TMAX,460
IRM00040831,2012-08-25,TMIN,268
IRM00040811,2008-12-10,TMAX,242
IRM00040831,2009-03-26,TMIN,116
IRM00040831,2009-03-26,TMAX,264
IRM00040798,2010-10-16,TMIN,22
IRM00040798,2014-06-05,TMAX,263
IRM00040831,2013-02-10,TMIN,130
IRM00040798,2013-11-12,TMAX,154
IRM00040798,2012-05-04,TMAX,242
IRM00040811,2011-07-07,TMIN,288
IRM00040798,2011-10-21,TMAX,210
IRM00040800,2015-12-19,TMAX,102
IRM00040800,2012-04-05,TMAX,222
IRM00040800,2010-11-25,TMAX,180
IRM00040811,2007-10-19,TMAX,376
IRM00040798,2012-07-17,TMAX,300
IRM00040831,2014-01-27,TMAX,216
IRM00040811,2010-03-26,TMAX,290
IRM00040800,2011-02-27,TMAX,186
IRM00040811,2012-03-24,TMIN,110
IRM00040811,2010-02-05,TMAX,154
IRM00040798,2015-04-30,TMIN,10
IRM00040798,2013-10-06,TMAX,254
IRM00040811,2012-10-08,TMIN,216
IRM00040798,2010-08-24,TMAX,334
IRM00040811,2008-11-20,TMIN,110
IRM00040811,2010-10-28,TMAX,330
IRM00040798,2008-10-01,TMAX,260
IRM00040798,2006-10-01,TMAX,262
IRM00040831,2012-10-14,TMIN,174
IRM00040831,2011-09-28,TMAX,446
IRM00040831,2013-05-20,TMAX,400
IRM00040831,2011-09-28,TMIN,270
IRM00040831,2009-04-07,TMAX,326
IRM00040798,2008-03-15,TMAX,154
IRM00040798,2006-10-01,TMIN,32
IRM00040798,2010-08-18,TMAX,328
IRM00040798,2010-08-18,TMIN,100
IRM00040798,2013-03-12,TMAX,146
IRM00040831,2008-05-28,TMIN,290
IRM00040798,2008-04-14,TMAX,204
IRM00040831,2014-06-10,TMAX,490
IRM00040831,2013-04-07,TMAX,340
IRM00040798,2014-07-31,TMIN,156
IRM00040831,2010-02-18,TMIN,180
IRM00040800,2011-07-21,TMAX,350
IRM00040811,2014-12-01,TMAX,186
IRM00040798,2013-12-07,TMAX,100
IRM00040798,2006-12-09,TMIN,-82
IRM00040798,2009-12-04,TMAX,40
IRM00040811,2011-07-07,TMAX,470
IRM00040798,2010-09-05,TMAX,296
IRM00040811,2009-09-22,TMIN,258
IRM00040798,2010-07-19,TMAX,362
IRM00040811,2007-04-01,TMIN,124
IRM00040811,2007-04-01,TMAX,266
IRM00040811,2006-08-24,TMAX,480
IRM00040798,2011-10-31,TMAX,170
IRM00040831,2015-07-30,TMAX,490
IRM00040811,2013-07-14,TMIN,290
IRM00040831,2015-01-19,TMAX,176
IRM00040831,2015-01-19,TMIN,50
IRM00040798,2014-07-31,TMAX,354
IRM00040798,2015-10-25,TMAX,239
IRM00040798,2006-12-09,TMAX,62
IRM00040811,2011-08-25,TMAX,452
IRM00040831,2015-01-23,TMAX,218
IRM00040798,2011-03-31,TMIN,-62
IRM00040831,2008-12-05,TMIN,88
IRM00040811,2008-12-17,TMAX,182
IRM00040831,2011-04-24,TMAX,320
IRM00040811,2008-11-03,TMAX,190
IRM00040798,2015-04-30,TMAX,260
IRM00040800,2012-04-02,TMAX,220
IRM00040798,2014-11-29,TMAX,67
IRM00040811,2009-03-08,TMAX,310
IRM00040800,2005-04-17,TMAX,234
IRM00040798,2010-04-20,TMAX,199
IRM00040798,2009-03-08,TMAX,190
IRM00040811,2011-09-30,TMAX,430
IRM00040811,2014-10-10,TMIN,178
IRM00040800,2013-01-04,TMAX,94
IRM00040811,2012-06-09,TMAX,446
IRM00040831,2015-06-30,TMAX,444
IRM00040831,2015-06-30,TMIN,290
IRM00040831,2013-02-10,TMAX,278
IRM00040798,2008-07-26,TMAX,328
IRM00040811,2008-11-03,TMIN,176
IRM00040800,2005-10-27,TMAX,212
IRM00040800,2009-05-29,TMAX,360
IRM00040811,2012-04-01,TMIN,158
IRM00040798,2014-04-22,TMIN,56
IRM00040798,2015-10-18,TMAX,215
IRM00040811,2009-09-22,TMAX,400
IRM00040800,2015-03-20,TMAX,186
IRM00040798,2014-04-22,TMAX,213
IRM00040798,2008-07-26,TMIN,168
IRM00040831,2007-08-12,TMAX,480
IRM00040811,2012-04-01,TMAX,294
IRM00040800,2014-10-04,TMAX,312
IRM00040811,2008-06-17,TMAX,456
IRM00040831,2015-09-23,TMAX,434
IRM00040800,2011-08-27,TMAX,360
IRM00040831,2015-09-23,TMIN,250
IRM00040831,2011-04-24,TMIN,238
IRM00040798,2014-09-18,TMIN,40
IRM00040798,2007-06-24,TMAX,328
IRM00040811,2006-08-24,TMIN,306
IRM00040811,2012-11-12,TMAX,328
IRM00040811,2010-12-16,TMAX,216
IRM00040831,2015-02-04,TMAX,246
IRM00040811,2011-05-25,TMAX,410
IRM00040798,2012-03-22,TMIN,-66
IRM00040831,2012-08-08,TMIN,304
IRM00040831,2015-05-21,TMIN,248
IRM00040811,2007-10-19,TMIN,196
IRM00040811,2008-05-02,TMAX,352
IRM00040831,2007-10-20,TMAX,364
IRM00040800,2011-07-18,TMAX,360
IRM00040831,2013-02-14,TMIN,118
IRM00040800,2008-01-16,TMAX,-4
IRM00040811,2012-04-18,TMAX,282
IRM00040798,2006-07-08,TMIN,130
IRM00040811,2011-04-04,TMAX,344
IRM00040811,2014-02-01,TMAX,166
IRM00040831,2013-02-14,TMAX,232
IRM00040831,2008-12-01,TMIN,100
IRM00040811,2013-09-01,TMIN,266
IRM00040798,2009-05-19,TMIN,30
IRM00040800,2014-06-07,TMAX,352
IRM00040798,2011-02-23,TMIN,-64
IRM00040831,2008-11-21,TMAX,290
IRM00040798,2008-05-26,TMAX,288
IRM00040811,2008-05-15,TMAX,384
IRM00040811,2013-09-11,TMAX,436
IRM00040831,2013-11-14,TMAX,254
IRM00040798,2013-06-21,TMIN,68
IRM00040811,2007-03-03,TMAX,228
IRM00040831,2009-11-19,TMAX,236
IRM00040798,2008-10-07,TMIN,26
IRM00040831,2007-07-27,TMIN,286
IRM00040811,2011-09-20,TMAX,422
IRM00040798,2010-01-28,TMAX,96
IRM00040800,2006-12-02,TMAX,72
IRM00040800,2006-11-18,TMAX,158
IRM00040798,2010-01-28,TMIN,-110
IRM00040800,2009-03-07,TMAX,200
IRM00040811,2014-02-03,TMAX,152
IRM00040798,2007-07-07,TMAX,350
IRM00040800,2012-03-06,TMAX,144
IRM00040831,2005-09-26,TMAX,436
IRM00040800,2009-03-18,TMAX,222
IRM00040831,2008-10-22,TMIN,186
IRM00040800,2008-01-05,TMAX,66
IRM00040811,2010-10-15,TMAX,368
IRM00040831,2010-03-25,TMAX,320
IRM00040811,2010-10-15,TMIN,206
IRM00040798,2010-10-21,TMIN,18
IRM00040811,2013-11-09,TMIN,160
IRM00040811,2011-05-25,TMIN,262
IRM00040800,2009-12-20,TMAX,120
IRM00040831,2015-05-21,TMAX,440
IRM00040831,2007-10-13,TMAX,390
IRM00040811,2011-01-07,TMAX,194
IRM00040798,2008-05-31,TMIN,86
IRM00040798,2013-08-06,TMAX,362
IRM00040798,2008-10-14,TMIN,32
IRM00040831,2014-12-01,TMIN,70
IRM00040811,2005-11-25,TMAX,244
IRM00040831,2011-06-08,TMIN,312
IRM00040798,2006-09-15,TMIN,66
IRM00040811,2011-04-04,TMIN,162
IRM00040798,2006-09-15,TMAX,290
IRM00040811,2014-03-11,TMAX,276
IRM00040800,2012-12-20,TMAX,104
IRM00040811,2010-01-05,TMAX,220
IRM00040798,2007-08-12,TMAX,318
IRM00040798,2012-03-11,TMAX,98
IRM00040798,2010-07-21,TMAX,375
IRM00040798,2007-08-12,TMIN,114
IRM00040811,2006-06-25,TMAX,458
IRM00040811,2005-08-29,TMAX,486
IRM00040798,2010-07-21,TMIN,164
IRM00040798,2008-05-31,TMAX,278
IRM00040831,2010-03-25,TMIN,156
IRM00040798,2009-02-21,TMAX,78
IRM00040831,2008-10-22,TMAX,354
IRM00040831,2009-01-27,TMIN,70
IRM00040800,2011-03-05,TMAX,110
IRM00040831,2015-03-23,TMAX,224
IRM00040798,2011-04-10,TMAX,170
IRM00040811,2009-11-24,TMIN,96
IRM00040831,2015-10-18,TMAX,380
IRM00040800,2012-03-06,TMIN,-52
IRM00040811,2010-10-28,TMIN,174
IRM00040831,2007-12-06,TMAX,256
IRM00040811,2012-05-27,TMAX,418
IRM00040811,2010-04-12,TMIN,216
IRM00040798,2013-09-27,TMIN,14
IRM00040811,2014-02-11,TMAX,182
IRM00040831,2014-02-12,TMAX,194
IRM00040811,2011-02-11,TMAX,190
IRM00040811,2011-02-11,TMIN,100
IRM00040800,2010-04-09,TMAX,220
IRM00040798,2006-04-02,TMAX,150
IRM00040798,2006-04-02,TMIN,6
IRM00040831,2006-03-10,TMAX,242
IRM00040831,2014-02-12,TMIN,80
IRM00040798,2013-09-27,TMAX,268
IRM00040831,2011-04-15,TMIN,138
IRM00040800,2006-03-01,TMAX,222
IRM00040831,2014-04-30,TMAX,396
IRM00040831,2009-08-02,TMIN,290
IRM00040831,2014-12-01,TMAX,190
IRM00040798,2012-01-25,TMAX,80
IRM00040798,2013-09-30,TMAX,270
IRM00040798,2007-10-05,TMIN,26
IRM00040811,2014-08-30,TMAX,440
IRM00040831,2007-09-02,TMAX,460
IRM00040811,2014-03-27,TMIN,138
IRM00040800,2010-07-01,TMAX,394
IRM00040831,2012-08-15,TMAX,460
IRM00040831,2007-03-09,TMAX,254
IRM00040831,2011-09-04,TMAX,452
IRM00040831,2011-04-15,TMAX,308
IRM00040811,2012-12-31,TMAX,192
IRM00040811,2007-05-17,TMAX,344
IRM00040811,2008-12-21,TMAX,208
IRM00040798,2015-08-28,TMIN,69
IRM00040798,2013-12-23,TMAX,34
IRM00040831,2009-08-02,TMAX,450
IRM00040831,2015-03-04,TMAX,258
IRM00040831,2007-09-02,TMIN,256
IRM00040800,2007-05-19,TMAX,254
IRM00040831,2008-10-24,TMAX,366
IRM00040798,2013-03-12,TMIN,-56
IRM00040811,2014-01-19,TMAX,176
IRM00040798,2012-03-22,TMAX,124
IRM00040811,2009-10-12,TMIN,200
IRM00040811,2005-07-31,TMIN,320
IRM00040811,2005-07-31,TMAX,502
IRM00040811,2010-02-25,TMAX,246
IRM00040811,2014-06-29,TMIN,270
IRM00040811,2012-05-26,TMAX,438
IRM00040798,2008-05-28,TMAX,272
IRM00040811,2012-01-02,TMAX,206
IRM00040798,2013-07-16,TMAX,368
IRM00040800,2013-02-26,TMAX,136
IRM00040831,2011-12-28,TMAX,166
IRM00040831,2007-07-27,TMAX,490
IRM00040811,2009-10-12,TMAX,364
IRM00040798,2011-01-12,TMIN,-108
IRM00040831,2011-12-28,TMIN,50
IRM00040800,2009-10-02,TMAX,286
IRM00040811,2014-11-28,TMIN,132
IRM00040798,2014-08-15,TMAX,334
IRM00040831,2011-08-14,TMAX,472
IRM00040811,2010-08-29,TMAX,450
IRM00040811,2012-05-07,TMAX,366
IRM00040800,2006-10-09,TMAX,278
IRM00040811,2009-01-06,TMAX,156
IRM00040811,2006-07-04,TMAX,454
IRM00040831,2015-09-28,TMAX,438
IRM00040831,2015-09-28,TMIN,250
IRM00040811,2006-07-13,TMIN,304
IRM00040811,2006-07-13,TMAX,468
IRM00040831,2013-08-13,TMAX,468
IRM00040811,2011-01-04,TMIN,86
IRM00040831,2007-05-23,TMAX,430
IRM00040811,2010-06-07,TMAX,464
IRM00040811,2007-10-10,TMIN,196
IRM00040831,2011-08-14,TMIN,274
IRM00040811,2007-10-10,TMAX,378
IRM00040831,2013-08-13,TMIN,266
IRM00040831,2014-07-15,TMAX,440
IRM00040831,2010-05-31,TMAX,444
IRM00040798,2013-06-21,TMAX,296
IRM00040798,2011-05-13,TMIN,120
IRM00040811,2012-09-11,TMIN,256
IRM00040811,2014-03-06,TMIN,166
IRM00040798,2014-02-09,TMIN,-171
IRM00040811,2014-05-20,TMIN,266
IRM00040831,2008-06-14,TMAX,418
IRM00040800,2010-01-19,TMAX,204
IRM00040811,2006-05-24,TMIN,238
IRM00040831,2011-05-29,TMAX,460
IRM00040798,2009-01-16,TMIN,-118
IRM00040798,2006-12-24,TMAX,36
IRM00040811,2013-03-14,TMIN,154
IRM00040811,2015-09-14,TMAX,448
IRM00040831,2006-09-01,TMAX,452
IRM00040831,2011-10-04,TMAX,372
IRM00040798,2010-08-12,TMIN,106
IRM00040811,2012-06-12,TMIN,282
IRM00040831,2015-05-29,TMAX,464
IRM00040811,2012-06-12,TMAX,462
IRM00040811,2014-03-06,TMAX,334
IRM00040831,2009-03-02,TMIN,138
IRM00040800,2015-10-23,TMAX,208
IRM00040800,2013-04-16,TMAX,232
IRM00040831,2014-10-18,TMAX,322
IRM00040831,2013-04-07,TMIN,190
IRM00040831,2014-04-11,TMIN,226
IRM00040798,2005-11-25,TMAX,146
IRM00040831,2013-08-25,TMAX,454
IRM00040798,2014-02-09,TMAX,41
IRM00040798,2012-11-03,TMAX,182
IRM00040798,2012-11-03,TMIN,-6
IRM00040800,2008-11-22,TMAX,182
IRM00040831,2005-02-13,TMIN,56
IRM00040831,2005-02-13,TMAX,174
IRM00040811,2015-03-05,TMAX,250
IRM00040800,2009-07-24,TMAX,378
IRM00040798,2009-09-02,TMIN,80
IRM00040811,2013-01-14,TMIN,38
IRM00040831,2014-04-20,TMAX,386
IRM00040798,2010-08-12,TMAX,320
IRM00040831,2011-05-29,TMIN,254
IRM00040811,2015-08-13,TMAX,462
IRM00040831,2013-10-08,TMAX,298
IRM00040800,2012-01-19,TMAX,116
IRM00040811,2015-06-05,TMAX,476
IRM00040831,2015-05-29,TMIN,270
IRM00040811,2015-06-05,TMIN,280
IRM00040831,2006-07-06,TMIN,290
IRM00040798,2013-09-05,TMAX,310
IRM00040831,2007-11-06,TMIN,140
IRM00040831,2007-11-06,TMAX,314
IRM00040800,2011-09-03,TMAX,330
IRM00040811,2007-12-21,TMAX,168
IRM00040798,2015-08-13,TMIN,107
IRM00040800,2014-09-30,TMAX,332
IRM00040831,2007-05-03,TMAX,400
IRM00040831,2009-08-24,TMAX,436
IRM00040831,2007-05-03,TMIN,250
IRM00040798,2014-09-11,TMAX,322
IRM00040831,2014-04-11,TMAX,306
IRM00040798,2010-10-25,TMAX,242
IRM00040811,2010-04-01,TMAX,292
IRM00040811,2012-05-22,TMAX,396
IRM00040811,2007-07-18,TMAX,410
IRM00040811,2014-06-16,TMIN,282
IRM00040811,2013-09-01,TMAX,460
IRM00040831,2007-07-24,TMAX,474
IRM00040831,2013-10-21,TMAX,304
IRM00040798,2010-08-13,TMIN,110
IRM00040798,2009-01-16,TMAX,60
IRM00040811,2014-06-16,TMAX,458
IRM00040811,2011-08-08,TMAX,456
IRM00040798,2010-09-28,TMAX,282
IRM00040811,2014-06-20,TMAX,464
IRM00040831,2007-04-06,TMAX,326
IRM00040811,2010-09-27,TMIN,276
IRM00040811,2009-02-06,TMAX,234
IRM00040798,2008-08-15,TMIN,88
IRM00040831,2006-07-06,TMAX,470
IRM00040811,2014-02-23,TMIN,104
IRM00040811,2008-04-13,TMAX,338
IRM00040800,2006-01-08,TMAX,148
IRM00040811,2014-06-20,TMIN,250
IRM00040831,2013-06-27,TMIN,286
IRM00040798,2011-02-01,TMAX,50
IRM00040798,2008-08-23,TMAX,304
IRM00040798,2008-04-07,TMAX,222
IRM00040798,2008-04-07,TMIN,16
IRM00040798,2015-09-23,TMAX,288
IRM00040798,2010-08-13,TMAX,310
IRM00040800,2006-04-02,TMAX,212
IRM00040798,2015-09-23,TMIN,34
IRM00040811,2006-02-08,TMAX,204
IRM00040831,2014-09-28,TMAX,408
IRM00040811,2012-09-11,TMAX,446
IRM00040811,2013-08-14,TMIN,290
IRM00040800,2011-10-27,TMAX,230
IRM00040811,2013-08-14,TMAX,480
IRM00040811,2010-02-11,TMAX,226
IRM00040800,2014-10-25,TMAX,256
IRM00040811,2014-05-20,TMAX,366
IRM00040811,2010-02-11,TMIN,90
IRM00040831,2011-09-12,TMIN,248
IRM00040800,2010-12-20,TMAX,172
IRM00040831,2007-05-10,TMIN,248
IRM00040811,2014-09-01,TMAX,454
IRM00040798,2009-05-19,TMAX,246
IRM00040831,2011-06-08,TMAX,488
IRM00040798,2005-11-26,TMAX,162
IRM00040831,2015-04-14,TMIN,138
IRM00040800,2012-03-27,TMAX,206
IRM00040800,2014-03-24,TMAX,154
IRM00040831,2013-01-02,TMAX,176
IRM00040831,2013-07-30,TMAX,436
IRM00040798,2011-09-20,TMAX,290
IRM00040831,2007-10-13,TMIN,222
IRM00040798,2011-09-20,TMIN,60
IRM00040798,2008-03-15,TMIN,32
IRM00040831,2013-05-31,TMAX,426
IRM00040811,2007-01-07,TMAX,162
IRM00040811,2013-01-20,TMAX,216
IRM00040798,2005-11-25,TMIN,-58
IRM00040831,2011-09-12,TMAX,416
IRM00040800,2012-03-10,TMAX,158
IRM00040798,2008-10-07,TMAX,266
IRM00040800,2010-01-16,TMAX,174
IRM00040811,2007-04-13,TMIN,162
IRM00040800,2007-01-25,TMAX,108
IRM00040811,2007-05-26,TMAX,458
IRM00040811,2014-11-28,TMAX,218
IRM00040831,2015-01-07,TMAX,244
IRM00040811,2007-03-20,TMAX,244
IRM00040798,2007-04-28,TMIN,66
IRM00040811,2014-05-27,TMIN,276
IRM00040811,2008-10-19,TMAX,356
IRM00040831,2014-09-17,TMIN,248
IRM00040811,2009-05-07,TMAX,374
IRM00040831,2008-06-17,TMAX,440
IRM00040798,2008-08-23,TMIN,122
IRM00040811,2009-05-07,TMIN,268
IRM00040811,2012-04-23,TMAX,360
IRM00040811,2012-04-23,TMIN,194
IRM00040798,2007-06-13,TMIN,90
IRM00040800,2015-05-02,TMAX,304
IRM00040798,2013-07-19,TMAX,370
IRM00040798,2011-05-13,TMAX,258
IRM00040798,2006-07-29,TMIN,120
IRM00040811,2007-03-20,TMIN,92
IRM00040811,2007-05-26,TMIN,280
IRM00040798,2013-05-16,TMAX,246
IRM00040811,2010-08-25,TMAX,476
IRM00040800,2013-12-22,TMAX,60
IRM00040798,2010-05-18,TMAX,270
IRM00040798,2006-03-17,TMAX,150
IRM00040800,2014-08-05,TMAX,388
IRM00040798,2008-01-21,TMAX,68
IRM00040800,2008-01-11,TMAX,-10
IRM00040831,2007-03-24,TMAX,270
IRM00040798,2006-10-17,TMIN,80
IRM00040811,2007-04-13,TMAX,280
IRM00040811,2013-12-15,TMAX,142
IRM00040798,2010-09-28,TMIN,74
IRM00040798,2007-04-28,TMAX,210
IRM00040798,2006-07-29,TMAX,340
IRM00040800,2006-08-24,TMAX,352
IRM00040831,2009-08-24,TMIN,310
IRM00040831,2012-08-08,TMAX,478
IRM00040800,2011-09-20,TMAX,316
IRM00040798,2012-12-18,TMAX,104
IRM00040800,2009-01-30,TMAX,94
IRM00040798,2014-06-29,TMIN,120
IRM00040798,2011-03-16,TMAX,130
IRM00040811,2014-09-14,TMAX,424
IRM00040811,2007-09-04,TMIN,306
IRM00040831,2014-02-20,TMIN,118
IRM00040831,2015-04-30,TMAX,416
IRM00040798,2009-09-18,TMIN,50
IRM00040798,2011-03-16,TMIN,-34
IRM00040800,2009-03-06,TMAX,140
IRM00040831,2013-08-22,TMAX,478
IRM00040798,2014-04-06,TMAX,193
IRM00040800,2013-01-30,TMAX,154
IRM00040800,2011-11-02,TMAX,174
IRM00040831,2012-02-16,TMAX,216
IRM00040811,2015-12-21,TMAX,174
IRM00040831,2011-04-01,TMIN,166
IRM00040798,2015-08-19,TMAX,335
IRM00040798,2006-12-15,TMIN,-166
IRM00040831,2012-03-03,TMAX,158
IRM00040831,2008-04-25,TMAX,424
IRM00040811,2014-10-22,TMAX,278
IRM00040811,2011-07-15,TMIN,322
IRM00040831,2011-08-23,TMAX,482
IRM00040798,2014-05-04,TMAX,231
IRM00040811,2006-09-07,TMAX,436
IRM00040800,2012-10-29,TMAX,214
IRM00040798,2014-08-10,TMAX,352
IRM00040798,2010-03-12,TMAX,224
IRM00040798,2014-05-04,TMIN,17
IRM00040800,2012-05-02,TMAX,264
IRM00040798,2006-08-13,TMIN,94
IRM00040831,2014-10-27,TMAX,322
IRM00040811,2010-02-14,TMIN,130
IRM00040831,2006-11-02,TMAX,350
IRM00040831,2015-05-27,TMAX,446
IRM00040811,2014-12-10,TMAX,254
IRM00040800,2011-09-11,TMAX,340
IRM00040800,2006-01-21,TMAX,70
IRM00040800,2013-03-07,TMAX,118
IRM00040800,2008-11-29,TMAX,152
IRM00040798,2008-10-16,TMAX,262
IRM00040798,2015-08-19,TMIN,78
IRM00040798,2006-02-20,TMIN,-58
IRM00040798,2009-05-03,TMIN,8
IRM00040798,2012-06-21,TMAX,264
IRM00040831,2015-08-11,TMIN,308
IRM00040831,2007-10-14,TMIN,230
IRM00040811,2008-06-05,TMAX,444
IRM00040798,2006-05-30,TMAX,298
IRM00040798,2010-01-15,TMAX,136
IRM00040831,2014-11-28,TMAX,226
IRM00040811,2006-06-19,TMIN,284
IRM00040811,2005-07-30,TMAX,490
IRM00040811,2012-09-22,TMAX,420
IRM00040798,2012-11-14,TMIN,30
IRM00040831,2013-03-03,TMAX,288
IRM00040798,2013-10-11,TMAX,232
IRM00040800,2012-05-05,TMAX,298
IRM00040798,2014-10-11,TMAX,235
IRM00040800,2009-12-16,TMAX,104
IRM00040798,2007-10-23,TMIN,8
IRM00040800,2015-02-08,TMAX,166
IRM00040798,2006-02-20,TMAX,104
IRM00040800,2014-12-03,TMAX,162
IRM00040798,2010-04-19,TMAX,168
IRM00040831,2007-05-31,TMIN,276
IRM00040811,2012-04-10,TMIN,192
IRM00040798,2009-05-23,TMAX,282
IRM00040811,2011-12-12,TMAX,168
IRM00040831,2008-04-25,TMIN,220
IRM00040831,2013-04-01,TMAX,348
IRM00040831,2012-11-30,TMIN,100
IRM00040798,2012-06-21,TMIN,80
IRM00040831,2012-11-30,TMAX,216
IRM00040798,2013-10-11,TMIN,16
IRM00040800,2006-02-18,TMAX,136
IRM00040811,2010-01-23,TMAX,228
IRM00040798,2007-03-04,TMAX,130
IRM00040811,2012-04-13,TMAX,302
IRM00040811,2005-08-24,TMAX,468
IRM00040831,2011-05-30,TMAX,474
IRM00040800,2008-05-21,TMAX,312
IRM00040811,2010-02-14,TMAX,274
IRM00040811,2008-10-01,TMAX,386
IRM00040811,2012-04-26,TMAX,364
IRM00040800,2010-11-03,TMAX,158
IRM00040831,2009-12-28,TMAX,210
IRM00040831,2008-09-01,TMIN,276
IRM00040798,2006-04-13,TMAX,168
IRM00040798,2010-07-22,TMIN,142
IRM00040798,2006-08-23,TMAX,318
IRM00040811,2014-07-16,TMAX,482
IRM00040811,2014-06-08,TMAX,472
IRM00040811,2007-07-13,TMIN,300
IRM00040811,2007-07-13,TMAX,460
IRM00040798,2006-04-13,TMIN,4
IRM00040798,2010-07-22,TMAX,366
IRM00040831,2009-07-30,TMAX,434
IRM00040831,2006-05-26,TMIN,270
IRM00040811,2006-09-18,TMIN,212
IRM00040811,2010-01-30,TMAX,232
IRM00040811,2010-06-21,TMIN,316
IRM00040831,2009-01-28,TMAX,230
IRM00040831,2008-03-10,TMAX,340
IRM00040811,2011-02-26,TMAX,256
IRM00040800,2009-07-27,TMAX,394
IRM00040811,2009-01-09,TMAX,195
IRM00040811,2006-09-04,TMIN,288
IRM00040831,2015-08-19,TMAX,498
IRM00040831,2011-07-11,TMIN,294
IRM00040811,2009-05-21,TMAX,442
IRM00040831,2008-06-19,TMIN,278
IRM00040798,2014-07-25,TMAX,352
IRM00040800,2013-01-28,TMAX,160
IRM00040798,2014-07-25,TMIN,142
IRM00040811,2006-09-04,TMAX,456
IRM00040811,2011-09-09,TMIN,252
IRM00040798,2005-12-02,TMAX,164
IRM00040831,2013-04-23,TMAX,328
IRM00040800,2006-05-28,TMAX,312
IRM00040811,2015-02-15,TMAX,232
IRM00040798,2008-06-15,TMAX,334
IRM00040798,2013-08-28,TMAX,320
IRM00040800,2010-07-28,TMIN,178
IRM00040811,2010-01-30,TMIN,90
IRM00040798,2011-09-13,TMAX,304
IRM00040798,2014-11-19,TMIN,-24
IRM00040798,2006-08-23,TMIN,102
IRM00040798,2008-04-17,TMAX,224
IRM00040811,2007-10-03,TMAX,394
IRM00040811,2009-03-26,TMIN,116
IRM00040798,2010-03-12,TMIN,-20
IRM00040800,2010-02-03,TMAX,136
IRM00040798,2011-09-13,TMIN,56
IRM00040798,2008-04-01,TMAX,210
IRM00040800,2008-01-06,TMAX,50
IRM00040811,2009-03-26,TMAX,256
IRM00040811,2012-09-07,TMAX,442
IRM00040800,2009-12-09,TMAX,94
IRM00040798,2014-07-12,TMIN,116
IRM00040800,2014-11-12,TMAX,144
IRM00040800,2008-03-01,TMAX,216
IRM00040811,2008-12-12,TMAX,180
IRM00040831,2006-06-29,TMAX,460
IRM00040798,2011-07-03,TMAX,358
IRM00040831,2014-02-20,TMAX,246
IRM00040800,2008-04-26,TMAX,310
IRM00040798,2011-07-03,TMIN,156
IRM00040800,2015-01-22,TMAX,122
IRM00040798,2008-04-01,TMIN,0
IRM00040798,2010-12-09,TMAX,144
IRM00040798,2010-05-02,TMIN,56
IRM00040811,2006-09-18,TMAX,376
IRM00040798,2011-02-20,TMIN,-46
IRM00040831,2006-11-10,TMAX,216
IRM00040811,2013-10-31,TMAX,286
IRM00040831,2015-07-23,TMAX,466
IRM00040800,2014-08-14,TMAX,386
IRM00040798,2005-12-27,TMAX,40
IRM00040800,2007-01-22,TMAX,50
IRM00040798,2011-02-20,TMAX,124
IRM00040831,2006-11-02,TMIN,238
IRM00040800,2009-05-09,TMAX,282
IRM00040811,2007-01-14,TMAX,146
IRM00040798,2015-03-02,TMAX,125
IRM00040811,2005-08-14,TMAX,464
IRM00040798,2008-05-10,TMAX,226
IRM00040811,2007-09-22,TMAX,434
IRM00040798,2013-04-21,TMAX,148
IRM00040831,2006-10-28,TMIN,194
IRM00040798,2014-05-17,TMAX,231
IRM00040831,2013-11-20,TMAX,226
IRM00040798,2007-03-24,TMAX,158
IRM00040831,2013-11-04,TMAX,272
IRM00040798,2006-03-10,TMAX,150
IRM00040800,2013-03-03,TMAX,212
IRM00040831,2010-12-30,TMAX,234
IRM00040798,2015-07-31,TMIN,110
IRM00040811,2014-08-24,TMIN,306
IRM00040811,2008-06-30,TMIN,334
IRM00040800,2012-12-14,TMAX,106
IRM00040811,2014-10-25,TMIN,180
IRM00040811,2008-06-30,TMAX,482
IRM00040800,2015-03-08,TMAX,208
IRM00040798,2007-03-24,TMIN,-24
IRM00040831,2010-07-19,TMAX,458
IRM00040811,2007-06-12,TMAX,472
IRM00040811,2011-07-08,TMIN,300
IRM00040831,2008-02-28,TMAX,220
IRM00040831,2005-12-04,TMAX,246
IRM00040798,2007-12-12,TMAX,120
IRM00040798,2015-07-31,TMAX,323
IRM00040800,2011-02-24,TMAX,196
IRM00040831,2014-01-20,TMAX,190
IRM00040811,2008-06-23,TMIN,300
IRM00040800,2010-05-17,TMAX,300
IRM00040798,2014-08-10,TMIN,110
IRM00040831,2015-08-24,TMIN,280
IRM00040831,2010-07-19,TMIN,318
IRM00040800,2011-12-01,TMAX,82
IRM00040811,2007-06-12,TMIN,304
IRM00040798,2008-10-03,TMIN,22
IRM00040798,2014-12-31,TMAX,133
IRM00040798,2014-06-18,TMAX,326
IRM00040831,2013-04-06,TMAX,284
IRM00040798,2014-05-17,TMIN,16
IRM00040811,2014-10-25,TMAX,344
IRM00040800,2010-04-26,TMAX,244
IRM00040798,2008-05-02,TMAX,196
IRM00040831,2008-04-16,TMIN,204
IRM00040811,2014-01-06,TMAX,112
IRM00040798,2007-06-18,TMAX,336
IRM00040798,2008-11-12,TMAX,90
IRM00040831,2012-09-30,TMIN,220
IRM00040831,2012-09-30,TMAX,414
IRM00040798,2008-01-26,TMIN,-190
IRM00040831,2011-04-23,TMIN,200
IRM00040831,2011-04-23,TMAX,388
IRM00040831,2010-01-13,TMIN,114
IRM00040831,2014-06-26,TMAX,470
IRM00040831,2014-06-26,TMIN,300
IRM00040811,2007-07-26,TMIN,308
IRM00040798,2007-06-18,TMIN,94
IRM00040831,2013-08-29,TMAX,454
IRM00040798,2009-03-16,TMIN,68
IRM00040798,2011-01-26,TMAX,100
IRM00040831,2012-07-17,TMAX,482
IRM00040800,2015-11-18,TMAX,206
IRM00040798,2008-06-15,TMIN,96
IRM00040831,2010-12-30,TMIN,40
IRM00040831,2014-12-17,TMAX,168
IRM00040800,2012-02-16,TMAX,116
IRM00040800,2011-02-13,TMAX,124
IRM00040798,2012-09-30,TMIN,24
IRM00040811,2005-09-04,TMAX,436
IRM00040800,2009-01-18,TMAX,112
IRM00040831,2012-09-26,TMAX,414
IRM00040831,2010-03-21,TMAX,256
IRM00040811,2005-09-04,TMIN,288
IRM00040811,2012-02-02,TMAX,172
IRM00040831,2012-07-17,TMIN,300
IRM00040811,2011-08-24,TMAX,460
IRM00040800,2011-01-29,TMAX,128
IRM00040798,2012-11-25,TMIN,-16
IRM00040798,2012-11-25,TMAX,102
IRM00040800,2011-03-30,TMAX,196
IRM00040811,2010-12-26,TMAX,196
IRM00040798,2011-03-09,TMAX,114
IRM00040798,2008-07-17,TMAX,324
IRM00040831,2009-01-22,TMAX,194
IRM00040831,2014-10-13,TMAX,356
IRM00040800,2010-11-10,TMAX,210
IRM00040811,2007-01-03,TMIN,18
IRM00040831,2008-06-19,TMAX,452
IRM00040798,2006-02-05,TMAX,100
IRM00040798,2015-11-20,TMAX,116
IRM00040831,2009-02-24,TMAX,244
IRM00040800,2008-08-22,TMAX,340
IRM00040811,2015-10-24,TMAX,352
IRM00040811,2009-06-27,TMIN,288
IRM00040798,2013-11-05,TMAX,158
IRM00040831,2015-08-11,TMAX,476
IRM00040831,2008-04-16,TMAX,372
IRM00040798,2014-09-28,TMIN,32
IRM00040811,2014-12-10,TMIN,120
IRM00040831,2015-11-21,TMAX,232
IRM00040831,2006-11-22,TMAX,220
IRM00040800,2010-03-14,TMAX,252
IRM00040811,2014-07-20,TMIN,308
IRM00040800,2010-07-27,TMAX,364
IRM00040811,2007-01-03,TMAX,144
IRM00040798,2011-10-03,TMIN,0
IRM00040831,2006-11-01,TMAX,354
IRM00040798,2006-05-30,TMIN,42
IRM00040798,2006-12-15,TMAX,20
IRM00040800,2011-07-11,TMAX,352
IRM00040800,2015-03-05,TMAX,166
IRM00040811,2007-06-18,TMIN,300
IRM00040811,2007-06-18,TMAX,462
IRM00040831,2009-07-24,TMIN,290
IRM00040798,2012-11-14,TMAX,114
IRM00040811,2007-09-22,TMIN,238
IRM00040800,2005-03-29,TMAX,234
IRM00040800,2005-07-31,TMAX,364
IRM00040831,2013-03-03,TMIN,158
IRM00040798,2008-03-11,TMIN,-16
IRM00040798,2014-09-28,TMAX,278
IRM00040800,2014-07-21,TMAX,400
IRM00040811,2006-02-13,TMAX,210
IRM00040800,2012-11-11,TMAX,222
IRM00040831,2014-03-01,TMAX,242
IRM00040800,2014-11-25,TMAX,106
IRM00040811,2007-11-16,TMAX,312
IRM00040811,2008-11-26,TMIN,126
IRM00040831,2014-05-03,TMAX,390
IRM00040831,2010-04-10,TMAX,342
IRM00040800,2012-08-18,TMAX,366
IRM00040798,2012-09-30,TMAX,234
IRM00040811,2012-09-07,TMIN,276
IRM00040800,2013-12-25,TMAX,94
IRM00040811,2014-10-22,TMIN,148
IRM00040811,2011-06-11,TMIN,296
IRM00040831,2009-12-04,TMAX,206
IRM00040800,2011-06-18,TMAX,384
IRM00040811,2014-08-24,TMAX,458
IRM00040831,2010-06-14,TMAX,520
IRM00040798,2008-07-17,TMIN,90
IRM00040831,2013-11-04,TMIN,50
IRM00040831,2005-12-04,TMIN,110
IRM00040811,2012-08-08,TMAX,466
IRM00040811,2014-07-20,TMAX,436
IRM00040798,2008-01-26,TMAX,60
IRM00040798,2011-05-26,TMAX,280
IRM00040811,2013-04-08,TMAX,370
IRM00040800,2014-03-21,TMAX,192
IRM00040800,2012-04-08,TMAX,236
IRM00040811,2011-04-07,TMIN,166
IRM00040811,2011-04-07,TMAX,314
IRM00040800,2013-09-28,TMAX,310
IRM00040831,2006-10-28,TMAX,356
IRM00040811,2008-07-06,TMIN,280
IRM00040811,2005-03-30,TMIN,156
IRM00040811,2008-07-06,TMAX,452
IRM00040831,2012-08-24,TMIN,248
IRM00040831,2007-02-24,TMIN,120
IRM00040831,2015-12-23,TMAX,160
IRM00040800,2006-09-21,TMAX,292
IRM00040811,2008-08-31,TMAX,468
IRM00040798,2015-10-23,TMAX,192
IRM00040798,2005-04-03,TMAX,170
IRM00040831,2012-08-24,TMAX,460
IRM00040831,2007-02-24,TMAX,260
IRM00040800,2010-07-16,TMAX,392
IRM00040831,2006-05-26,TMAX,420
IRM00040811,2009-01-09,TMIN,50
IRM00040798,2015-04-23,TMAX,207
IRM00040831,2013-05-09,TMIN,240
IRM00040798,2010-11-06,TMAX,180
IRM00040800,2012-01-03,TMAX,126
IRM00040800,2006-01-09,TMIN,-32
IRM00040831,2008-02-29,TMAX,254
IRM00040798,2008-05-27,TMIN,54
IRM00040798,2015-01-09,TMIN,-28
IRM00040798,2008-05-27,TMAX,280
IRM00040800,2010-10-13,TMAX,274
IRM00040831,2015-03-16,TMAX,296
IRM00040811,2007-11-01,TMAX,300
IRM00040831,2013-08-24,TMAX,464
IRM00040811,2011-07-06,TMAX,454
IRM00040831,2013-08-24,TMIN,268
IRM00040811,2014-11-04,TMAX,304
IRM00040831,2014-02-22,TMAX,262
IRM00040811,2010-09-30,TMAX,410
IRM00040811,2012-08-26,TMIN,290
IRM00040798,2015-03-26,TMAX,135
IRM00040798,2013-12-31,TMAX,80
IRM00040798,2015-07-15,TMAX,343
IRM00040811,2012-01-01,TMAX,214
IRM00040811,2007-08-01,TMAX,488
IRM00040811,2011-09-19,TMIN,228
IRM00040798,2010-11-06,TMIN,-26
IRM00040831,2007-12-22,TMIN,52
IRM00040798,2011-02-18,TMIN,-50
IRM00040798,2015-01-09,TMAX,97
IRM00040831,2011-11-07,TMIN,110
IRM00040800,2009-04-01,TMAX,116
IRM00040811,2013-03-28,TMIN,156
IRM00040800,2007-02-17,TMAX,134
IRM00040831,2011-05-03,TMAX,354
IRM00040811,2005-03-30,TMAX,318
IRM00040811,2005-12-26,TMAX,154
IRM00040798,2011-05-12,TMAX,270
IRM00040800,2008-03-19,TMAX,238
IRM00040831,2008-07-13,TMIN,294
IRM00040800,2011-07-19,TMAX,370
IRM00040798,2011-10-25,TMAX,218
IRM00040798,2011-03-18,TMIN,-66
IRM00040831,2008-07-30,TMAX,460
IRM00040831,2008-07-30,TMIN,300
IRM00040798,2014-10-25,TMAX,221
IRM00040811,2015-07-17,TMIN,328
IRM00040800,2010-11-11,TMAX,200
IRM00040798,2015-09-18,TMAX,269
IRM00040831,2012-11-20,TMAX,190
IRM00040831,2011-11-23,TMAX,214
IRM00040798,2014-10-25,TMIN,-34
IRM00040831,2015-06-23,TMAX,436
IRM00040798,2011-02-18,TMAX,84
IRM00040831,2015-01-05,TMAX,214
IRM00040831,2006-01-27,TMAX,154
IRM00040800,2008-03-27,TMAX,290
IRM00040831,2012-10-12,TMIN,228
IRM00040831,2009-11-08,TMAX,324
IRM00040798,2009-01-31,TMAX,98
IRM00040811,2007-08-01,TMIN,296
IRM00040811,2011-01-30,TMIN,128
IRM00040798,2013-08-28,TMIN,82
IRM00040811,2014-09-04,TMIN,284
IRM00040831,2009-03-16,TMIN,170
IRM00040798,2014-11-19,TMAX,127
IRM00040831,2011-04-04,TMIN,236
IRM00040831,2009-10-25,TMAX,336
IRM00040798,2014-01-15,TMAX,48
IRM00040798,2011-10-25,TMIN,-50
IRM00040800,2013-10-06,TMAX,306
IRM00040811,2015-07-17,TMAX,496
IRM00040811,2010-05-10,TMIN,244
IRM00040831,2010-02-11,TMAX,218
IRM00040798,2013-09-12,TMAX,296
IRM00040811,2010-05-10,TMAX,396
IRM00040831,2008-07-13,TMAX,488
IRM00040831,2009-03-16,TMAX,290
IRM00040798,2015-09-18,TMIN,83
IRM00040831,2012-05-24,TMAX,378
IRM00040831,2007-10-14,TMAX,392
IRM00040800,2012-04-10,TMAX,250
IRM00040811,2008-03-30,TMIN,196
IRM00040800,2012-06-09,TMAX,374
IRM00040811,2013-10-17,TMAX,364
IRM00040831,2008-09-13,TMIN,250
IRM00040798,2011-02-27,TMIN,10
IRM00040800,2014-07-09,TMAX,374
IRM00040798,2015-03-26,TMIN,0
IRM00040800,2009-11-27,TMAX,168
IRM00040831,2006-01-04,TMAX,206
IRM00040811,2015-04-21,TMIN,168
IRM00040811,2013-09-10,TMAX,428
IRM00040811,2012-04-10,TMAX,356
IRM00040831,2014-12-14,TMAX,266
IRM00040831,2013-07-24,TMAX,468
IRM00040811,2015-04-21,TMAX,368
IRM00040798,2012-02-10,TMIN,48
IRM00040798,2009-08-16,TMAX,348
IRM00040798,2014-01-09,TMAX,-68
IRM00040800,2013-09-14,TMAX,352
IRM00040798,2015-07-18,TMIN,115
IRM00040798,2006-08-26,TMIN,82
IRM00040811,2013-04-08,TMIN,176
IRM00040798,2010-03-21,TMAX,158
IRM00040811,2013-10-31,TMIN,178
IRM00040798,2011-12-08,TMIN,-114
IRM00040831,2010-03-24,TMAX,284
IRM00040811,2012-08-26,TMAX,456
IRM00040831,2011-02-10,TMIN,78
IRM00040798,2008-12-29,TMIN,-102
IRM00040800,2007-04-09,TMIN,100
IRM00040798,2011-10-22,TMIN,-46
IRM00040831,2008-03-21,TMAX,328
IRM00040798,2006-08-26,TMAX,302
IRM00040811,2014-05-25,TMIN,310
IRM00040811,2013-10-17,TMIN,144
IRM00040831,2008-10-06,TMIN,202
IRM00040811,2009-11-22,TMIN,96
IRM00040811,2011-03-05,TMAX,212
IRM00040798,2014-08-09,TMIN,120
IRM00040798,2010-12-16,TMAX,142
IRM00040798,2012-02-10,TMAX,112
IRM00040798,2013-10-12,TMIN,18
IRM00040811,2013-11-01,TMIN,208
IRM00040798,2009-01-02,TMAX,62
IRM00040831,2013-05-09,TMAX,360
IRM00040798,2005-01-23,TMAX,20
IRM00040811,2005-10-28,TMAX,344
IRM00040811,2013-03-28,TMAX,324
IRM00040811,2005-10-28,TMIN,166
IRM00040800,2013-02-17,TMAX,188
IRM00040811,2013-03-31,TMAX,334
IRM00040811,2015-01-17,TMAX,184
IRM00040831,2008-07-11,TMAX,466
IRM00040831,2011-05-03,TMIN,196
IRM00040798,2011-05-12,TMIN,100
IRM00040811,2014-03-17,TMIN,98
IRM00040811,2011-09-19,TMAX,432
IRM00040798,2013-12-31,TMIN,-96
IRM00040798,2015-07-15,TMIN,99
IRM00040811,2012-01-07,TMAX,226
IRM00040800,2012-05-06,TMAX,282
IRM00040811,2010-01-27,TMAX,158
IRM00040831,2014-07-27,TMAX,466
IRM00040811,2009-10-03,TMIN,220
IRM00040798,2015-04-23,TMIN,89
IRM00040798,2009-08-16,TMIN,110
IRM00040831,2013-07-24,TMIN,310
IRM00040798,2011-09-23,TMIN,12
IRM00040811,2009-10-03,TMAX,382
IRM00040831,2014-12-14,TMIN,134
IRM00040800,2012-10-01,TMAX,272
IRM00040811,2012-05-16,TMAX,392
IRM00040831,2008-02-11,TMAX,250
IRM00040811,2008-11-07,TMAX,258
IRM00040798,2014-01-15,TMIN,-152
IRM00040811,2012-05-16,TMIN,266
IRM00040798,2012-10-26,TMIN,22
IRM00040811,2013-11-01,TMAX,292
IRM00040831,2012-01-07,TMAX,210
IRM00040811,2012-01-01,TMIN,120
IRM00040811,2014-03-17,TMAX,236
IRM00040798,2014-02-19,TMAX,86
IRM00040800,2011-01-16,TMAX,96
IRM00040798,2013-10-12,TMAX,240
IRM00040798,2009-01-31,TMIN,-114
IRM00040811,2014-09-04,TMAX,458
IRM00040831,2009-12-14,TMAX,208
IRM00040831,2008-03-10,TMIN,116
IRM00040798,2015-03-02,TMIN,-83
IRM00040798,2014-03-23,TMIN,-34
IRM00040798,2007-04-06,TMIN,-4
IRM00040798,2012-12-13,TMAX,84
IRM00040831,2010-12-19,TMAX,250
IRM00040831,2011-04-04,TMAX,312
IRM00040811,2007-03-25,TMIN,172
IRM00040831,2013-04-25,TMAX,308
IRM00040811,2009-05-21,TMIN,234
IRM00040811,2011-08-22,TMIN,302
IRM00040798,2014-03-23,TMAX,142
IRM00040798,2013-05-16,TMIN,56
IRM00040831,2013-02-27,TMAX,262
IRM00040831,2015-10-19,TMAX,378
IRM00040800,2014-02-12,TMAX,100
IRM00040831,2009-10-06,TMAX,374
IRM00040811,2007-03-25,TMAX,244
IRM00040800,2015-02-04,TMAX,194
IRM00040831,2014-05-01,TMIN,260
IRM00040811,2013-03-19,TMIN,148
IRM00040811,2015-12-12,TMAX,200
IRM00040831,2013-02-27,TMIN,106
IRM00040798,2005-12-27,TMIN,-90
IRM00040831,2013-12-15,TMAX,142
IRM00040800,2015-12-11,TMAX,80
IRM00040811,2008-10-05,TMAX,376
IRM00040811,2015-05-04,TMIN,210
IRM00040798,2007-04-06,TMAX,190
IRM00040798,2006-07-22,TMAX,314
IRM00040831,2008-09-01,TMAX,490
IRM00040831,2005-11-07,TMAX,286
IRM00040811,2006-03-22,TMAX,282
IRM00040831,2006-11-24,TMAX,234
IRM00040800,2006-11-11,TMAX,190
IRM00040811,2013-09-06,TMAX,434
IRM00040831,2013-10-31,TMAX,270
IRM00040811,2015-02-24,TMAX,194
IRM00040831,2006-09-06,TMAX,402
IRM00040800,2009-07-02,TMAX,386
IRM00040811,2011-08-22,TMAX,442
IRM00040798,2012-01-15,TMIN,-128
IRM00040800,2012-03-13,TMAX,210
IRM00040831,2015-01-09,TMAX,156
IRM00040811,2011-04-23,TMAX,378
IRM00040811,2013-07-19,TMAX,490
IRM00040831,2007-03-01,TMAX,226
IRM00040800,2014-01-11,TMAX,28
IRM00040798,2014-12-31,TMIN,-101
IRM00040800,2013-06-05,TMAX,368
IRM00040798,2013-10-21,TMAX,220
IRM00040811,2005-08-14,TMIN,290
IRM00040831,2011-07-11,TMAX,434
IRM00040831,2013-04-25,TMIN,170
IRM00040831,2007-03-01,TMIN,120
IRM00040798,2006-06-12,TMIN,94
IRM00040811,2014-06-08,TMIN,294
IRM00040831,2012-10-12,TMAX,402
IRM00040811,2007-01-17,TMAX,116
IRM00040831,2006-08-18,TMAX,468
IRM00040831,2015-01-09,TMIN,50
IRM00040831,2013-01-19,TMAX,210
IRM00040798,2005-10-20,TMIN,18
IRM00040811,2008-03-30,TMAX,370
IRM00040831,2014-03-20,TMIN,156
IRM00040831,2014-03-20,TMAX,298
IRM00040798,2012-12-13,TMIN,-84
IRM00040811,2005-09-11,TMAX,466
IRM00040831,2015-02-21,TMAX,170
IRM00040811,2005-09-11,TMIN,240
IRM00040831,2015-02-21,TMIN,90
IRM00040800,2009-04-11,TMAX,206
IRM00040798,2011-06-15,TMAX,320
IRM00040811,2011-09-09,TMAX,438
IRM00040811,2011-04-23,TMIN,188
IRM00040798,2005-10-20,TMAX,216
IRM00040811,2013-02-28,TMIN,128
IRM00040798,2006-07-22,TMIN,104
IRM00040811,2013-02-28,TMAX,266
IRM00040798,2007-12-12,TMIN,-62
IRM00040798,2013-07-31,TMAX,344
IRM00040811,2009-08-27,TMAX,470
IRM00040798,2006-11-30,TMIN,-70
IRM00040798,2013-07-03,TMAX,330
IRM00040798,2013-12-17,TMIN,-110
IRM00040798,2013-07-03,TMIN,96
IRM00040831,2012-06-29,TMIN,288
IRM00040831,2012-06-29,TMAX,456
IRM00040798,2010-07-24,TMIN,116
IRM00040798,2007-10-23,TMAX,212
IRM00040800,2015-12-21,TMAX,96
IRM00040831,2008-08-11,TMIN,284
IRM00040800,2009-03-09,TMAX,226
IRM00040798,2013-09-12,TMIN,56
IRM00040831,2009-11-21,TMAX,186
IRM00040798,2009-04-18,TMAX,160
IRM00040798,2011-04-11,TMAX,184
IRM00040831,2009-11-21,TMIN,98
IRM00040831,2008-09-08,TMIN,304
IRM00040831,2006-03-31,TMIN,150
IRM00040811,2011-06-23,TMAX,456
IRM00040831,2006-03-31,TMAX,292
IRM00040831,2009-09-24,TMIN,240
IRM00040800,2006-03-17,TMAX,202
IRM00040800,2008-05-28,TMAX,326
IRM00040831,2009-05-26,TMAX,448
IRM00040811,2014-11-24,TMAX,268
IRM00040811,2009-01-27,TMAX,210
IRM00040831,2011-03-04,TMAX,204
IRM00040800,2008-05-29,TMAX,338
IRM00040811,2012-10-23,TMAX,352
IRM00040800,2011-08-23,TMAX,380
IRM00040798,2008-07-01,TMIN,102
IRM00040798,2008-07-01,TMAX,296
IRM00040811,2012-10-23,TMIN,248
IRM00040831,2010-06-01,TMIN,288
IRM00040831,2015-08-02,TMIN,316
IRM00040831,2015-03-22,TMAX,242
IRM00040831,2015-08-02,TMAX,484
IRM00040811,2007-02-07,TMAX,202
IRM00040798,2008-09-29,TMAX,264
IRM00040798,2013-08-04,TMAX,366
IRM00040811,2006-03-22,TMIN,118
IRM00040811,2008-07-08,TMIN,290
IRM00040798,2005-09-29,TMIN,14
IRM00040800,2015-04-05,TMAX,234
IRM00040800,2011-06-13,TMAX,350
IRM00040798,2009-01-01,TMAX,100
IRM00040811,2010-12-21,TMAX,224
IRM00040811,2008-09-03,TMAX,435
IRM00040811,2010-12-21,TMIN,108
IRM00040811,2008-07-11,TMIN,290
IRM00040800,2006-03-03,TMAX,198
IRM00040831,2014-03-01,TMIN,140
IRM00040811,2012-04-13,TMIN,196
IRM00040831,2007-05-31,TMAX,430
IRM00040811,2007-01-10,TMAX,136
IRM00040831,2015-06-23,TMIN,280
IRM00040811,2011-07-05,TMAX,434
IRM00040811,2015-05-04,TMAX,386
IRM00040811,2013-07-19,TMIN,292
IRM00040811,2008-07-11,TMAX,462
IRM00040831,2009-03-20,TMAX,318
IRM00040811,2014-07-04,TMIN,286
IRM00040811,2010-12-22,TMAX,216
IRM00040831,2009-03-20,TMIN,158
IRM00040811,2011-01-12,TMAX,158
IRM00040831,2014-03-27,TMAX,302
IRM00040831,2007-04-18,TMIN,194
IRM00040811,2014-07-04,TMAX,464
IRM00040798,2013-08-04,TMIN,138
IRM00040798,2011-09-25,TMAX,272
IRM00040798,2015-03-11,TMAX,48
IRM00040811,2013-03-02,TMAX,244
IRM00040811,2008-07-08,TMAX,438
IRM00040831,2009-10-29,TMAX,320
IRM00040811,2008-04-07,TMAX,344
IRM00040831,2006-02-16,TMAX,182
IRM00040800,2013-02-20,TMAX,168
IRM00040831,2007-04-18,TMAX,354
IRM00040811,2009-08-27,TMIN,310
IRM00040811,2013-03-19,TMAX,246
IRM00040831,2008-08-11,TMAX,476
IRM00040811,2010-07-14,TMIN,310
IRM00040798,2008-10-16,TMIN,30
IRM00040798,2013-03-14,TMAX,190
IRM00040811,2008-10-13,TMAX,375
IRM00040798,2005-11-05,TMIN,20
IRM00040811,2014-12-26,TMIN,68
IRM00040811,2006-02-05,TMIN,110
IRM00040798,2005-10-31,TMIN,-24
IRM00040831,2014-09-18,TMAX,420
IRM00040800,2008-08-10,TMAX,372
IRM00040798,2012-04-04,TMAX,160
IRM00040800,2014-09-17,TMAX,334
IRM00040811,2009-08-05,TMAX,474
IRM00040811,2009-08-05,TMIN,298
IRM00040831,2006-04-18,TMIN,218
IRM00040811,2014-10-16,TMIN,250
IRM00040798,2007-06-05,TMAX,278
IRM00040831,2012-12-09,TMIN,160
IRM00040798,2012-08-31,TMIN,84
IRM00040798,2010-01-08,TMAX,118
IRM00040800,2011-10-14,TMAX,296
IRM00040798,2007-06-27,TMAX,314
IRM00040798,2012-04-24,TMAX,222
IRM00040811,2008-02-16,TMAX,176
IRM00040800,2014-03-28,TMAX,210
IRM00040798,2014-01-17,TMAX,-24
IRM00040798,2007-02-25,TMAX,136
IRM00040811,2007-05-09,TMAX,426
IRM00040798,2014-01-17,TMIN,-186
IRM00040831,2014-10-30,TMAX,312
IRM00040811,2012-04-26,TMIN,188
IRM00040831,2005-11-03,TMAX,298
IRM00040800,2010-10-20,TMAX,292
IRM00040798,2007-06-05,TMIN,58
IRM00040831,2008-10-14,TMIN,204
IRM00040831,2008-10-14,TMAX,398
IRM00040798,2011-06-22,TMAX,344
IRM00040798,2012-04-24,TMIN,20
IRM00040831,2013-12-26,TMAX,168
IRM00040798,2008-02-15,TMAX,66
IRM00040798,2005-10-31,TMAX,208
IRM00040800,2007-12-24,TMAX,50
IRM00040811,2014-10-15,TMAX,350
IRM00040798,2012-04-04,TMIN,4
IRM00040831,2008-02-05,TMAX,196
IRM00040800,2006-12-29,TMAX,64
IRM00040831,2011-10-21,TMAX,276
IRM00040831,2007-05-22,TMAX,430
IRM00040798,2015-03-24,TMIN,-75
IRM00040800,2007-11-09,TMAX,242
IRM00040798,2007-06-27,TMIN,140
IRM00040798,2015-09-13,TMAX,291
IRM00040798,2015-03-24,TMAX,155
IRM00040798,2011-11-29,TMAX,92
IRM00040831,2007-10-24,TMIN,186
IRM00040811,2006-05-21,TMIN,248
IRM00040831,2005-08-15,TMAX,488
IRM00040811,2006-04-10,TMAX,340
IRM00040811,2014-10-16,TMAX,336
IRM00040798,2012-06-29,TMIN,124
IRM00040831,2015-08-12,TMAX,464
IRM00040798,2013-07-31,TMIN,124
IRM00040800,2011-02-23,TMAX,154
IRM00040798,2015-09-13,TMIN,80
IRM00040831,2012-12-09,TMAX,240
IRM00040798,2006-03-07,TMIN,-50
IRM00040831,2008-08-24,TMAX,444
IRM00040798,2006-11-16,TMIN,-68
IRM00040831,2012-09-21,TMAX,442
IRM00040831,2013-10-07,TMAX,338
IRM00040800,2007-04-09,TMAX,202
IRM00040798,2006-03-07,TMAX,140
IRM00040798,2013-12-18,TMAX,46
IRM00040800,2010-04-11,TMAX,234
IRM00040800,2007-11-09,TMIN,28
IRM00040831,2013-08-31,TMAX,462
IRM00040811,2012-06-18,TMAX,476
IRM00040798,2011-04-05,TMIN,68
IRM00040798,2014-05-07,TMIN,26
IRM00040811,2005-12-22,TMIN,126
IRM00040831,2006-02-08,TMAX,250
IRM00040798,2012-05-16,TMAX,254
IRM00040811,2012-11-05,TMIN,186
IRM00040798,2011-06-22,TMIN,110
IRM00040811,2012-11-05,TMAX,328
IRM00040800,2009-04-09,TMAX,178
IRM00040811,2006-09-30,TMAX,390
IRM00040798,2011-08-04,TMAX,334
IRM00040811,2012-02-29,TMAX,242
IRM00040798,2013-08-31,TMAX,306
IRM00040811,2012-02-28,TMAX,230
IRM00040831,2014-11-06,TMAX,238
IRM00040811,2008-10-16,TMIN,220
IRM00040811,2011-02-26,TMIN,136
IRM00040811,2005-06-30,TMIN,278
IRM00040798,2013-01-08,TMAX,68
IRM00040811,2012-11-17,TMAX,258
IRM00040798,2011-08-04,TMIN,100
IRM00040811,2013-12-02,TMIN,118
IRM00040800,2013-07-02,TMAX,386
IRM00040811,2006-02-10,TMAX,175
IRM00040800,2006-05-26,TMAX,292
IRM00040800,2013-07-17,TMAX,408
IRM00040811,2005-12-14,TMAX,270
IRM00040811,2006-09-30,TMIN,200
IRM00040811,2010-02-19,TMIN,172
IRM00040798,2013-11-13,TMIN,-10
IRM00040811,2012-04-19,TMIN,178
IRM00040831,2012-12-06,TMAX,230
IRM00040831,2010-06-03,TMAX,456
IRM00040798,2009-11-06,TMAX,180
IRM00040831,2015-03-07,TMAX,298
IRM00040831,2012-06-05,TMAX,480
IRM00040811,2014-11-27,TMAX,182
IRM00040800,2007-08-30,TMIN,186
IRM00040831,2013-11-21,TMAX,208
IRM00040831,2012-06-05,TMIN,258
IRM00040831,2014-11-06,TMIN,96
IRM00040811,2012-02-29,TMIN,134
IRM00040811,2007-05-31,TMAX,422
IRM00040800,2012-09-06,TMAX,328
IRM00040811,2012-02-28,TMIN,82
IRM00040811,2005-06-30,TMAX,454
IRM00040831,2008-05-06,TMAX,390
IRM00040811,2011-11-26,TMIN,92
IRM00040831,2015-02-16,TMAX,260
IRM00040798,2009-03-16,TMAX,162
IRM00040811,2005-12-22,TMAX,230
IRM00040831,2007-02-22,TMIN,98
IRM00040811,2010-06-29,TMAX,442
IRM00040811,2006-05-07,TMAX,406
IRM00040811,2010-06-29,TMIN,286
IRM00040811,2013-09-15,TMAX,436
IRM00040798,2009-10-29,TMIN,72
IRM00040798,2007-03-26,TMIN,60
IRM00040831,2012-10-27,TMAX,320
IRM00040811,2014-08-10,TMAX,464
IRM00040831,2015-02-16,TMIN,136
IRM00040798,2012-08-03,TMAX,340
IRM00040798,2013-12-18,TMIN,-100
IRM00040831,2006-04-18,TMAX,324
IRM00040811,2012-08-17,TMIN,274
IRM00040811,2014-05-26,TMIN,278
IRM00040811,2006-05-07,TMIN,260
IRM00040798,2010-08-26,TMAX,306
IRM00040831,2005-09-29,TMIN,216
IRM00040798,2013-08-31,TMIN,64
IRM00040811,2014-10-15,TMIN,226
IRM00040811,2013-12-02,TMAX,222
IRM00040831,2015-03-06,TMAX,262
IRM00040798,2012-08-03,TMIN,116
IRM00040811,2014-12-26,TMAX,210
IRM00040831,2009-09-13,TMIN,242
IRM00040798,2010-08-26,TMIN,124
IRM00040811,2013-09-15,TMIN,218
IRM00040831,2009-09-13,TMAX,438
IRM00040798,2014-02-25,TMIN,-52
IRM00040798,2011-07-13,TMIN,122
IRM00040811,2008-10-16,TMAX,398
IRM00040811,2011-11-26,TMAX,192
IRM00040831,2005-09-29,TMAX,392
IRM00040798,2008-02-15,TMIN,-4
IRM00040831,2005-11-03,TMIN,170
IRM00040831,2010-11-19,TMAX,290
IRM00040798,2013-11-13,TMAX,132
IRM00040800,2009-12-11,TMAX,82
IRM00040811,2014-06-23,TMIN,308
IRM00040798,2015-03-04,TMAX,106
IRM00040831,2007-01-16,TMAX,92
IRM00040798,2010-09-29,TMIN,58
IRM00040811,2013-06-19,TMIN,266
IRM00040800,2007-03-29,TMAX,166
IRM00040811,2009-09-27,TMAX,390
IRM00040831,2007-08-06,TMAX,472
IRM00040831,2011-03-11,TMAX,256
IRM00040831,2007-05-22,TMIN,252
IRM00040798,2011-08-20,TMAX,340
IRM00040798,2008-06-05,TMIN,52
IRM00040798,2008-06-05,TMAX,318
IRM00040798,2011-08-20,TMIN,136
IRM00040798,2012-10-31,TMIN,-24
IRM00040811,2012-11-12,TMIN,198
IRM00040800,2012-10-13,TMAX,296
IRM00040798,2012-11-24,TMAX,58
IRM00040798,2008-10-23,TMIN,-6
IRM00040811,2006-04-05,TMIN,162
IRM00040831,2011-09-05,TMIN,230
IRM00040798,2013-04-15,TMAX,188
IRM00040811,2007-06-29,TMAX,452
IRM00040831,2006-01-18,TMIN,36
IRM00040811,2007-06-29,TMIN,274
IRM00040811,2009-01-12,TMAX,186
IRM00040798,2009-07-30,TMAX,352
IRM00040798,2011-11-19,TMIN,30
IRM00040798,2012-12-09,TMIN,-32
IRM00040800,2011-01-03,TMAX,126
IRM00040831,2011-09-05,TMAX,470
IRM00040831,2007-08-06,TMIN,318
IRM00040800,2013-09-21,TMAX,318
IRM00040798,2015-01-19,TMAX,21
IRM00040800,2008-10-31,TMIN,56
IRM00040831,2005-11-08,TMAX,254
IRM00040811,2013-06-13,TMAX,448
IRM00040811,2008-10-21,TMAX,340
IRM00040811,2010-05-14,TMAX,392
IRM00040811,2012-08-06,TMIN,320
IRM00040798,2014-05-07,TMAX,272
IRM00040798,2008-07-10,TMAX,344
IRM00040831,2014-02-14,TMAX,240
IRM00040800,2008-04-24,TMIN,116
IRM00040811,2012-08-06,TMAX,466
IRM00040800,2005-01-31,TMAX,150
IRM00040811,2015-05-12,TMAX,426
IRM00040831,2010-12-13,TMAX,228
IRM00040800,2010-08-05,TMAX,334
IRM00040800,2005-06-19,TMAX,374
IRM00040800,2015-10-18,TMAX,240
IRM00040811,2014-02-07,TMIN,40
IRM00040800,2011-12-02,TMAX,82
IRM00040811,2014-02-07,TMAX,164
IRM00040798,2013-10-10,TMAX,252
IRM00040831,2015-10-26,TMIN,194
IRM00040831,2005-10-26,TMIN,150
IRM00040800,2010-09-10,TMAX,328
IRM00040798,2012-06-06,TMIN,64
IRM00040831,2014-03-21,TMAX,266
IRM00040798,2012-06-06,TMAX,318
IRM00040811,2011-06-17,TMIN,270
IRM00040831,2015-01-11,TMAX,150
IRM00040831,2008-01-31,TMAX,166
IRM00040831,2007-04-08,TMIN,208
IRM00040811,2012-12-08,TMAX,210
IRM00040811,2006-06-09,TMIN,280
IRM00040811,2006-04-05,TMAX,324
IRM00040811,2012-12-08,TMIN,116
IRM00040798,2012-10-31,TMAX,176
IRM00040800,2007-03-25,TMAX,212
IRM00040800,2012-11-10,TMAX,230
IRM00040798,2008-07-10,TMIN,106
IRM00040831,2015-01-13,TMIN,38
IRM00040811,2011-04-18,TMIN,202
IRM00040800,2007-05-01,TMAX,274
IRM00040800,2006-09-06,TMAX,338
IRM00040811,2015-05-12,TMIN,230
IRM00040798,2014-02-25,TMAX,124
IRM00040831,2007-04-08,TMAX,328
IRM00040798,2011-04-05,TMAX,116
IRM00040798,2007-02-15,TMAX,86
IRM00040831,2008-05-08,TMIN,226
IRM00040798,2014-08-21,TMAX,322
IRM00040798,2011-11-05,TMAX,172
IRM00040798,2012-12-18,TMIN,-100
IRM00040831,2008-05-06,TMIN,250
IRM00040831,2010-10-26,TMAX,378
IRM00040811,2007-01-30,TMIN,98
IRM00040798,2013-01-08,TMIN,-26
IRM00040800,2011-05-27,TMAX,334
IRM00040811,2011-06-18,TMIN,294
IRM00040798,2011-11-19,TMAX,162
IRM00040831,2013-04-24,TMAX,312
IRM00040831,2013-05-05,TMAX,308
IRM00040798,2008-11-23,TMAX,156
IRM00040798,2008-12-29,TMAX,102
IRM00040831,2013-08-31,TMIN,260
IRM00040798,2014-08-21,TMIN,90
IRM00040831,2008-05-08,TMAX,378
IRM00040798,2015-06-18,TMAX,284
IRM00040798,2011-11-05,TMIN,-38
IRM00040811,2012-08-22,TMAX,464
IRM00040811,2012-08-22,TMIN,304
IRM00040798,2011-11-29,TMIN,-74
IRM00040798,2015-06-18,TMIN,59
IRM00040798,2014-08-23,TMIN,100
IRM00040811,2006-05-21,TMAX,400
IRM00040831,2015-03-10,TMAX,288
IRM00040811,2006-04-10,TMIN,178
IRM00040811,2014-05-16,TMAX,374
IRM00040798,2007-12-07,TMIN,14
IRM00040800,2014-06-22,TMAX,380
IRM00040811,2011-07-24,TMAX,462
IRM00040811,2011-07-24,TMIN,290
IRM00040831,2008-06-08,TMAX,414
IRM00040811,2012-06-18,TMIN,304
IRM00040811,2006-10-23,TMAX,366
IRM00040798,2008-02-11,TMAX,88
IRM00040831,2009-05-12,TMAX,370
IRM00040811,2014-06-23,TMAX,448
IRM00040798,2014-07-30,TMAX,342
IRM00040798,2013-02-15,TMAX,164
IRM00040798,2008-11-23,TMIN,50
IRM00040811,2006-08-28,TMAX,482
IRM00040798,2014-10-27,TMIN,-54
IRM00040798,2012-12-09,TMAX,106
IRM00040798,2013-09-01,TMAX,314
IRM00040798,2014-10-27,TMAX,213
IRM00040798,2010-02-18,TMIN,-4
IRM00040798,2013-09-01,TMIN,84
IRM00040800,2007-12-19,TMAX,132
IRM00040831,2007-10-20,TMIN,180
IRM00040811,2007-01-30,TMAX,186
IRM00040798,2008-12-30,TMIN,-104
IRM00040798,2008-12-30,TMAX,118
IRM00040800,2013-10-09,TMAX,282
IRM00040811,2008-10-22,TMAX,356
IRM00040811,2008-10-22,TMIN,188
IRM00040800,2012-11-14,TMAX,186
IRM00040811,2015-11-30,TMAX,260
IRM00040811,2014-10-21,TMAX,264
IRM00040800,2009-08-26,TMAX,374
IRM00040798,2007-02-15,TMIN,-72
IRM00040800,2010-11-24,TMAX,180
IRM00040798,2008-04-12,TMAX,194
IRM00040831,2009-05-12,TMIN,248
IRM00040798,2008-04-12,TMIN,26
IRM00040831,2007-10-24,TMAX,348
IRM00040831,2007-01-16,TMIN,56
IRM00040798,2013-02-15,TMIN,-82
IRM00040800,2010-12-15,TMAX,140
IRM00040800,2009-11-19,TMAX,158
IRM00040831,2006-01-18,TMAX,154
IRM00040831,2014-11-29,TMAX,204
IRM00040831,2015-04-08,TMAX,364
IRM00040831,2005-11-13,TMAX,250
IRM00040811,2013-08-27,TMIN,278
IRM00040798,2009-02-24,TMAX,82
IRM00040811,2006-12-11,TMAX,135
IRM00040811,2009-11-29,TMAX,194
IRM00040811,2011-06-05,TMIN,268
IRM00040811,2007-09-10,TMAX,445
IRM00040831,2006-07-16,TMAX,454
IRM00040811,2014-03-25,TMAX,264
IRM00040811,2007-04-03,TMAX,270
IRM00040831,2010-12-31,TMIN,130
IRM00040831,2007-10-05,TMIN,200
IRM00040831,2015-03-04,TMIN,116
IRM00040811,2008-11-26,TMAX,254
IRM00040800,2006-11-21,TMAX,94
IRM00040811,2011-01-21,TMAX,202
IRM00040798,2006-04-11,TMIN,18
IRM00040811,2010-08-06,TMAX,482
IRM00040798,2010-06-20,TMIN,90
IRM00040798,2011-06-28,TMIN,106
IRM00040800,2011-06-15,TMAX,356
IRM00040800,2010-03-26,TMIN,70
IRM00040798,2012-09-01,TMIN,122
IRM00040800,2006-01-04,TMAX,80
IRM00040800,2015-07-07,TMAX,382
IRM00040811,2008-04-11,TMIN,170
IRM00040831,2011-11-30,TMAX,178
IRM00040800,2008-08-08,TMAX,366
IRM00040811,2013-10-01,TMAX,384
IRM00040798,2012-10-05,TMIN,30
IRM00040798,2010-06-20,TMAX,327
IRM00040831,2015-03-14,TMAX,286
IRM00040831,2006-07-16,TMIN,278
IRM00040811,2013-10-01,TMIN,198
IRM00040798,2006-03-31,TMAX,142
IRM00040798,2005-11-09,TMIN,2
IRM00040811,2013-06-18,TMAX,420
IRM00040798,2010-11-05,TMAX,150
IRM00040831,2007-10-07,TMAX,386
IRM00040800,2010-04-29,TMAX,266
IRM00040798,2009-08-03,TMIN,98
IRM00040798,2013-02-26,TMAX,144
IRM00040800,2015-09-23,TMAX,314
IRM00040811,2009-12-30,TMIN,110
IRM00040811,2008-08-27,TMAX,488
IRM00040811,2013-05-23,TMAX,374
IRM00040831,2013-04-01,TMIN,188
IRM00040800,2013-09-17,TMAX,330
IRM00040800,2009-09-11,TMAX,344
IRM00040798,2006-05-22,TMIN,34
IRM00040831,2012-09-05,TMIN,236
IRM00040798,2006-04-11,TMAX,204
IRM00040811,2008-08-27,TMIN,298
IRM00040798,2009-08-03,TMAX,342
IRM00040798,2013-07-30,TMIN,120
IRM00040831,2015-03-14,TMIN,150
IRM00040800,2009-04-10,TMAX,198
IRM00040831,2008-10-09,TMIN,200
IRM00040798,2006-05-22,TMAX,254
IRM00040798,2014-08-23,TMAX,308
IRM00040811,2012-11-17,TMIN,130
IRM00040798,2008-02-08,TMIN,-171
IRM00040811,2008-04-11,TMAX,335
IRM00040811,2006-04-21,TMIN,220
IRM00040831,2013-08-12,TMAX,464
IRM00040831,2012-11-28,TMAX,188
IRM00040831,2015-11-27,TMAX,282
IRM00040798,2010-11-05,TMIN,-12
IRM00040811,2007-01-20,TMAX,146
IRM00040798,2015-05-04,TMIN,4
IRM00040811,2007-04-03,TMIN,140
IRM00040798,2006-03-31,TMIN,-14
IRM00040811,2006-11-19,TMIN,90
IRM00040811,2015-08-08,TMAX,488
IRM00040800,2014-12-29,TMAX,156
IRM00040811,2010-10-26,TMAX,370
IRM00040798,2005-08-15,TMAX,314
IRM00040831,2008-10-06,TMAX,382
IRM00040831,2007-10-05,TMAX,410
IRM00040798,2007-04-21,TMAX,182
IRM00040798,2007-04-21,TMIN,-38
IRM00040811,2010-04-08,TMIN,210
IRM00040831,2011-01-06,TMAX,218
IRM00040811,2011-04-28,TMIN,192
IRM00040811,2006-09-08,TMIN,264
IRM00040800,2009-01-09,TMAX,122
IRM00040800,2015-10-21,TMAX,260
IRM00040800,2014-09-22,TMAX,338
IRM00040811,2012-01-03,TMAX,190
IRM00040811,2011-03-21,TMAX,324
IRM00040798,2015-07-30,TMAX,323
IRM00040831,2006-04-13,TMIN,188
IRM00040811,2012-03-31,TMIN,158
IRM00040800,2014-02-15,TMAX,150
IRM00040798,2006-03-10,TMIN,80
IRM00040798,2011-06-28,TMAX,334
IRM00040831,2008-07-06,TMIN,288
IRM00040798,2013-06-17,TMAX,340
IRM00040811,2006-09-08,TMAX,450
IRM00040798,2012-09-01,TMAX,324
IRM00040811,2008-05-14,TMIN,248
IRM00040831,2008-07-06,TMAX,450
IRM00040811,2012-03-31,TMAX,274
IRM00040800,2013-09-08,TMAX,344
IRM00040800,2015-01-21,TMAX,114
IRM00040811,2010-04-08,TMAX,364
IRM00040831,2008-12-19,TMAX,176
IRM00040831,2006-04-13,TMAX,302
IRM00040811,2012-01-30,TMAX,210
IRM00040800,2009-09-11,TMIN,140
IRM00040800,2008-08-08,TMIN,154
IRM00040798,2011-05-26,TMIN,26
IRM00040831,2012-09-05,TMAX,426
IRM00040798,2013-03-15,TMAX,206
IRM00040811,2012-06-02,TMAX,428
IRM00040800,2009-07-25,TMAX,384
IRM00040831,2014-12-06,TMIN,110
IRM00040798,2013-03-15,TMIN,-22
IRM00040800,2015-10-14,TMAX,290
IRM00040831,2009-08-08,TMIN,276
IRM00040811,2014-01-17,TMAX,206
IRM00040800,2012-11-13,TMAX,142
IRM00040798,2013-06-10,TMAX,324
IRM00040798,2007-11-20,TMAX,154
IRM00040798,2013-04-15,TMIN,4
IRM00040798,2011-08-25,TMAX,336
IRM00040831,2009-08-08,TMAX,480
IRM00040831,2014-09-24,TMAX,406
IRM00040831,2009-09-27,TMAX,402
IRM00040811,2011-04-28,TMAX,344
IRM00040831,2012-11-28,TMIN,108
IRM00040800,2009-07-25,TMIN,186
IRM00040798,2015-07-30,TMIN,122
IRM00040798,2013-06-10,TMIN,64
IRM00040798,2005-08-15,TMIN,158
IRM00040831,2014-05-03,TMIN,250
IRM00040800,2009-11-21,TMAX,162
IRM00040798,2009-09-18,TMAX,262
IRM00040798,2013-05-05,TMIN,16
IRM00040798,2015-05-04,TMAX,245
IRM00040811,2006-01-11,TMIN,132
IRM00040800,2010-02-11,TMAX,110
IRM00040800,2013-10-04,TMAX,314
IRM00040811,2011-12-18,TMAX,226
IRM00040800,2010-12-16,TMAX,152
IRM00040798,2008-02-08,TMAX,64
IRM00040831,2008-01-30,TMAX,218
IRM00040800,2015-08-26,TMAX,370
IRM00040798,2013-06-17,TMIN,94
IRM00040811,2012-04-19,TMAX,322
IRM00040811,2014-11-27,TMIN,106
IRM00040811,2009-05-19,TMIN,250
IRM00040798,2012-02-13,TMAX,70
IRM00040811,2010-04-15,TMAX,340
IRM00040811,2011-06-11,TMAX,430
IRM00040811,2009-05-19,TMAX,420
IRM00040831,2015-05-09,TMAX,384
IRM00040798,2015-11-09,TMAX,143
IRM00040831,2007-04-05,TMAX,336
IRM00040831,2014-03-30,TMAX,286
IRM00040831,2011-12-18,TMAX,218
IRM00040798,2015-11-09,TMIN,40
IRM00040831,2008-03-31,TMAX,358
IRM00040798,2013-07-30,TMAX,346
IRM00040798,2007-11-20,TMIN,56
IRM00040798,2011-02-19,TMIN,-64
IRM00040798,2009-02-25,TMAX,110
IRM00040798,2011-01-26,TMIN,-102
IRM00040798,2009-02-25,TMIN,-34
IRM00040831,2006-04-16,TMAX,350
IRM00040811,2006-05-16,TMAX,425
IRM00040811,2008-01-07,TMAX,110
IRM00040831,2010-01-13,TMAX,210
IRM00040798,2011-04-03,TMIN,-44
IRM00040811,2006-05-16,TMIN,256
IRM00040798,2010-08-30,TMAX,304
IRM00040831,2010-12-31,TMAX,208
IRM00040798,2011-02-19,TMAX,112
IRM00040831,2009-07-24,TMAX,476
IRM00040798,2010-08-21,TMAX,336
IRM00040811,2010-08-06,TMIN,284
IRM00040798,2009-12-19,TMAX,72
IRM00040798,2010-10-12,TMAX,228
IRM00040811,2012-06-13,TMAX,468
IRM00040798,2010-08-21,TMIN,78
IRM00040798,2012-05-16,TMIN,28
IRM00040811,2011-08-24,TMIN,304
IRM00040798,2008-10-03,TMAX,262
IRM00040831,2009-01-29,TMIN,90
IRM00040811,2008-03-31,TMAX,360
IRM00040798,2011-03-09,TMIN,-24
IRM00040811,2007-01-20,TMIN,18
IRM00040811,2013-03-08,TMAX,210
IRM00040811,2012-06-13,TMIN,288
IRM00040800,2011-08-15,TMAX,396
IRM00040811,2006-01-10,TMAX,196
IRM00040831,2008-10-09,TMAX,412
IRM00040811,2008-05-14,TMAX,412
IRM00040800,2015-11-19,TMAX,188
IRM00040811,2011-03-21,TMIN,136
IRM00040800,2009-06-26,TMAX,340
IRM00040831,2013-03-08,TMAX,220
IRM00040811,2014-06-03,TMAX,402
IRM00040798,2012-10-05,TMAX,250
IRM00040811,2015-01-24,TMAX,220
IRM00040798,2006-02-08,TMIN,14
IRM00040831,2009-09-20,TMAX,416
IRM00040831,2013-08-29,TMIN,244
IRM00040811,2011-06-05,TMAX,442
IRM00040831,2007-02-25,TMAX,254
IRM00040831,2014-12-06,TMAX,250
IRM00040798,2006-02-08,TMAX,106
IRM00040831,2015-11-27,TMIN,120
IRM00040811,2007-07-16,TMIN,290
IRM00040831,2007-06-23,TMAX,440
IRM00040831,2013-08-12,TMIN,276
IRM00040811,2013-05-16,TMIN,268
IRM00040811,2007-07-16,TMAX,436
IRM00040831,2011-12-18,TMIN,58
IRM00040798,2006-12-20,TMAX,-64
IRM00040800,2008-11-19,TMAX,168
