ID,Date,Element,Data_Value
CHM00056080,2014-04-16,TMAX,160
CHM00052983,2013-01-02,TMAX,-82
CHM00056046,2010-12-03,TMIN,-196
CHM00056080,2006-12-06,TMAX,49
CHM00056046,2007-05-10,TMAX,123
CHM00056046,2008-04-07,TMAX,102
CHM00056046,2011-01-01,TMIN,-78
CHM00052889,2008-01-31,TMIN,-180
CHM00052983,2005-12-11,TMIN,-92
CHM00052983,2006-11-22,TMIN,-60
CHM00052983,2011-07-02,TMAX,199
CHM00052983,2013-02-09,TMIN,-103
CHM00052983,2013-02-09,TMAX,83
CHM00052889,2008-08-26,TMAX,269
CHM00052983,2010-10-17,TMAX,197
CHM00052983,2007-12-20,TMIN,-72
CHM00056046,2011-01-01,TMAX,41
CHM00052889,2008-03-18,TMAX,218
CHM00052983,2006-11-22,TMAX,98
CHM00052889,2007-11-03,TMAX,105
CHM00056046,2014-03-04,TMAX,-1
CHM00052983,2015-03-06,TMAX,97
CHM00056080,2011-04-30,TMIN,14
CHM00052983,2011-06-29,TMAX,211
CHM00056046,2009-01-16,TMAX,6
CHM00052983,2013-12-27,TMIN,-160
CHM00056046,2011-08-23,TMAX,141
CHM00056080,2010-11-28,TMIN,-122
CHM00056080,2014-12-21,TMAX,27
CHM00056080,2011-04-30,TMAX,191
CHM00056080,2008-02-03,TMIN,-271
CHM00056046,2005-01-30,TMIN,-197
CHM00052889,2007-11-06,TMAX,136
CHM00052889,2005-01-15,TMIN,-169
CHM00056046,2010-02-02,TMAX,-33
CHM00056080,2010-09-25,TMAX,89
CHM00056046,2005-11-28,TMAX,-5
CHM00056080,2006-09-12,TMIN,4
CHM00056080,2012-05-16,TMIN,13
CHM00052889,2008-06-17,TMIN,141
CHM00056046,2013-10-12,TMIN,-43
CHM00052983,2013-02-22,TMAX,80
CHM00052983,2010-09-29,TMAX,183
CHM00052983,2012-08-29,TMIN,96
CHM00056046,2005-11-07,TMIN,-105
CHM00056080,2005-01-31,TMAX,64
CHM00056080,2008-02-03,TMAX,-29
CHM00056046,2007-05-10,TMIN,20
CHM00052983,2013-02-22,TMIN,-78
CHM00052983,2006-10-29,TMAX,137
CHM00056080,2015-07-28,TMAX,262
CHM00056046,2005-11-28,TMIN,-104
CHM00052983,2013-01-03,TMIN,-160
CHM00052889,2008-01-25,TMAX,-75
CHM00056080,2015-08-26,TMIN,27
CHM00056046,2015-04-08,TMIN,-71
CHM00056080,2012-05-16,TMAX,153
CHM00056046,2005-11-07,TMAX,37
CHM00056046,2010-11-21,TMAX,21
CHM00056080,2015-08-26,TMAX,224
CHM00056046,2014-07-28,TMIN,29
CHM00056046,2008-09-01,TMAX,146
CHM00052889,2008-06-17,TMAX,314
CHM00056080,2005-01-31,TMIN,-117
CHM00056046,2010-02-02,TMIN,-146
CHM00056046,2007-12-06,TMAX,3
CHM00052889,2007-11-03,TMIN,-6
CHM00056046,2011-03-29,TMIN,-100
CHM00056080,2013-08-09,TMIN,59
CHM00056046,2005-09-10,TMAX,195
CHM00052889,2007-07-15,TMIN,167
CHM00056080,2013-12-31,TMIN,-204
CHM00052983,2007-11-10,TMAX,107
CHM00056080,2008-03-15,TMIN,4
CHM00056046,2013-12-26,TMAX,-19
CHM00052889,2008-01-31,TMAX,-78
CHM00056080,2014-09-16,TMAX,91
CHM00056080,2009-07-14,TMIN,108
CHM00052889,2005-02-06,TMAX,28
CHM00056080,2006-11-22,TMAX,70
CHM00056080,2008-03-15,TMAX,90
CHM00056080,2009-07-14,TMAX,206
CHM00052983,2011-09-06,TMIN,118
CHM00052889,2005-02-06,TMIN,-81
CHM00056046,2005-09-10,TMIN,-8
CHM00052889,2008-09-22,TMAX,192
CHM00056080,2005-02-08,TMIN,-116
CHM00056046,2008-09-01,TMIN,1
CHM00056046,2010-12-06,TMIN,-177
CHM00052983,2011-12-30,TMAX,0
CHM00056046,2010-11-21,TMIN,-172
CHM00056080,2015-03-31,TMAX,204
CHM00056046,2012-04-14,TMAX,94
CHM00056080,2014-01-16,TMAX,38
CHM00056080,2005-12-23,TMAX,48
CHM00052889,2005-11-13,TMAX,94
CHM00056080,2005-02-08,TMAX,98
CHM00056080,2007-07-19,TMIN,82
CHM00056080,2015-08-22,TMIN,16
CHM00056080,2006-11-22,TMIN,-92
CHM00056046,2014-06-20,TMIN,38
CHM00056080,2005-12-23,TMIN,-161
CHM00056046,2015-04-27,TMIN,-46
CHM00056046,2014-06-20,TMAX,112
CHM00056046,2008-04-07,TMIN,-42
CHM00052983,2010-06-06,TMAX,183
CHM00052983,2015-12-08,TMIN,-54
CHM00052889,2008-01-25,TMIN,-117
CHM00056046,2011-12-28,TMAX,5
CHM00052983,2014-05-28,TMAX,270
CHM00052889,2008-01-21,TMIN,-95
CHM00056046,2007-12-24,TMIN,-149
CHM00056046,2015-04-27,TMAX,83
CHM00056080,2008-04-07,TMAX,188
CHM00056080,2015-08-22,TMAX,158
CHM00052889,2007-11-06,TMIN,8
CHM00056046,2011-08-23,TMIN,8
CHM00052889,2007-07-15,TMAX,329
CHM00052983,2014-05-28,TMIN,86
CHM00056046,2009-01-16,TMIN,-167
CHM00056080,2008-04-07,TMIN,-23
CHM00056046,2007-12-24,TMAX,32
CHM00056046,2011-12-28,TMIN,-140
CHM00052983,2015-07-25,TMIN,109
CHM00052983,2011-09-06,TMAX,172
CHM00056046,2005-11-12,TMIN,-102
CHM00052983,2015-07-25,TMAX,317
CHM00056080,2007-07-19,TMAX,131
CHM00052983,2005-11-19,TMIN,-79
CHM00052983,2007-12-03,TMIN,-86
CHM00056046,2010-12-06,TMAX,23
CHM00052983,2012-08-29,TMAX,277
CHM00056080,2015-03-31,TMIN,28
CHM00052983,2013-03-14,TMAX,171
CHM00052983,2012-01-02,TMAX,-37
CHM00052983,2011-06-19,TMAX,216
CHM00052889,2005-11-13,TMIN,8
CHM00056046,2012-04-14,TMIN,-25
CHM00052889,2008-01-21,TMAX,-51
CHM00056080,2013-04-20,TMAX,145
CHM00052983,2007-11-26,TMAX,57
CHM00052889,2008-03-18,TMIN,108
CHM00056080,2014-11-25,TMIN,-107
CHM00052983,2009-08-16,TMIN,136
CHM00052983,2007-05-17,TMAX,275
CHM00056046,2011-04-28,TMAX,138
CHM00056080,2006-09-06,TMIN,94
CHM00052983,2009-08-16,TMAX,252
CHM00056080,2014-11-25,TMAX,95
CHM00052983,2012-10-25,TMIN,-10
CHM00052889,2005-11-07,TMIN,-57
CHM00052889,2008-11-01,TMAX,166
CHM00056080,2011-05-09,TMIN,7
CHM00056046,2011-04-28,TMIN,-61
CHM00056046,2005-01-12,TMIN,-155
CHM00052889,2005-11-07,TMAX,137
CHM00056046,2013-12-28,TMIN,-219
CHM00052889,2006-01-06,TMAX,-62
CHM00056046,2010-07-29,TMIN,39
CHM00056046,2005-12-30,TMAX,5
CHM00056080,2008-02-05,TMIN,-221
CHM00056080,2005-08-18,TMIN,97
CHM00056080,2008-02-05,TMAX,-42
CHM00056046,2005-12-30,TMIN,-200
CHM00056080,2009-12-18,TMAX,25
CHM00056046,2005-11-13,TMIN,-99
CHM00056046,2005-08-04,TMIN,29
CHM00056080,2012-01-01,TMIN,-144
CHM00052983,2007-05-17,TMIN,82
CHM00056046,2007-07-24,TMAX,182
CHM00052889,2006-11-27,TMAX,27
CHM00056046,2012-08-31,TMIN,50
CHM00056046,2013-03-15,TMAX,85
CHM00056080,2005-02-06,TMAX,45
CHM00056046,2015-07-25,TMAX,166
CHM00056080,2010-02-22,TMAX,114
CHM00056080,2005-02-06,TMIN,-125
CHM00056080,2010-02-22,TMIN,-126
CHM00052889,2005-11-25,TMAX,33
CHM00056046,2015-07-25,TMIN,-14
CHM00056080,2009-04-16,TMIN,-12
CHM00052889,2005-11-25,TMIN,-116
CHM00052889,2006-11-27,TMIN,-58
CHM00056080,2006-11-23,TMAX,71
CHM00056080,2008-01-19,TMAX,-36
CHM00056080,2008-01-19,TMIN,-121
CHM00056080,2006-09-06,TMAX,135
CHM00052983,2012-10-25,TMAX,145
CHM00056080,2006-11-23,TMIN,-109
CHM00052983,2015-12-18,TMIN,-146
CHM00056080,2005-11-28,TMAX,21
CHM00056046,2005-08-04,TMAX,189
CHM00056080,2005-11-28,TMIN,-97
CHM00056080,2014-11-23,TMAX,11
CHM00052889,2008-03-20,TMAX,166
CHM00056080,2009-04-16,TMAX,221
CHM00052889,2006-01-06,TMIN,-220
CHM00056080,2005-03-08,TMAX,101
CHM00056046,2008-12-27,TMIN,-172
CHM00056046,2010-11-18,TMAX,-22
CHM00056046,2011-06-24,TMIN,15
CHM00056080,2010-12-29,TMIN,-201
CHM00056080,2007-07-28,TMAX,194
CHM00052983,2005-12-05,TMAX,-19
CHM00052889,2007-12-06,TMIN,-45
CHM00056080,2012-01-01,TMAX,37
CHM00056046,2011-06-24,TMAX,170
CHM00052889,2007-12-06,TMAX,58
CHM00056080,2010-12-29,TMAX,29
CHM00052983,2007-05-19,TMIN,90
CHM00056046,2009-08-21,TMIN,66
CHM00052983,2007-05-19,TMAX,314
CHM00056080,2005-03-08,TMIN,-83
CHM00052983,2006-11-16,TMIN,-62
CHM00056046,2007-11-20,TMAX,50
CHM00052983,2006-11-16,TMAX,82
CHM00052983,2014-12-19,TMAX,5
CHM00052983,2014-12-19,TMIN,-120
CHM00056046,2007-11-20,TMIN,-133
CHM00056080,2014-11-19,TMIN,-107
CHM00052983,2009-04-22,TMAX,150
CHM00056080,2007-07-28,TMIN,43
CHM00052983,2005-12-05,TMIN,-128
CHM00052889,2005-08-18,TMAX,220
CHM00052983,2010-01-07,TMIN,-84
CHM00052983,2010-01-07,TMAX,76
CHM00052983,2012-06-03,TMAX,236
CHM00056046,2013-12-25,TMAX,7
CHM00056046,2005-01-12,TMAX,-74
CHM00056046,2013-12-25,TMIN,-128
CHM00056080,2012-08-27,TMAX,155
CHM00052983,2009-03-07,TMIN,-48
CHM00056080,2011-09-07,TMAX,153
CHM00056046,2005-11-17,TMIN,-87
CHM00056046,2005-12-09,TMIN,-147
CHM00056080,2012-08-27,TMIN,79
CHM00056046,2005-12-09,TMAX,29
CHM00056080,2011-09-07,TMIN,56
CHM00056046,2014-12-17,TMAX,-48
CHM00052983,2009-03-07,TMAX,79
CHM00056046,2013-03-15,TMIN,-96
CHM00056046,2005-11-17,TMAX,-31
CHM00056046,2014-08-02,TMIN,54
CHM00056080,2006-12-11,TMIN,-180
CHM00056046,2006-08-25,TMAX,157
CHM00056046,2010-11-18,TMIN,-144
CHM00056046,2006-08-25,TMIN,11
CHM00052889,2005-08-18,TMIN,118
CHM00056046,2013-12-28,TMAX,0
CHM00052889,2008-03-20,TMIN,41
CHM00056046,2007-07-24,TMIN,10
CHM00056046,2012-08-31,TMAX,132
CHM00052983,2007-06-13,TMIN,77
CHM00052889,2007-04-22,TMAX,252
CHM00052983,2015-03-04,TMAX,-25
CHM00056046,2011-09-13,TMAX,117
CHM00052889,2008-11-01,TMIN,27
CHM00052983,2015-03-06,TMIN,-45
CHM00056046,2009-07-17,TMAX,197
CHM00052983,2007-06-13,TMAX,269
CHM00056046,2009-07-17,TMIN,93
CHM00052983,2014-11-22,TMAX,68
CHM00056046,2011-09-13,TMIN,9
CHM00056080,2009-08-21,TMAX,146
CHM00056080,2009-08-21,TMIN,85
CHM00056046,2008-04-06,TMAX,102
CHM00056080,2007-11-17,TMIN,-54
CHM00052983,2005-09-11,TMAX,245
CHM00052983,2014-11-22,TMIN,-27
CHM00052889,2006-11-16,TMAX,98
CHM00052983,2008-12-08,TMIN,-102
CHM00056046,2009-06-30,TMAX,180
CHM00056080,2007-11-17,TMAX,61
CHM00056080,2012-09-26,TMIN,37
CHM00052889,2006-11-16,TMIN,-65
CHM00052889,2007-04-22,TMIN,77
CHM00056046,2009-04-02,TMAX,66
CHM00056046,2005-01-30,TMAX,20
CHM00052983,2009-07-02,TMIN,101
CHM00056080,2010-09-25,TMIN,38
CHM00056080,2014-12-21,TMIN,-194
CHM00056046,2014-07-28,TMAX,187
CHM00056080,2006-09-12,TMAX,164
CHM00052983,2009-07-02,TMAX,244
CHM00056080,2014-03-31,TMAX,95
CHM00052983,2010-10-17,TMIN,54
CHM00052983,2006-10-03,TMAX,153
CHM00056080,2006-10-26,TMAX,155
CHM00052983,2010-09-29,TMIN,17
CHM00052983,2008-12-07,TMAX,26
CHM00056080,2006-10-23,TMIN,52
CHM00056046,2010-12-03,TMAX,19
CHM00052983,2012-05-16,TMAX,234
CHM00056046,2008-04-06,TMIN,-61
CHM00052983,2007-04-27,TMIN,20
CHM00052983,2013-02-07,TMAX,-8
CHM00052889,2007-11-30,TMIN,-31
CHM00052889,2007-11-30,TMAX,88
CHM00052889,2006-12-11,TMAX,16
CHM00052889,2006-12-11,TMIN,-140
CHM00056080,2006-10-26,TMIN,-42
CHM00052983,2008-12-07,TMIN,-102
CHM00052983,2007-04-27,TMAX,187
CHM00056080,2005-08-18,TMAX,152
CHM00056080,2013-02-25,TMAX,70
CHM00052983,2008-04-12,TMAX,101
CHM00056046,2012-04-26,TMAX,73
CHM00052983,2014-02-26,TMAX,32
CHM00052983,2007-12-03,TMAX,11
CHM00056080,2015-12-10,TMAX,78
CHM00056080,2005-02-28,TMIN,-127
CHM00056046,2012-01-22,TMIN,-220
CHM00056080,2015-12-10,TMIN,-160
CHM00052889,2007-05-10,TMIN,91
CHM00056080,2010-09-24,TMAX,88
CHM00056046,2010-07-29,TMAX,220
CHM00056080,2010-11-17,TMIN,-135
CHM00056080,2010-09-24,TMIN,40
CHM00056046,2006-09-12,TMAX,99
CHM00056080,2009-12-26,TMIN,-204
CHM00056080,2009-12-26,TMAX,-63
CHM00056080,2010-11-17,TMAX,88
CHM00056080,2011-05-09,TMAX,132
CHM00056080,2011-04-02,TMAX,69
CHM00052889,2007-05-10,TMAX,278
CHM00056046,2009-04-02,TMIN,-92
CHM00056080,2009-12-18,TMIN,-174
CHM00056080,2006-10-23,TMAX,151
CHM00056080,2011-04-02,TMIN,-26
CHM00052983,2009-12-23,TMAX,60
CHM00056046,2015-09-17,TMIN,33
CHM00056046,2012-01-22,TMAX,-66
CHM00052983,2013-12-27,TMAX,-17
CHM00056046,2006-09-12,TMIN,6
CHM00052983,2014-10-02,TMAX,211
CHM00056080,2005-12-09,TMIN,-140
CHM00056080,2013-05-10,TMIN,-22
CHM00056080,2014-04-16,TMIN,12
CHM00052889,2008-09-22,TMIN,134
CHM00056046,2009-06-30,TMIN,46
CHM00056080,2010-09-22,TMIN,60
CHM00056080,2013-04-20,TMIN,-10
CHM00056080,2010-09-22,TMAX,143
CHM00056046,2014-01-14,TMIN,-215
CHM00056080,2005-12-09,TMAX,67
CHM00056046,2012-04-26,TMIN,-50
CHM00056046,2008-12-27,TMAX,-16
CHM00056080,2008-08-17,TMIN,35
CHM00056080,2015-07-28,TMIN,64
CHM00056046,2014-01-14,TMAX,-19
CHM00056080,2015-04-13,TMAX,161
CHM00052983,2012-12-31,TMIN,-188
CHM00052983,2013-04-06,TMAX,148
CHM00052983,2014-10-02,TMIN,63
CHM00052889,2007-05-30,TMAX,266
CHM00052889,2007-05-30,TMIN,146
CHM00052983,2013-04-06,TMIN,-56
CHM00056080,2015-04-13,TMIN,-73
CHM00052983,2015-08-11,TMIN,112
CHM00056080,2008-08-17,TMAX,236
CHM00052983,2013-01-03,TMAX,-23
CHM00056046,2005-01-14,TMIN,-298
CHM00052983,2005-12-11,TMAX,-7
CHM00056046,2010-09-24,TMIN,50
CHM00052983,2010-08-10,TMAX,286
CHM00052983,2011-01-30,TMIN,-181
CHM00056046,2010-10-18,TMAX,99
CHM00052983,2011-01-30,TMAX,-54
CHM00052983,2007-07-19,TMIN,123
CHM00056080,2009-01-19,TMIN,-128
CHM00052889,2007-12-02,TMIN,-57
CHM00052983,2007-07-31,TMAX,188
CHM00056046,2010-05-01,TMAX,150
CHM00056046,2010-08-02,TMIN,59
CHM00056046,2010-09-24,TMAX,154
CHM00052983,2013-03-18,TMAX,184
CHM00056046,2012-09-10,TMIN,47
CHM00056080,2005-01-30,TMIN,-150
CHM00056046,2011-03-29,TMAX,87
CHM00052983,2014-04-05,TMAX,155
CHM00052983,2006-11-18,TMAX,102
CHM00052983,2006-11-18,TMIN,-43
CHM00052889,2007-12-02,TMAX,75
CHM00052983,2007-07-19,TMAX,186
CHM00056046,2009-04-18,TMAX,50
CHM00052889,2006-07-27,TMIN,171
CHM00056080,2008-09-24,TMAX,160
CHM00052983,2006-08-14,TMAX,279
CHM00056046,2006-10-25,TMAX,55
CHM00056046,2009-04-18,TMIN,-7
CHM00056046,2010-10-18,TMIN,-80
CHM00056046,2010-02-22,TMIN,-160
CHM00052889,2007-06-13,TMIN,140
CHM00056046,2010-02-22,TMAX,37
CHM00052889,2006-09-16,TMIN,59
CHM00052983,2007-07-29,TMAX,271
CHM00056046,2013-07-08,TMIN,94
CHM00056080,2009-01-19,TMAX,66
CHM00056046,2005-08-18,TMIN,66
CHM00056046,2005-08-18,TMAX,147
CHM00056046,2006-12-09,TMAX,-25
CHM00052889,2006-08-25,TMIN,121
CHM00056046,2008-04-03,TMIN,-50
CHM00052889,2006-08-25,TMAX,304
CHM00052889,2005-03-02,TMIN,-47
CHM00052889,2006-09-16,TMAX,261
CHM00056046,2007-12-18,TMIN,-174
CHM00056046,2012-09-22,TMAX,147
CHM00052983,2011-02-26,TMAX,34
CHM00056046,2012-09-22,TMIN,39
CHM00056046,2008-12-13,TMIN,-170
CHM00056046,2006-11-22,TMIN,-200
CHM00056046,2015-09-23,TMIN,9
CHM00056046,2010-05-01,TMIN,-51
CHM00056080,2010-01-12,TMAX,16
CHM00056080,2008-06-20,TMAX,180
CHM00056046,2006-10-25,TMIN,-100
CHM00056080,2005-11-17,TMIN,-70
CHM00052889,2006-07-27,TMAX,314
CHM00056046,2013-01-09,TMAX,-110
CHM00052889,2008-06-23,TMAX,306
CHM00056046,2006-09-26,TMIN,44
CHM00056046,2012-11-16,TMIN,-143
CHM00056080,2005-11-13,TMIN,-39
CHM00056080,2008-09-24,TMIN,85
CHM00056080,2012-05-02,TMIN,25
CHM00052889,2007-11-29,TMAX,66
CHM00052889,2008-06-23,TMIN,132
CHM00056080,2008-11-04,TMAX,86
CHM00052889,2006-10-24,TMAX,158
CHM00056080,2012-05-02,TMAX,74
CHM00052889,2007-07-01,TMIN,181
CHM00056080,2011-12-28,TMIN,-119
CHM00052889,2006-11-19,TMAX,103
CHM00052983,2013-03-28,TMAX,185
CHM00056046,2009-01-18,TMAX,51
CHM00056046,2015-12-26,TMAX,-43
CHM00056080,2009-07-20,TMIN,101
CHM00056046,2006-09-26,TMAX,159
CHM00052983,2005-11-20,TMAX,24
CHM00052889,2007-11-29,TMIN,-36
CHM00056080,2014-08-25,TMAX,164
CHM00056046,2015-12-26,TMIN,-250
CHM00056080,2011-12-28,TMAX,57
CHM00056046,2013-01-09,TMIN,-296
CHM00052983,2014-04-05,TMIN,13
CHM00056046,2008-02-09,TMIN,-110
CHM00056080,2005-01-30,TMAX,48
CHM00056046,2012-09-10,TMAX,157
CHM00056080,2008-11-15,TMAX,51
CHM00056046,2013-05-26,TMIN,-12
CHM00056080,2008-11-15,TMIN,-21
CHM00052889,2008-08-17,TMAX,328
CHM00052983,2005-11-19,TMAX,54
CHM00056080,2005-11-17,TMAX,-16
CHM00056046,2013-10-28,TMIN,-81
CHM00052889,2008-08-17,TMIN,149
CHM00052983,2005-11-12,TMIN,8
CHM00052983,2010-10-11,TMAX,125
CHM00056046,2005-08-12,TMIN,50
CHM00056046,2006-11-23,TMAX,-12
CHM00056046,2006-11-23,TMIN,-167
CHM00052983,2015-04-06,TMIN,3
CHM00056046,2013-04-23,TMAX,57
CHM00056080,2009-07-20,TMAX,214
CHM00056080,2007-07-09,TMAX,206
CHM00056046,2006-11-22,TMAX,8
CHM00056080,2012-06-09,TMAX,196
CHM00056046,2005-08-12,TMAX,203
CHM00056080,2012-06-09,TMIN,38
CHM00052983,2012-12-24,TMIN,-167
CHM00056080,2008-11-04,TMIN,-51
CHM00056046,2006-12-09,TMIN,-128
CHM00052889,2005-03-02,TMAX,22
CHM00052889,2006-11-10,TMIN,-35
CHM00056080,2008-06-20,TMIN,99
CHM00056080,2008-08-21,TMAX,201
CHM00056046,2011-09-14,TMAX,147
CHM00052983,2009-07-05,TMAX,276
CHM00052983,2010-07-14,TMAX,257
CHM00052983,2013-06-27,TMIN,91
CHM00056046,2014-06-22,TMIN,63
CHM00056046,2008-12-13,TMAX,10
CHM00056046,2009-12-23,TMIN,-188
CHM00056046,2012-01-15,TMAX,-77
CHM00056080,2008-08-21,TMIN,93
CHM00056046,2006-11-06,TMAX,41
CHM00056046,2009-12-23,TMAX,-27
CHM00056046,2006-11-06,TMIN,-144
CHM00056046,2009-07-11,TMIN,88
CHM00052889,2006-09-08,TMAX,186
CHM00052983,2010-05-12,TMAX,214
CHM00052889,2008-07-10,TMAX,319
CHM00056080,2014-03-06,TMAX,39
CHM00056046,2012-01-15,TMIN,-246
CHM00056080,2009-01-07,TMIN,-199
CHM00056080,2009-01-07,TMAX,-8
CHM00056046,2009-07-11,TMAX,172
CHM00056046,2005-08-15,TMAX,186
CHM00056046,2008-04-03,TMAX,37
CHM00052889,2005-10-28,TMAX,113
CHM00056080,2009-08-07,TMIN,106
CHM00056080,2009-08-07,TMAX,167
CHM00052889,2006-09-09,TMAX,184
CHM00052983,2010-05-18,TMAX,166
CHM00052983,2007-11-26,TMIN,-71
CHM00056046,2012-06-09,TMAX,116
CHM00056046,2012-06-09,TMIN,45
CHM00052983,2010-05-18,TMIN,-8
CHM00052983,2009-03-14,TMIN,-41
CHM00052983,2009-03-14,TMAX,112
CHM00056080,2010-01-12,TMIN,-209
CHM00056080,2013-01-12,TMIN,-207
CHM00056080,2015-12-25,TMAX,9
CHM00052983,2015-04-14,TMIN,16
CHM00052889,2005-10-28,TMIN,-37
CHM00052983,2010-01-05,TMAX,61
CHM00052889,2006-09-09,TMIN,78
CHM00052983,2008-07-05,TMIN,78
CHM00056046,2010-09-30,TMAX,126
CHM00052889,2006-09-08,TMIN,88
CHM00052983,2012-04-21,TMAX,214
CHM00052983,2012-04-21,TMIN,24
CHM00056046,2014-11-18,TMAX,23
CHM00056080,2011-05-24,TMIN,24
CHM00052983,2008-07-05,TMAX,292
CHM00056046,2011-09-14,TMIN,12
CHM00052983,2009-07-05,TMIN,123
CHM00056080,2013-01-12,TMAX,8
CHM00052983,2015-09-30,TMAX,135
CHM00056046,2009-01-18,TMIN,-89
CHM00056080,2005-01-10,TMAX,-16
CHM00052983,2012-12-31,TMAX,-9
CHM00052983,2013-03-18,TMIN,-29
CHM00056080,2011-04-27,TMAX,198
CHM00052889,2008-04-09,TMIN,104
CHM00052983,2014-02-18,TMAX,-6
CHM00056046,2012-11-16,TMAX,13
CHM00052983,2015-08-06,TMIN,113
CHM00056046,2014-06-22,TMAX,143
CHM00052983,2014-07-05,TMIN,129
CHM00052983,2014-12-23,TMIN,-111
CHM00056080,2005-11-13,TMAX,46
CHM00056046,2005-09-14,TMIN,58
CHM00052983,2005-11-12,TMAX,86
CHM00056046,2005-09-14,TMAX,162
CHM00056080,2005-08-12,TMIN,102
CHM00056080,2005-08-12,TMAX,240
CHM00056046,2007-12-18,TMAX,-38
CHM00056080,2007-06-10,TMAX,146
CHM00056080,2012-04-14,TMAX,119
CHM00056080,2013-02-14,TMAX,22
CHM00056080,2007-06-10,TMIN,42
CHM00056046,2013-04-23,TMIN,-19
CHM00056046,2005-08-15,TMIN,78
CHM00056080,2012-04-14,TMIN,-26
CHM00052983,2007-05-03,TMAX,171
CHM00052983,2014-12-23,TMAX,42
CHM00056046,2012-04-19,TMIN,-51
CHM00056046,2015-04-13,TMAX,92
CHM00056046,2012-04-19,TMAX,31
CHM00052983,2010-07-14,TMIN,136
CHM00056080,2014-03-06,TMIN,-103
CHM00056080,2015-12-15,TMAX,-49
CHM00052983,2014-07-05,TMAX,284
CHM00052889,2008-07-10,TMIN,212
CHM00052889,2006-08-24,TMAX,296
CHM00052889,2006-08-24,TMIN,104
CHM00052889,2008-06-14,TMIN,173
CHM00052983,2010-10-16,TMAX,183
CHM00052889,2007-06-13,TMAX,309
CHM00056046,2015-04-19,TMIN,-52
CHM00052983,2010-10-16,TMIN,21
CHM00052889,2008-06-14,TMAX,233
CHM00052889,2007-06-11,TMAX,272
CHM00052889,2007-06-11,TMIN,179
CHM00052983,2014-03-08,TMIN,-60
CHM00056080,2015-12-25,TMIN,-179
CHM00056080,2011-09-11,TMIN,65
CHM00052889,2006-08-19,TMAX,249
CHM00052889,2008-04-09,TMAX,262
CHM00052983,2014-03-08,TMAX,88
CHM00056080,2011-04-27,TMIN,5
CHM00056080,2011-09-11,TMAX,182
CHM00056046,2013-08-30,TMAX,177
CHM00056046,2015-04-13,TMIN,-94
CHM00052889,2006-08-19,TMIN,181
CHM00052889,2006-11-19,TMIN,-57
CHM00056080,2005-01-10,TMIN,-155
CHM00052983,2008-08-14,TMIN,109
CHM00056046,2014-04-04,TMAX,45
CHM00056046,2005-11-03,TMAX,29
CHM00056080,2006-09-08,TMIN,33
CHM00052889,2005-02-21,TMIN,-150
CHM00056046,2015-09-14,TMIN,10
CHM00056080,2006-09-08,TMAX,119
CHM00056046,2009-04-25,TMIN,23
CHM00056046,2015-03-09,TMIN,-110
CHM00056046,2015-03-09,TMAX,61
CHM00056046,2010-05-04,TMAX,168
CHM00056080,2010-05-17,TMIN,23
CHM00056080,2009-04-05,TMIN,-75
CHM00052889,2005-12-30,TMIN,-65
CHM00052983,2010-06-09,TMAX,213
CHM00056080,2013-03-19,TMAX,122
CHM00052983,2005-12-20,TMAX,-53
CHM00056046,2010-07-30,TMAX,221
CHM00052983,2006-08-12,TMAX,278
CHM00052889,2008-07-06,TMIN,168
CHM00052889,2005-02-26,TMIN,-58
CHM00056046,2005-03-08,TMAX,45
CHM00052889,2005-02-26,TMAX,55
CHM00056080,2009-04-25,TMAX,146
CHM00056046,2009-08-24,TMIN,55
CHM00052889,2005-12-30,TMAX,33
CHM00056080,2005-09-10,TMAX,239
CHM00056080,2005-09-10,TMIN,31
CHM00052889,2008-10-06,TMIN,76
CHM00056046,2013-04-25,TMIN,-46
CHM00052983,2005-12-15,TMAX,-14
CHM00056046,2010-10-20,TMIN,-100
CHM00052983,2015-03-13,TMIN,-34
CHM00052983,2010-05-02,TMAX,267
CHM00052983,2010-05-02,TMIN,72
CHM00056080,2007-12-09,TMAX,53
CHM00052983,2005-12-15,TMIN,-166
CHM00056080,2010-12-31,TMAX,37
CHM00056080,2010-12-31,TMIN,-200
CHM00052983,2012-01-11,TMIN,-118
CHM00052889,2006-09-19,TMIN,30
CHM00052983,2011-09-05,TMAX,136
CHM00056080,2007-12-09,TMIN,-105
CHM00052983,2014-09-24,TMAX,209
CHM00056046,2009-08-24,TMAX,199
CHM00052983,2010-10-11,TMIN,-7
CHM00056046,2005-11-03,TMIN,-91
CHM00056046,2005-02-06,TMAX,-26
CHM00056046,2010-10-20,TMAX,122
CHM00052889,2008-10-06,TMAX,217
CHM00056080,2012-01-22,TMIN,-246
CHM00052983,2009-07-30,TMAX,233
CHM00056080,2012-01-22,TMAX,-46
CHM00052983,2014-09-24,TMIN,37
CHM00052983,2012-09-03,TMIN,80
CHM00056080,2009-12-23,TMIN,-159
CHM00056046,2007-12-01,TMIN,-131
CHM00056046,2010-05-04,TMIN,-11
CHM00056046,2014-12-24,TMAX,-3
CHM00052983,2010-11-24,TMAX,65
CHM00052983,2008-10-03,TMAX,185
CHM00056080,2014-09-16,TMIN,50
CHM00052983,2007-04-24,TMAX,126
CHM00052983,2008-03-26,TMIN,-18
CHM00052983,2007-12-20,TMAX,49
CHM00052983,2008-03-15,TMIN,1
CHM00056046,2015-02-28,TMIN,-106
CHM00056046,2015-02-28,TMAX,37
CHM00056080,2013-03-19,TMIN,-74
CHM00056046,2010-12-29,TMAX,-24
CHM00052889,2005-01-15,TMAX,21
CHM00056046,2008-12-08,TMIN,-213
CHM00056046,2007-12-01,TMAX,4
CHM00056080,2013-10-11,TMIN,-17
CHM00052889,2006-09-19,TMAX,265
CHM00056080,2005-09-07,TMAX,171
CHM00056046,2008-12-08,TMAX,-22
CHM00052983,2008-03-15,TMAX,136
CHM00056046,2014-12-21,TMAX,2
CHM00056046,2005-11-12,TMAX,52
CHM00052983,2010-11-24,TMIN,-70
CHM00052983,2005-09-11,TMIN,129
CHM00056046,2014-12-21,TMIN,-202
CHM00052983,2008-03-26,TMAX,170
CHM00056080,2005-09-07,TMIN,20
CHM00056046,2014-12-24,TMIN,-202
CHM00056080,2010-05-17,TMAX,114
CHM00056080,2009-04-25,TMIN,-6
CHM00052983,2010-06-09,TMIN,66
CHM00052983,2012-09-03,TMAX,217
CHM00052889,2005-02-21,TMAX,61
CHM00056046,2005-03-08,TMIN,-114
CHM00056080,2011-05-24,TMAX,125
CHM00052889,2008-07-06,TMAX,349
CHM00056046,2010-12-29,TMIN,-237
CHM00052983,2009-12-15,TMAX,3
CHM00052983,2013-03-14,TMIN,-10
CHM00056080,2012-11-12,TMIN,-110
CHM00056046,2009-06-29,TMIN,48
CHM00056046,2007-12-06,TMIN,-241
CHM00056046,2005-02-06,TMIN,-123
CHM00056046,2009-06-29,TMAX,136
CHM00056046,2008-02-10,TMAX,-7
CHM00052983,2009-12-15,TMIN,-129
CHM00056080,2012-08-22,TMAX,182
CHM00052983,2011-12-20,TMIN,-106
CHM00052983,2013-01-02,TMIN,-152
CHM00052983,2011-12-20,TMAX,17
CHM00056080,2012-11-12,TMAX,92
CHM00056080,2012-08-22,TMIN,56
CHM00056046,2005-01-14,TMAX,-46
CHM00056046,2009-04-25,TMAX,137
CHM00056080,2006-12-06,TMIN,-54
CHM00052983,2014-07-30,TMAX,305
CHM00052983,2011-09-05,TMIN,115
CHM00056046,2014-01-13,TMAX,-45
CHM00056046,2014-06-24,TMAX,154
CHM00052983,2014-04-02,TMAX,141
CHM00052889,2005-11-29,TMAX,25
CHM00056080,2010-11-28,TMAX,50
CHM00056080,2010-10-01,TMAX,102
CHM00052889,2005-11-28,TMIN,-96
CHM00056080,2010-10-01,TMIN,39
CHM00056080,2015-03-12,TMIN,-111
CHM00056080,2015-02-27,TMAX,-16
CHM00052889,2005-11-29,TMIN,-113
CHM00056046,2014-01-12,TMAX,-91
CHM00056046,2008-08-16,TMAX,150
CHM00056080,2011-02-16,TMIN,-118
CHM00056046,2008-06-08,TMIN,25
CHM00056046,2008-06-08,TMAX,105
CHM00052889,2007-05-31,TMIN,131
CHM00056046,2006-09-06,TMAX,177
CHM00056046,2014-01-13,TMIN,-263
CHM00056046,2005-01-11,TMIN,-163
CHM00052889,2007-05-31,TMAX,259
CHM00056046,2006-09-06,TMIN,49
CHM00056046,2009-08-01,TMIN,77
CHM00056046,2009-08-01,TMAX,143
CHM00056046,2010-09-30,TMIN,4
CHM00052983,2012-12-24,TMAX,-15
CHM00056080,2009-04-05,TMAX,93
CHM00056080,2010-01-27,TMAX,78
CHM00052889,2006-10-24,TMIN,50
CHM00056046,2015-03-08,TMAX,47
CHM00056046,2015-03-08,TMIN,-132
CHM00052983,2013-11-01,TMIN,-17
CHM00056080,2010-05-25,TMAX,178
CHM00052983,2011-06-28,TMIN,111
CHM00052983,2008-08-14,TMAX,263
CHM00056046,2013-10-14,TMAX,94
CHM00052983,2005-11-20,TMIN,-61
CHM00056046,2013-10-14,TMIN,-32
CHM00052983,2011-06-28,TMAX,299
CHM00056080,2010-05-25,TMIN,76
CHM00056046,2008-07-08,TMAX,180
CHM00056080,2014-08-25,TMIN,38
CHM00056046,2008-07-08,TMIN,10
CHM00052983,2007-11-09,TMAX,108
CHM00052889,2007-07-01,TMAX,272
CHM00056046,2010-08-02,TMAX,212
CHM00056080,2007-07-09,TMIN,78
CHM00056046,2013-05-26,TMAX,185
CHM00052889,2005-11-28,TMAX,32
CHM00052983,2007-11-09,TMIN,-32
CHM00056046,2012-05-02,TMIN,-15
CHM00056046,2010-07-30,TMIN,50
CHM00052889,2006-11-10,TMAX,158
CHM00056046,2008-08-16,TMIN,11
CHM00052983,2014-07-30,TMIN,141
CHM00056046,2008-02-09,TMAX,-39
CHM00052983,2013-03-28,TMIN,47
CHM00056080,2011-09-14,TMAX,214
CHM00056080,2011-09-14,TMIN,43
CHM00052983,2009-03-05,TMIN,-55
CHM00056080,2014-03-09,TMIN,-89
CHM00052983,2006-07-19,TMAX,304
CHM00056080,2012-06-05,TMIN,72
CHM00056046,2015-12-15,TMAX,-94
CHM00056080,2012-12-27,TMIN,-178
CHM00052983,2009-03-05,TMAX,32
CHM00056080,2014-03-09,TMAX,75
CHM00056046,2014-03-09,TMAX,-1
CHM00056046,2011-09-23,TMIN,46
CHM00056046,2015-08-29,TMIN,31
CHM00056046,2014-09-20,TMIN,-21
CHM00056080,2012-06-01,TMAX,177
CHM00056046,2015-04-26,TMIN,-57
CHM00056080,2012-06-01,TMIN,11
CHM00056046,2014-03-09,TMIN,-152
CHM00056080,2015-09-17,TMIN,63
CHM00052889,2006-12-08,TMAX,-15
CHM00056080,2005-02-20,TMAX,3
CHM00052889,2006-12-08,TMIN,-64
CHM00052983,2006-07-19,TMIN,199
CHM00056080,2009-12-23,TMAX,42
CHM00052983,2012-01-11,TMAX,-9
CHM00052983,2007-05-13,TMAX,256
CHM00052983,2007-05-13,TMIN,55
CHM00056046,2008-02-10,TMIN,-101
CHM00056046,2011-09-23,TMAX,141
CHM00056080,2010-01-27,TMIN,-152
CHM00056080,2012-06-05,TMAX,158
CHM00056046,2008-07-01,TMAX,174
CHM00056046,2012-05-02,TMAX,104
CHM00056080,2006-11-06,TMAX,96
CHM00056080,2005-02-20,TMIN,-151
CHM00056046,2011-08-18,TMAX,166
CHM00056046,2007-11-09,TMAX,70
CHM00052983,2010-05-22,TMAX,228
CHM00056046,2014-09-20,TMAX,171
CHM00056080,2007-06-29,TMAX,228
CHM00056046,2005-01-11,TMAX,-50
CHM00056046,2011-08-18,TMIN,78
CHM00056080,2006-11-06,TMIN,-76
CHM00056046,2014-08-06,TMAX,177
CHM00056046,2015-10-03,TMIN,-3
CHM00056080,2007-06-29,TMIN,46
CHM00056046,2008-07-01,TMIN,10
CHM00056080,2012-12-27,TMAX,56
CHM00052983,2010-05-22,TMIN,48
CHM00052983,2013-10-29,TMIN,42
CHM00052889,2007-06-30,TMAX,294
CHM00056046,2007-11-09,TMIN,-125
CHM00052889,2007-06-30,TMIN,190
CHM00056080,2011-02-16,TMAX,7
CHM00052983,2009-12-07,TMAX,5
CHM00052889,2007-07-02,TMIN,178
CHM00052889,2005-07-30,TMIN,181
CHM00056080,2007-11-30,TMIN,-145
CHM00056046,2007-11-30,TMIN,-181
CHM00056080,2005-01-24,TMIN,-138
CHM00056080,2005-01-24,TMAX,44
CHM00056046,2011-12-23,TMAX,-17
CHM00052889,2007-05-23,TMIN,119
CHM00056080,2009-08-16,TMIN,70
CHM00056046,2015-08-16,TMAX,153
CHM00056080,2006-11-10,TMAX,121
CHM00052889,2005-08-15,TMAX,224
CHM00052983,2012-09-17,TMIN,77
CHM00056046,2006-01-06,TMAX,24
CHM00056080,2015-12-16,TMIN,-223
CHM00056046,2010-08-03,TMIN,67
CHM00056046,2006-01-06,TMIN,-175
CHM00056046,2010-08-03,TMAX,209
CHM00052983,2006-11-06,TMAX,143
CHM00052889,2008-04-08,TMIN,125
CHM00056046,2009-01-05,TMIN,-136
CHM00052983,2006-11-06,TMIN,-24
CHM00056046,2010-12-30,TMAX,5
CHM00052983,2015-12-26,TMIN,-136
CHM00052889,2005-01-30,TMIN,-155
CHM00052889,2008-04-08,TMAX,211
CHM00056080,2007-11-30,TMAX,109
CHM00052889,2007-05-23,TMAX,216
CHM00052983,2010-02-13,TMAX,2
CHM00052889,2005-01-30,TMAX,-18
CHM00056080,2010-01-31,TMAX,63
CHM00056046,2007-11-30,TMAX,10
CHM00052983,2014-12-08,TMIN,-81
CHM00052983,2015-12-17,TMAX,-63
CHM00056080,2008-08-16,TMIN,59
CHM00052983,2013-05-18,TMIN,60
CHM00052983,2008-04-05,TMAX,197
CHM00052983,2008-04-05,TMIN,28
CHM00056080,2007-05-31,TMAX,161
CHM00052983,2006-10-25,TMIN,5
CHM00056080,2007-05-01,TMIN,-23
CHM00056080,2007-05-01,TMAX,197
CHM00056080,2007-05-31,TMIN,30
CHM00056046,2012-04-25,TMIN,-59
CHM00056046,2012-04-25,TMAX,57
CHM00056080,2011-09-13,TMIN,60
CHM00056080,2013-10-18,TMIN,17
CHM00056046,2008-02-03,TMAX,-80
CHM00056046,2008-02-03,TMIN,-296
CHM00056046,2008-08-17,TMIN,-8
CHM00056080,2007-12-06,TMIN,-157
CHM00052983,2010-01-27,TMIN,-133
CHM00056080,2006-11-10,TMIN,-74
CHM00056046,2007-05-17,TMIN,5
CHM00052983,2010-01-27,TMAX,27
CHM00056080,2009-08-16,TMAX,228
CHM00056046,2007-05-17,TMAX,71
CHM00052889,2005-11-09,TMIN,-50
CHM00052983,2014-12-08,TMAX,61
CHM00056080,2013-10-18,TMAX,91
CHM00056046,2006-08-12,TMIN,80
CHM00056046,2006-08-12,TMAX,171
CHM00052889,2005-08-15,TMIN,164
CHM00056080,2007-12-06,TMAX,71
CHM00052983,2015-12-17,TMIN,-144
CHM00052889,2005-11-09,TMAX,136
CHM00056080,2010-01-31,TMIN,-109
CHM00052983,2005-09-04,TMAX,178
CHM00052889,2008-03-22,TMAX,143
CHM00056080,2005-10-31,TMIN,-62
CHM00052983,2006-08-04,TMAX,287
CHM00056080,2009-07-17,TMAX,225
CHM00056046,2006-12-11,TMIN,-225
CHM00056046,2006-12-11,TMAX,-25
CHM00056080,2011-01-01,TMAX,-49
CHM00056046,2010-02-06,TMAX,17
CHM00056080,2011-01-01,TMIN,-138
CHM00056080,2009-07-17,TMIN,123
CHM00052889,2005-11-15,TMIN,-26
CHM00052889,2005-11-15,TMAX,79
CHM00052983,2009-06-28,TMAX,272
CHM00056046,2013-10-30,TMIN,-98
CHM00052983,2009-06-28,TMIN,129
CHM00056080,2014-01-04,TMIN,-201
CHM00052983,2014-06-01,TMIN,115
CHM00056080,2015-09-24,TMIN,21
CHM00056080,2010-02-06,TMIN,-160
CHM00056080,2010-05-12,TMIN,74
CHM00056080,2010-05-12,TMAX,193
CHM00052983,2008-10-01,TMAX,212
CHM00052983,2014-06-01,TMAX,320
CHM00056080,2010-02-06,TMAX,112
CHM00056080,2005-10-31,TMAX,88
CHM00056046,2010-02-06,TMIN,-207
CHM00052889,2008-10-08,TMAX,199
CHM00052889,2008-10-08,TMIN,88
CHM00052983,2015-03-30,TMIN,47
CHM00052983,2005-12-14,TMIN,-165
CHM00052983,2005-12-14,TMAX,-46
CHM00056046,2010-07-21,TMIN,68
CHM00056080,2014-12-17,TMIN,-182
CHM00056080,2014-01-04,TMAX,50
CHM00056080,2007-12-22,TMAX,77
CHM00056080,2008-08-16,TMAX,188
CHM00056046,2008-08-24,TMIN,70
CHM00056046,2008-08-17,TMAX,187
CHM00056080,2007-12-23,TMAX,52
CHM00056080,2007-12-23,TMIN,-115
CHM00056046,2010-12-30,TMIN,-242
CHM00056046,2013-08-09,TMAX,188
CHM00056046,2009-01-05,TMAX,-41
CHM00056046,2011-12-23,TMIN,-203
CHM00052889,2008-03-22,TMIN,28
CHM00052889,2006-07-19,TMAX,300
CHM00056080,2013-12-26,TMAX,-27
CHM00052889,2005-11-03,TMAX,158
CHM00056046,2006-11-27,TMAX,-43
CHM00056080,2007-12-22,TMIN,-138
CHM00052889,2005-11-03,TMIN,-12
CHM00056046,2006-11-27,TMIN,-172
CHM00056046,2013-08-09,TMIN,1
CHM00056080,2014-12-08,TMAX,105
CHM00056080,2010-02-16,TMIN,-118
CHM00056080,2010-02-16,TMAX,-26
CHM00052983,2013-01-08,TMAX,-32
CHM00056046,2012-05-14,TMIN,-6
CHM00052889,2006-07-19,TMIN,201
CHM00056046,2008-08-24,TMAX,125
CHM00056080,2014-12-08,TMIN,-130
CHM00056080,2014-06-01,TMIN,33
CHM00056080,2014-06-01,TMAX,271
CHM00056080,2010-11-19,TMAX,94
CHM00056046,2012-05-14,TMAX,96
CHM00056080,2010-11-19,TMIN,-133
CHM00056080,2011-09-13,TMAX,191
CHM00056046,2011-09-11,TMAX,137
CHM00052983,2010-01-04,TMIN,-118
CHM00052983,2011-11-21,TMAX,49
CHM00056080,2009-01-16,TMAX,43
CHM00056080,2009-01-16,TMIN,-158
CHM00056080,2006-08-04,TMIN,66
CHM00056080,2007-05-17,TMIN,13
CHM00056080,2008-07-07,TMIN,39
CHM00056080,2009-03-14,TMAX,120
CHM00056046,2010-10-06,TMAX,57
CHM00056080,2009-03-14,TMIN,-96
CHM00056080,2010-10-04,TMAX,152
CHM00056080,2007-11-29,TMIN,-143
CHM00056046,2011-01-04,TMIN,-215
CHM00056046,2005-09-15,TMAX,139
CHM00056046,2007-11-13,TMIN,-107
CHM00056080,2006-08-04,TMAX,245
CHM00056080,2015-04-27,TMIN,-32
CHM00052983,2010-05-10,TMIN,30
CHM00052983,2010-12-08,TMAX,75
CHM00052983,2010-12-08,TMIN,-107
CHM00052889,2008-02-01,TMAX,-59
CHM00056080,2007-11-29,TMAX,61
CHM00052983,2012-01-01,TMIN,-121
CHM00052983,2012-06-13,TMIN,118
CHM00056046,2009-04-09,TMAX,105
CHM00056080,2008-01-24,TMAX,-93
CHM00056080,2008-01-24,TMIN,-163
CHM00056046,2009-04-09,TMIN,-29
CHM00056080,2007-05-17,TMAX,198
CHM00052983,2012-06-13,TMAX,285
CHM00056080,2005-07-30,TMAX,174
CHM00056046,2011-01-04,TMAX,-3
CHM00056046,2009-08-18,TMIN,63
CHM00056080,2005-10-18,TMIN,15
CHM00056046,2005-02-24,TMAX,44
CHM00052983,2014-02-24,TMAX,95
CHM00052983,2014-03-29,TMAX,189
CHM00052983,2012-09-11,TMAX,139
CHM00052983,2012-01-17,TMAX,-2
CHM00056046,2015-03-11,TMAX,21
CHM00056046,2010-10-06,TMIN,-37
CHM00056046,2013-06-10,TMIN,-28
CHM00056046,2011-04-27,TMIN,-63
CHM00052983,2006-01-06,TMIN,-197
CHM00052983,2006-01-06,TMAX,-61
CHM00056080,2005-09-14,TMAX,175
CHM00052983,2012-01-04,TMIN,-169
CHM00056080,2005-09-14,TMIN,83
CHM00056080,2009-03-15,TMIN,-63
CHM00052983,2012-09-17,TMAX,208
CHM00056080,2009-03-15,TMAX,117
CHM00052983,2015-09-09,TMIN,109
CHM00052889,2008-02-01,TMIN,-151
CHM00056080,2013-12-25,TMAX,-46
CHM00052983,2010-05-10,TMAX,252
CHM00052889,2008-06-16,TMAX,288
CHM00056080,2005-03-02,TMIN,-159
CHM00056080,2005-03-02,TMAX,-15
CHM00052983,2014-09-21,TMAX,136
CHM00056080,2015-03-30,TMIN,-7
CHM00056046,2005-02-24,TMIN,-177
CHM00056046,2005-08-30,TMIN,74
CHM00056080,2008-07-07,TMAX,220
CHM00056046,2005-08-30,TMAX,173
CHM00056080,2008-01-22,TMIN,-155
CHM00052983,2012-04-28,TMAX,239
CHM00052983,2011-02-15,TMAX,29
CHM00056080,2005-07-30,TMIN,115
CHM00056046,2014-09-23,TMAX,64
CHM00056080,2012-01-16,TMAX,15
CHM00056080,2012-01-16,TMIN,-171
CHM00056080,2006-09-21,TMAX,191
CHM00056080,2006-09-21,TMIN,20
CHM00056046,2010-06-01,TMIN,22
CHM00056080,2015-03-01,TMIN,-104
CHM00056080,2015-03-01,TMAX,112
CHM00052983,2011-08-26,TMIN,88
CHM00052983,2012-09-07,TMAX,175
CHM00052889,2005-03-05,TMIN,-131
CHM00052983,2013-03-15,TMAX,157
CHM00052983,2012-09-19,TMAX,227
CHM00056080,2009-08-08,TMIN,115
CHM00052889,2005-03-05,TMAX,115
CHM00052983,2011-08-26,TMAX,266
CHM00056046,2011-09-25,TMIN,38
CHM00056046,2005-02-16,TMAX,1
CHM00052983,2005-11-24,TMAX,30
CHM00056080,2013-08-03,TMAX,221
CHM00056046,2011-09-25,TMAX,110
CHM00056046,2007-11-13,TMAX,16
CHM00056080,2009-08-08,TMAX,163
CHM00052889,2005-02-18,TMAX,-53
CHM00052889,2005-02-18,TMIN,-136
CHM00052983,2005-11-24,TMIN,-98
CHM00056046,2011-09-11,TMIN,15
CHM00056046,2013-05-29,TMIN,4
CHM00052983,2010-01-04,TMAX,20
CHM00056080,2014-12-17,TMAX,-13
CHM00052983,2006-10-25,TMAX,175
CHM00056046,2005-02-16,TMIN,-157
CHM00052889,2008-06-16,TMIN,129
CHM00052983,2008-04-04,TMIN,16
CHM00056046,2009-08-09,TMAX,127
CHM00056080,2010-10-04,TMIN,-24
CHM00052983,2015-08-05,TMIN,116
CHM00052983,2010-06-02,TMIN,60
CHM00052983,2010-06-02,TMAX,181
CHM00056046,2011-01-25,TMIN,-204
CHM00056046,2011-05-24,TMAX,87
CHM00056080,2008-01-22,TMAX,-94
CHM00056046,2009-08-18,TMAX,161
CHM00056046,2010-01-30,TMAX,5
CHM00056046,2011-01-25,TMAX,-18
CHM00056046,2010-01-30,TMIN,-181
CHM00052983,2012-01-01,TMAX,-15
CHM00056046,2010-06-01,TMAX,81
CHM00056046,2011-05-24,TMIN,-7
CHM00056046,2009-08-09,TMIN,55
CHM00052983,2012-09-19,TMIN,55
CHM00056080,2012-01-06,TMIN,-167
CHM00052983,2010-07-19,TMIN,97
CHM00052983,2005-01-31,TMIN,-102
CHM00056080,2012-01-06,TMAX,42
CHM00052983,2013-03-15,TMIN,-14
CHM00056046,2014-12-16,TMAX,-84
CHM00056080,2010-05-05,TMAX,154
CHM00056080,2010-05-05,TMIN,47
CHM00052983,2005-09-20,TMAX,150
CHM00056080,2014-02-26,TMAX,35
CHM00056046,2014-12-16,TMIN,-155
CHM00056080,2015-03-10,TMAX,71
CHM00052983,2010-07-19,TMAX,310
CHM00052983,2008-04-04,TMAX,182
CHM00052983,2005-01-31,TMAX,25
CHM00052983,2011-05-02,TMAX,217
CHM00052889,2005-12-04,TMIN,-188
CHM00052983,2012-01-08,TMIN,-137
CHM00056046,2014-09-30,TMIN,-33
CHM00056046,2005-02-18,TMAX,-19
CHM00056046,2014-09-30,TMAX,92
CHM00052983,2010-08-05,TMAX,283
CHM00052983,2010-08-05,TMIN,99
CHM00056080,2007-05-03,TMAX,91
CHM00056046,2005-01-24,TMIN,-137
CHM00056046,2014-09-28,TMAX,101
CHM00056046,2014-03-02,TMAX,-8
CHM00052983,2008-11-13,TMAX,62
CHM00056080,2013-03-27,TMAX,139
CHM00052983,2011-06-27,TMIN,73
CHM00056080,2007-05-03,TMIN,-5
CHM00056080,2013-03-27,TMIN,-77
CHM00056046,2009-04-05,TMIN,-35
CHM00056080,2014-01-14,TMAX,32
CHM00056046,2005-01-24,TMAX,-35
CHM00056046,2009-04-05,TMAX,25
CHM00056080,2008-01-20,TMIN,-135
CHM00052889,2008-12-03,TMIN,-40
CHM00052889,2008-12-03,TMAX,28
CHM00052889,2005-02-16,TMAX,18
CHM00056080,2008-01-20,TMAX,-47
CHM00052983,2006-09-04,TMAX,118
CHM00056080,2012-09-09,TMAX,195
CHM00052983,2011-06-27,TMAX,281
CHM00056046,2006-07-19,TMAX,231
CHM00056046,2006-07-19,TMIN,85
CHM00052889,2005-02-16,TMIN,-102
CHM00056046,2012-11-15,TMIN,-94
CHM00052983,2010-07-12,TMAX,227
CHM00052889,2007-07-13,TMIN,150
CHM00056046,2009-07-14,TMIN,85
CHM00052983,2015-12-03,TMAX,34
CHM00052983,2015-12-03,TMIN,-90
CHM00056046,2010-05-17,TMIN,-8
CHM00052983,2013-03-19,TMIN,-2
CHM00056046,2014-03-02,TMIN,-91
CHM00052889,2006-09-14,TMIN,46
CHM00052983,2009-03-21,TMAX,110
CHM00056080,2011-02-12,TMIN,-162
CHM00052983,2008-06-21,TMAX,258
CHM00052889,2007-12-17,TMIN,-54
CHM00056080,2013-11-04,TMIN,-31
CHM00052983,2009-03-09,TMAX,111
CHM00056046,2012-01-06,TMIN,-273
CHM00056046,2012-01-06,TMAX,-55
CHM00056046,2015-03-01,TMIN,-71
CHM00056046,2005-02-18,TMIN,-96
CHM00052983,2012-05-02,TMIN,56
CHM00056080,2012-05-28,TMAX,165
CHM00052983,2011-12-07,TMIN,-62
CHM00052889,2006-09-14,TMAX,240
CHM00052983,2010-05-21,TMAX,135
CHM00056046,2006-11-10,TMAX,48
CHM00052983,2008-11-13,TMIN,-11
CHM00056046,2007-11-22,TMAX,13
CHM00056046,2007-11-22,TMIN,-152
CHM00056080,2012-09-09,TMIN,82
CHM00056046,2012-11-15,TMAX,-21
CHM00056046,2010-02-16,TMIN,-98
CHM00056046,2010-02-16,TMAX,-31
CHM00056046,2009-07-14,TMAX,170
CHM00052983,2009-03-09,TMIN,-24
CHM00056046,2009-08-08,TMIN,44
CHM00052983,2005-09-13,TMAX,165
CHM00056046,2010-05-12,TMIN,0
CHM00056046,2013-01-12,TMAX,-48
CHM00056080,2007-12-24,TMAX,77
CHM00052983,2015-02-28,TMAX,1
CHM00052983,2012-06-09,TMIN,77
CHM00056046,2012-09-01,TMIN,24
CHM00052983,2012-06-09,TMAX,268
CHM00056080,2008-12-26,TMAX,93
CHM00052983,2006-08-08,TMIN,170
CHM00052983,2012-05-15,TMAX,218
CHM00052983,2006-08-08,TMAX,308
CHM00056046,2012-09-01,TMAX,115
CHM00052983,2012-05-15,TMIN,47
CHM00056046,2013-01-12,TMIN,-245
CHM00056046,2006-11-16,TMIN,-155
CHM00052983,2014-02-21,TMAX,60
CHM00052983,2013-02-10,TMIN,-76
CHM00052889,2005-11-17,TMAX,51
CHM00056046,2015-09-24,TMIN,17
CHM00056080,2005-08-27,TMIN,93
CHM00056080,2005-08-27,TMAX,185
CHM00052889,2007-05-17,TMAX,307
CHM00052983,2015-07-31,TMIN,153
CHM00056080,2010-06-01,TMAX,118
CHM00052983,2006-08-24,TMIN,84
CHM00052983,2006-08-24,TMAX,264
CHM00056080,2014-09-21,TMAX,104
CHM00052983,2006-08-28,TMAX,214
CHM00052889,2007-05-17,TMIN,129
CHM00052889,2007-07-02,TMAX,280
CHM00056046,2006-11-16,TMAX,68
CHM00052889,2005-11-17,TMIN,-13
CHM00052983,2006-09-06,TMAX,195
CHM00052983,2014-02-21,TMIN,-70
CHM00056046,2013-10-11,TMIN,-61
CHM00056046,2005-11-09,TMIN,-114
CHM00056080,2006-07-19,TMIN,134
CHM00056080,2006-07-19,TMAX,266
CHM00052983,2006-12-13,TMIN,-161
CHM00052983,2006-11-08,TMIN,-18
CHM00052983,2006-12-13,TMAX,-22
CHM00056080,2007-12-24,TMIN,-168
CHM00056046,2005-11-09,TMAX,48
CHM00056080,2014-01-14,TMIN,-207
CHM00052983,2007-05-10,TMIN,62
CHM00056046,2010-05-12,TMAX,125
CHM00052983,2006-11-08,TMAX,152
CHM00056080,2011-04-26,TMAX,189
CHM00056080,2011-04-26,TMIN,-4
CHM00056046,2013-10-11,TMAX,179
CHM00056046,2015-03-01,TMAX,75
CHM00052983,2013-06-12,TMIN,72
CHM00052889,2006-08-12,TMIN,200
CHM00056046,2009-08-08,TMAX,143
CHM00052889,2006-08-12,TMAX,300
CHM00052983,2005-09-13,TMIN,91
CHM00056046,2008-03-19,TMAX,71
CHM00052983,2013-02-10,TMAX,54
CHM00056046,2008-03-19,TMIN,-85
CHM00056046,2008-04-11,TMIN,-24
CHM00056046,2008-04-11,TMAX,77
CHM00052983,2006-11-25,TMIN,-29
CHM00052983,2006-11-25,TMAX,24
CHM00056080,2008-12-26,TMIN,-144
CHM00056080,2010-06-01,TMIN,31
CHM00052983,2007-05-10,TMAX,158
CHM00056046,2005-10-31,TMIN,-75
CHM00056046,2005-10-31,TMAX,9
CHM00056046,2006-11-10,TMIN,-132
CHM00052889,2005-12-23,TMIN,-188
CHM00052889,2006-12-09,TMIN,-125
CHM00056046,2011-08-17,TMAX,204
CHM00052983,2012-04-14,TMIN,55
CHM00056080,2008-06-29,TMIN,94
CHM00052983,2012-04-14,TMAX,170
CHM00056046,2011-08-17,TMIN,78
CHM00052889,2005-12-23,TMAX,20
CHM00056046,2015-03-10,TMAX,66
CHM00052983,2010-02-12,TMAX,25
CHM00056046,2007-05-03,TMAX,84
CHM00056080,2010-05-19,TMAX,189
CHM00056046,2007-05-03,TMIN,-25
CHM00056046,2012-09-21,TMAX,150
CHM00052983,2010-10-02,TMIN,2
CHM00056080,2008-06-29,TMAX,182
CHM00056046,2005-02-02,TMAX,-25
CHM00052983,2011-06-23,TMIN,91
CHM00056046,2014-03-03,TMAX,-14
CHM00052983,2011-03-02,TMAX,36
CHM00056046,2009-06-27,TMAX,161
CHM00052983,2008-10-01,TMIN,67
CHM00052983,2009-12-30,TMAX,-3
CHM00052983,2010-02-12,TMIN,-119
CHM00052983,2013-03-19,TMAX,165
CHM00056080,2010-05-19,TMIN,32
CHM00056046,2011-06-01,TMIN,7
CHM00056046,2011-06-01,TMAX,97
CHM00052889,2006-09-01,TMIN,137
CHM00052889,2006-09-01,TMAX,226
CHM00056046,2005-02-02,TMIN,-117
CHM00056046,2013-08-01,TMIN,10
CHM00056046,2008-11-04,TMIN,-114
CHM00052983,2010-10-02,TMAX,160
CHM00052889,2008-04-02,TMIN,15
CHM00056080,2013-06-07,TMIN,75
CHM00052889,2005-08-30,TMAX,296
CHM00056046,2009-06-27,TMIN,83
CHM00052983,2005-10-30,TMAX,115
CHM00052889,2005-08-30,TMIN,130
CHM00052983,2007-12-21,TMAX,85
CHM00052983,2005-10-30,TMIN,-50
CHM00052983,2007-12-21,TMIN,-95
CHM00052983,2012-01-08,TMAX,-19
CHM00056046,2012-10-21,TMAX,75
CHM00056046,2007-05-27,TMIN,25
CHM00056046,2007-11-29,TMIN,-188
CHM00056080,2011-02-12,TMAX,40
CHM00052889,2006-12-09,TMAX,-9
CHM00056046,2013-03-18,TMAX,23
CHM00056046,2012-10-21,TMIN,-66
CHM00056046,2007-11-29,TMAX,5
CHM00056046,2010-07-21,TMAX,188
CHM00056046,2007-05-01,TMIN,-68
CHM00052889,2008-04-02,TMAX,156
CHM00056046,2007-05-01,TMAX,146
CHM00056080,2009-08-09,TMAX,120
CHM00056080,2009-08-09,TMIN,58
CHM00056046,2005-03-02,TMIN,-151
CHM00052983,2012-01-10,TMIN,-128
CHM00056046,2005-03-02,TMAX,-45
CHM00052983,2012-01-10,TMAX,-38
CHM00056046,2008-11-04,TMAX,-7
CHM00056046,2007-05-27,TMAX,134
CHM00052983,2011-06-23,TMAX,269
CHM00052889,2005-12-04,TMAX,-40
CHM00056080,2006-11-27,TMAX,-5
CHM00056080,2006-11-27,TMIN,-82
CHM00056080,2011-09-21,TMIN,53
CHM00052983,2008-11-14,TMAX,77
CHM00052889,2008-12-14,TMAX,50
CHM00056046,2015-08-04,TMAX,169
CHM00052983,2007-11-14,TMAX,120
CHM00056080,2010-11-18,TMIN,-77
CHM00052983,2013-07-01,TMIN,148
CHM00052983,2010-07-12,TMIN,123
CHM00056080,2012-05-28,TMIN,61
CHM00056080,2007-11-22,TMIN,-120
CHM00052983,2015-09-18,TMIN,86
CHM00052889,2005-02-24,TMIN,-93
CHM00052889,2005-02-24,TMAX,92
CHM00052983,2011-12-07,TMAX,-32
CHM00056080,2011-09-21,TMAX,113
CHM00052889,2007-07-13,TMAX,265
CHM00056080,2007-11-22,TMAX,74
CHM00052983,2014-04-13,TMIN,20
CHM00056080,2014-12-16,TMIN,-175
CHM00056080,2014-12-16,TMAX,-14
CHM00056080,2010-11-18,TMAX,40
CHM00052983,2008-11-14,TMIN,11
CHM00056080,2009-04-09,TMAX,160
CHM00052983,2012-05-02,TMAX,173
CHM00056080,2009-04-09,TMIN,17
CHM00056080,2011-08-19,TMAX,157
CHM00056080,2014-07-27,TMIN,63
CHM00056080,2014-07-27,TMAX,232
CHM00056080,2011-08-19,TMIN,99
CHM00052983,2006-09-06,TMIN,87
CHM00052983,2014-04-13,TMAX,211
CHM00056046,2012-09-21,TMIN,51
CHM00052983,2009-07-04,TMIN,116
CHM00052889,2008-12-14,TMIN,-70
CHM00056080,2006-11-16,TMIN,-79
CHM00056080,2006-11-16,TMAX,105
CHM00056046,2009-03-15,TMAX,69
CHM00056080,2013-04-07,TMIN,-59
CHM00056080,2005-11-09,TMIN,-79
CHM00056080,2013-04-07,TMAX,117
CHM00052983,2009-12-30,TMIN,-144
CHM00052983,2013-01-09,TMIN,-171
CHM00056046,2010-05-17,TMAX,136
CHM00056046,2010-02-18,TMAX,-46
CHM00056080,2006-01-06,TMAX,11
CHM00052983,2007-04-26,TMAX,162
CHM00056046,2009-03-15,TMIN,-106
CHM00052889,2007-12-17,TMAX,40
CHM00056080,2012-01-19,TMIN,-149
CHM00056046,2012-06-02,TMIN,42
CHM00056046,2010-02-18,TMIN,-124
CHM00056046,2012-06-02,TMAX,100
CHM00052983,2009-08-02,TMAX,244
CHM00056080,2012-06-14,TMIN,79
CHM00056080,2005-11-09,TMAX,124
CHM00052983,2013-01-09,TMAX,7
CHM00052983,2009-07-04,TMAX,288
CHM00056080,2012-01-19,TMAX,-43
CHM00056046,2005-08-27,TMAX,172
CHM00056046,2005-08-27,TMIN,67
CHM00052983,2006-08-01,TMIN,142
CHM00052983,2006-08-01,TMAX,306
CHM00056080,2012-06-14,TMAX,179
CHM00052983,2013-08-05,TMIN,137
CHM00056080,2006-01-06,TMIN,-206
CHM00056046,2014-04-07,TMIN,-47
CHM00052889,2005-12-20,TMAX,-42
CHM00052889,2005-12-20,TMIN,-165
CHM00056080,2010-08-07,TMAX,267
CHM00056080,2014-07-28,TMAX,245
CHM00056080,2014-08-29,TMAX,218
CHM00056046,2011-02-17,TMAX,30
CHM00056080,2013-10-14,TMAX,116
CHM00056080,2013-10-14,TMIN,0
CHM00056080,2014-08-29,TMIN,57
CHM00052889,2006-11-05,TMAX,160
CHM00056046,2011-02-17,TMIN,-116
CHM00056080,2014-07-28,TMIN,62
CHM00052889,2005-09-10,TMIN,110
CHM00052889,2006-08-04,TMAX,326
CHM00052889,2006-08-04,TMIN,149
CHM00056080,2011-09-23,TMIN,66
CHM00056080,2010-06-05,TMIN,26
CHM00056080,2015-07-25,TMAX,238
CHM00056080,2015-07-25,TMIN,27
CHM00056080,2011-05-31,TMIN,-1
CHM00052983,2011-06-30,TMAX,194
CHM00052983,2011-06-30,TMIN,98
CHM00056046,2011-08-27,TMIN,-24
CHM00056046,2011-08-27,TMAX,172
CHM00052889,2005-09-10,TMAX,294
CHM00052889,2008-07-01,TMAX,338
CHM00056080,2012-12-22,TMAX,-24
CHM00056046,2014-04-07,TMAX,61
CHM00052983,2012-11-08,TMIN,-61
CHM00056080,2011-05-31,TMAX,170
CHM00056080,2009-12-14,TMIN,-85
CHM00056080,2011-09-23,TMAX,160
CHM00056046,2009-01-08,TMAX,-92
CHM00056046,2005-11-15,TMAX,57
CHM00052983,2009-12-11,TMIN,-57
CHM00056046,2006-09-02,TMIN,49
CHM00056080,2006-08-24,TMAX,204
CHM00056080,2006-08-24,TMIN,38
CHM00056080,2008-02-01,TMAX,-52
CHM00056080,2009-04-18,TMAX,111
CHM00056046,2006-09-02,TMAX,199
CHM00056080,2013-08-06,TMAX,216
CHM00056046,2010-02-17,TMIN,-121
CHM00056080,2005-12-20,TMIN,-188
CHM00056080,2012-09-22,TMAX,179
CHM00056046,2009-01-08,TMIN,-223
CHM00056080,2014-07-05,TMAX,242
CHM00056080,2012-09-22,TMIN,60
CHM00056080,2014-09-15,TMAX,166
CHM00056080,2009-12-14,TMAX,-5
CHM00056080,2005-12-20,TMAX,-5
CHM00056080,2012-12-22,TMIN,-154
CHM00052889,2005-09-15,TMAX,199
CHM00052889,2006-11-05,TMIN,-10
CHM00056046,2013-08-31,TMIN,37
CHM00056080,2014-09-15,TMIN,44
CHM00056080,2009-04-18,TMIN,6
CHM00056046,2005-11-15,TMIN,-120
CHM00052983,2014-09-27,TMIN,72
CHM00052983,2009-12-11,TMAX,23
CHM00052889,2005-02-20,TMAX,29
CHM00052983,2014-09-27,TMAX,171
CHM00052889,2005-02-20,TMIN,-163
CHM00056080,2008-11-16,TMAX,51
CHM00056080,2008-11-16,TMIN,-42
CHM00052889,2008-07-01,TMIN,157
CHM00052983,2010-08-08,TMIN,159
CHM00056046,2013-06-28,TMIN,21
CHM00052983,2010-08-08,TMAX,292
CHM00056046,2010-01-31,TMAX,-5
CHM00056080,2010-10-18,TMAX,143
CHM00056046,2009-08-16,TMAX,173
CHM00056046,2014-04-08,TMAX,106
CHM00056046,2009-08-16,TMIN,42
CHM00056080,2010-10-18,TMIN,-9
CHM00056080,2008-12-08,TMIN,-136
CHM00056080,2010-01-30,TMAX,58
CHM00056080,2012-10-29,TMIN,9
CHM00056046,2009-12-07,TMAX,2
CHM00056046,2009-12-07,TMIN,-165
CHM00052983,2010-09-25,TMAX,171
CHM00056080,2006-10-25,TMIN,-2
CHM00056046,2012-09-09,TMAX,161
CHM00052983,2008-09-05,TMAX,262
CHM00056080,2008-12-08,TMAX,62
CHM00056080,2010-08-03,TMIN,122
CHM00056080,2006-10-25,TMAX,126
CHM00056080,2010-08-03,TMAX,229
CHM00056046,2012-09-09,TMIN,19
CHM00056080,2008-02-10,TMIN,-130
CHM00056080,2008-02-10,TMAX,-51
CHM00052983,2008-09-02,TMAX,153
CHM00056080,2013-08-08,TMIN,32
CHM00056046,2005-12-04,TMIN,-205
CHM00056046,2005-12-04,TMAX,16
CHM00056080,2007-11-20,TMAX,80
CHM00056080,2011-06-22,TMAX,122
CHM00056080,2007-11-20,TMIN,-102
CHM00052889,2007-11-22,TMAX,95
CHM00056046,2010-01-31,TMIN,-171
CHM00056080,2012-06-08,TMAX,168
CHM00056080,2012-10-29,TMAX,94
CHM00056046,2005-12-20,TMAX,-38
CHM00056080,2010-06-05,TMAX,190
CHM00056080,2006-08-19,TMAX,183
CHM00056080,2006-08-19,TMIN,111
CHM00056080,2010-12-30,TMIN,-203
CHM00056080,2010-12-30,TMAX,37
CHM00056080,2008-07-08,TMAX,244
CHM00056080,2008-07-08,TMIN,35
CHM00052983,2012-11-08,TMAX,128
CHM00056046,2010-05-19,TMAX,123
CHM00056080,2008-02-09,TMAX,-76
CHM00056080,2008-02-09,TMIN,-160
CHM00052983,2015-12-27,TMIN,-143
CHM00056046,2009-04-16,TMIN,-31
CHM00052983,2011-09-20,TMIN,63
CHM00052983,2008-01-26,TMAX,-114
CHM00052983,2011-09-20,TMAX,166
CHM00056046,2009-04-16,TMAX,152
CHM00052983,2011-05-07,TMIN,123
CHM00056046,2012-01-13,TMIN,-190
CHM00056046,2010-05-19,TMIN,4
CHM00052889,2005-09-15,TMIN,126
CHM00052983,2011-05-07,TMAX,300
CHM00056046,2015-02-27,TMAX,51
CHM00056046,2014-04-08,TMIN,-51
CHM00056046,2005-09-07,TMIN,-11
CHM00052983,2008-09-05,TMIN,85
CHM00056046,2005-09-07,TMAX,104
CHM00056080,2015-04-08,TMIN,-40
CHM00056046,2005-12-20,TMIN,-158
CHM00056080,2010-08-07,TMIN,111
CHM00056080,2010-01-30,TMIN,-169
CHM00056080,2012-06-08,TMIN,70
CHM00056080,2007-05-27,TMAX,173
CHM00052983,2008-10-08,TMAX,177
CHM00052983,2009-04-04,TMAX,111
CHM00056080,2005-11-15,TMAX,74
CHM00056080,2005-09-15,TMAX,128
CHM00056046,2006-08-24,TMAX,141
CHM00052889,2006-08-28,TMAX,250
CHM00052889,2006-08-28,TMIN,152
CHM00052983,2008-12-14,TMAX,33
CHM00056046,2006-08-24,TMIN,47
CHM00056080,2008-06-30,TMIN,72
CHM00056080,2007-05-10,TMIN,11
CHM00052889,2006-11-13,TMIN,-57
CHM00056080,2013-05-12,TMAX,196
CHM00056046,2011-05-27,TMAX,183
CHM00056080,2013-05-12,TMIN,-13
CHM00052889,2008-01-23,TMAX,-64
CHM00056080,2008-02-01,TMIN,-226
CHM00052983,2010-05-13,TMAX,146
CHM00056080,2012-06-21,TMIN,58
CHM00056046,2009-12-26,TMIN,-230
CHM00056046,2009-03-14,TMIN,-132
CHM00056046,2009-12-26,TMAX,-79
CHM00056046,2011-04-30,TMAX,162
CHM00052983,2007-07-04,TMAX,195
CHM00056046,2011-04-30,TMIN,-46
CHM00056046,2010-07-20,TMAX,193
CHM00056080,2011-05-01,TMIN,2
CHM00056046,2013-05-17,TMIN,-12
CHM00056080,2010-06-04,TMIN,29
CHM00056046,2010-11-24,TMAX,24
CHM00052983,2013-03-17,TMAX,141
CHM00056046,2010-11-24,TMIN,-175
CHM00056080,2012-06-21,TMAX,200
CHM00056080,2007-05-10,TMAX,168
CHM00056080,2005-11-15,TMIN,-36
CHM00056080,2006-12-11,TMAX,12
CHM00056046,2008-12-05,TMAX,-14
CHM00056046,2005-02-20,TMIN,-150
CHM00056046,2008-12-05,TMIN,-197
CHM00056080,2010-02-02,TMAX,23
CHM00056046,2005-11-13,TMAX,48
CHM00056080,2010-02-02,TMIN,-130
CHM00056046,2005-02-20,TMAX,0
CHM00052983,2008-12-11,TMAX,60
CHM00056046,2005-12-23,TMIN,-189
CHM00052983,2010-10-15,TMAX,185
CHM00056046,2014-08-02,TMAX,204
CHM00056046,2015-02-25,TMAX,53
CHM00052983,2008-12-11,TMIN,-104
CHM00052983,2011-05-06,TMAX,278
CHM00056046,2009-03-14,TMAX,62
CHM00052889,2008-01-23,TMIN,-110
CHM00052983,2010-10-15,TMIN,13
CHM00056080,2005-09-15,TMIN,71
CHM00052983,2011-05-06,TMIN,85
CHM00056046,2015-02-25,TMIN,-86
CHM00056046,2005-12-23,TMAX,41
CHM00056046,2011-05-27,TMIN,-22
CHM00056046,2010-11-19,TMAX,32
CHM00056046,2006-08-19,TMAX,156
CHM00052983,2011-02-25,TMAX,139
CHM00056046,2006-08-19,TMIN,84
CHM00052983,2011-02-25,TMIN,-5
CHM00052983,2008-12-14,TMIN,-112
CHM00056046,2010-11-19,TMIN,-211
CHM00056080,2011-09-17,TMAX,68
CHM00052889,2007-11-22,TMIN,-30
CHM00052983,2012-04-20,TMIN,21
CHM00056046,2010-07-20,TMIN,19
CHM00056046,2009-08-29,TMIN,-19
CHM00056046,2006-09-08,TMAX,143
CHM00056046,2012-12-22,TMAX,-55
CHM00056046,2014-08-31,TMIN,51
CHM00056080,2005-12-30,TMAX,57
CHM00056080,2005-12-30,TMIN,-150
CHM00056046,2012-12-22,TMIN,-216
CHM00052889,2006-09-02,TMIN,105
CHM00056080,2012-04-26,TMAX,152
CHM00056080,2005-12-04,TMIN,-172
CHM00052983,2006-09-29,TMAX,126
CHM00056080,2005-08-30,TMIN,88
CHM00052983,2014-03-30,TMAX,101
CHM00056080,2006-10-31,TMAX,95
CHM00052889,2008-11-18,TMAX,54
CHM00056080,2012-04-26,TMIN,-51
CHM00056046,2014-01-16,TMAX,-36
CHM00056080,2005-08-30,TMAX,212
CHM00052889,2008-01-18,TMIN,-60
CHM00056080,2006-10-31,TMIN,-52
CHM00056080,2006-09-01,TMIN,101
CHM00052889,2007-06-05,TMAX,314
CHM00052983,2013-02-14,TMAX,16
CHM00052889,2008-01-18,TMAX,-12
CHM00052983,2007-12-01,TMAX,17
CHM00056080,2006-09-01,TMAX,170
CHM00056046,2010-02-17,TMAX,-25
CHM00056080,2007-05-27,TMIN,43
CHM00052889,2007-06-05,TMIN,210
CHM00052983,2008-10-08,TMIN,44
CHM00056080,2005-12-04,TMAX,38
CHM00052983,2012-04-20,TMAX,171
CHM00056046,2014-08-31,TMAX,119
CHM00052889,2008-11-18,TMIN,-18
CHM00052983,2014-09-01,TMAX,213
CHM00052983,2008-02-11,TMAX,-62
CHM00052889,2006-11-13,TMAX,101
CHM00056080,2011-05-01,TMAX,89
CHM00052983,2011-01-04,TMAX,-36
CHM00056046,2013-10-18,TMAX,51
CHM00052983,2008-06-11,TMAX,279
CHM00052983,2008-06-11,TMIN,100
CHM00056046,2010-07-15,TMIN,103
CHM00056080,2010-06-04,TMAX,169
CHM00056080,2011-09-17,TMIN,12
CHM00056046,2013-10-18,TMIN,-25
CHM00052983,2011-01-04,TMIN,-146
CHM00056080,2015-03-11,TMIN,-101
CHM00056046,2009-08-29,TMAX,131
CHM00056046,2011-05-02,TMAX,94
CHM00056080,2015-03-11,TMAX,79
CHM00056046,2006-07-27,TMAX,203
CHM00056046,2006-07-27,TMIN,9
CHM00056080,2014-01-10,TMAX,-24
CHM00056080,2014-07-05,TMIN,64
CHM00056046,2006-09-08,TMIN,-3
CHM00056046,2011-05-02,TMIN,-19
CHM00056080,2015-03-03,TMAX,90
CHM00056080,2008-06-30,TMAX,166
CHM00056046,2010-07-15,TMAX,211
CHM00052889,2006-09-02,TMAX,287
CHM00056046,2005-02-26,TMAX,-3
CHM00056080,2015-03-03,TMIN,-119
CHM00056046,2005-02-26,TMIN,-105
CHM00052983,2008-03-18,TMAX,177
CHM00056046,2006-08-28,TMAX,146
CHM00056080,2011-06-22,TMIN,72
CHM00052889,2005-08-27,TMAX,236
CHM00056080,2010-05-04,TMIN,20
CHM00056046,2012-08-27,TMAX,136
CHM00056080,2010-01-14,TMAX,59
CHM00052983,2008-03-17,TMIN,-6
CHM00056046,2014-04-03,TMAX,48
CHM00056080,2010-01-14,TMIN,-181
CHM00056046,2014-04-03,TMIN,-50
CHM00052889,2008-07-04,TMAX,299
CHM00056046,2010-09-27,TMIN,16
CHM00052983,2009-08-06,TMAX,279
CHM00056080,2006-08-12,TMIN,122
CHM00056046,2005-09-15,TMIN,61
CHM00052983,2006-12-02,TMAX,-4
CHM00056080,2006-08-12,TMAX,254
CHM00056046,2013-05-03,TMIN,-12
CHM00052983,2006-12-02,TMIN,-104
CHM00056046,2012-06-21,TMAX,147
CHM00052983,2009-08-06,TMIN,125
CHM00056080,2008-06-23,TMIN,49
CHM00056046,2010-09-27,TMAX,106
CHM00052889,2007-05-03,TMAX,207
CHM00056046,2012-01-19,TMAX,-28
CHM00056080,2015-02-25,TMAX,59
CHM00052889,2007-05-03,TMIN,108
CHM00056046,2012-01-19,TMIN,-195
CHM00056080,2008-09-01,TMAX,207
CHM00056080,2008-09-01,TMIN,21
CHM00056046,2015-08-11,TMIN,2
CHM00052983,2006-09-26,TMAX,142
CHM00056046,2007-07-28,TMIN,24
CHM00056046,2012-06-21,TMIN,44
CHM00056046,2007-07-28,TMAX,137
CHM00056080,2012-09-12,TMAX,117
CHM00052983,2008-03-17,TMAX,200
CHM00052889,2005-08-20,TMAX,257
CHM00056080,2012-05-14,TMIN,-10
CHM00052889,2005-01-17,TMAX,10
CHM00056046,2013-02-23,TMIN,-151
CHM00052983,2008-08-25,TMIN,75
CHM00056046,2008-01-22,TMIN,-116
CHM00052983,2008-08-25,TMAX,279
CHM00056046,2010-12-04,TMAX,25
CHM00056080,2011-09-06,TMAX,118
CHM00056046,2012-11-03,TMAX,6
CHM00056046,2008-02-05,TMIN,-270
CHM00056080,2011-09-06,TMIN,74
CHM00056046,2012-11-03,TMIN,-77
CHM00052983,2013-03-20,TMAX,186
CHM00056080,2010-05-04,TMAX,236
CHM00052889,2008-07-04,TMIN,164
CHM00056080,2005-09-24,TMAX,108
CHM00056046,2008-02-05,TMAX,-40
CHM00056080,2005-09-24,TMIN,71
CHM00052889,2007-05-06,TMIN,124
CHM00052983,2013-02-12,TMAX,20
CHM00056046,2013-02-23,TMAX,56
CHM00052889,2007-05-06,TMAX,289
CHM00052983,2012-06-04,TMAX,240
CHM00056080,2012-05-14,TMAX,109
CHM00052983,2011-06-26,TMAX,186
CHM00052983,2012-11-10,TMAX,2
CHM00056080,2012-09-12,TMIN,36
CHM00052983,2012-06-04,TMIN,90
CHM00052983,2005-12-30,TMAX,25
CHM00056046,2012-08-27,TMIN,49
CHM00052983,2005-08-27,TMAX,220
CHM00056080,2010-02-18,TMIN,-158
CHM00052889,2007-07-28,TMAX,308
CHM00052983,2011-09-14,TMAX,236
CHM00056046,2009-12-14,TMIN,-74
CHM00052983,2011-04-05,TMAX,73
CHM00056046,2009-12-14,TMAX,1
CHM00056046,2011-09-21,TMIN,57
CHM00056046,2014-08-29,TMIN,60
CHM00056046,2014-08-29,TMAX,142
CHM00056080,2010-02-17,TMAX,-15
CHM00056080,2010-02-17,TMIN,-170
CHM00056046,2011-04-27,TMAX,127
CHM00056046,2006-10-23,TMAX,103
CHM00056046,2006-10-23,TMIN,-51
CHM00052983,2011-05-02,TMIN,36
CHM00056080,2005-02-18,TMIN,-153
CHM00056046,2011-09-21,TMAX,165
CHM00052983,2012-04-28,TMIN,71
CHM00056080,2005-02-18,TMAX,-40
CHM00056046,2006-08-04,TMIN,-8
CHM00056080,2009-06-29,TMIN,93
CHM00052889,2005-10-23,TMAX,153
CHM00056080,2005-10-18,TMAX,96
CHM00052983,2012-01-04,TMAX,-16
CHM00052983,2014-03-29,TMIN,16
CHM00056080,2014-01-13,TMAX,34
CHM00056080,2014-01-13,TMIN,-211
CHM00056046,2015-09-08,TMIN,43
CHM00052889,2005-10-23,TMIN,-50
CHM00052983,2005-08-23,TMAX,264
CHM00052983,2011-01-25,TMIN,-134
CHM00052983,2005-08-23,TMIN,105
CHM00056046,2006-08-04,TMAX,171
CHM00056046,2014-04-01,TMAX,42
CHM00052889,2005-01-28,TMAX,-26
CHM00052983,2007-07-11,TMAX,264
CHM00056080,2005-02-24,TMIN,-117
CHM00056080,2008-06-23,TMAX,208
CHM00056080,2011-08-17,TMIN,96
CHM00056080,2005-02-24,TMAX,75
CHM00056080,2011-08-17,TMAX,200
CHM00052983,2010-01-14,TMIN,-140
CHM00052983,2006-09-26,TMIN,99
CHM00056080,2010-02-18,TMAX,6
CHM00052889,2007-07-28,TMIN,158
CHM00056080,2009-06-29,TMAX,148
CHM00052983,2013-08-30,TMIN,101
CHM00056046,2013-06-30,TMIN,84
CHM00056080,2009-12-07,TMAX,8
CHM00056080,2009-12-07,TMIN,-95
CHM00052889,2005-01-28,TMIN,-94
CHM00056080,2015-08-16,TMAX,165
CHM00052983,2007-11-20,TMIN,-59
CHM00056046,2005-07-30,TMAX,163
CHM00056046,2005-07-30,TMIN,82
CHM00052983,2007-11-20,TMAX,83
CHM00056046,2008-03-15,TMAX,11
CHM00052983,2007-12-09,TMAX,17
CHM00052983,2012-05-06,TMAX,212
CHM00052983,2012-05-06,TMIN,84
CHM00056080,2005-02-16,TMIN,-142
CHM00056080,2005-02-16,TMAX,-23
CHM00056046,2007-05-31,TMAX,100
CHM00052983,2011-09-14,TMIN,85
CHM00052983,2011-09-04,TMAX,161
CHM00056046,2007-05-31,TMIN,13
CHM00056046,2008-03-15,TMIN,-43
CHM00052889,2005-07-30,TMAX,239
CHM00056046,2010-05-05,TMIN,-2
CHM00056080,2012-12-29,TMIN,-210
CHM00056080,2008-04-11,TMAX,91
CHM00052889,2008-06-08,TMIN,138
CHM00052983,2013-08-22,TMIN,138
CHM00056080,2006-07-27,TMIN,67
CHM00056080,2014-05-14,TMAX,54
CHM00056080,2014-05-14,TMIN,-2
CHM00056080,2005-11-12,TMIN,-66
CHM00052983,2007-05-22,TMAX,197
CHM00052889,2005-12-09,TMIN,-135
CHM00052889,2005-12-09,TMAX,34
CHM00056080,2012-09-01,TMIN,53
CHM00056080,2014-09-30,TMIN,37
CHM00056046,2014-06-23,TMIN,78
CHM00056080,2014-09-30,TMAX,191
CHM00056080,2008-04-11,TMIN,-14
CHM00056080,2010-07-18,TMAX,196
CHM00052889,2006-09-12,TMAX,237
CHM00052983,2006-11-11,TMAX,190
CHM00052983,2006-11-11,TMIN,-42
CHM00056046,2014-06-23,TMAX,155
CHM00056080,2012-04-25,TMIN,-43
CHM00056080,2014-09-28,TMAX,164
CHM00056080,2012-09-01,TMAX,160
CHM00052983,2015-08-29,TMIN,99
CHM00056080,2012-04-25,TMAX,137
CHM00056046,2007-11-17,TMIN,-104
CHM00056046,2010-09-25,TMIN,7
CHM00056046,2007-11-17,TMAX,44
CHM00052983,2009-01-14,TMAX,36
CHM00052983,2008-06-06,TMAX,146
CHM00052889,2006-09-12,TMIN,51
CHM00052889,2008-04-18,TMIN,127
CHM00056080,2006-07-27,TMAX,245
CHM00056080,2010-07-18,TMIN,97
CHM00052889,2005-08-27,TMIN,141
CHM00056046,2012-01-16,TMAX,-5
CHM00056046,2012-01-16,TMIN,-130
CHM00056046,2006-08-28,TMIN,64
CHM00056046,2012-01-13,TMAX,-43
CHM00056080,2010-11-20,TMAX,101
CHM00052983,2013-12-22,TMIN,-149
CHM00056080,2008-11-06,TMIN,-38
CHM00056080,2008-11-06,TMAX,21
CHM00056080,2005-02-26,TMAX,36
CHM00052983,2006-12-04,TMAX,51
CHM00052983,2006-12-04,TMIN,-90
CHM00056080,2005-02-26,TMIN,-46
CHM00052983,2011-08-14,TMIN,190
CHM00056080,2014-04-05,TMAX,95
CHM00052983,2011-08-14,TMAX,278
CHM00056080,2005-11-12,TMAX,97
CHM00052983,2006-08-19,TMAX,232
CHM00052983,2013-12-22,TMAX,5
CHM00056080,2010-05-24,TMAX,250
CHM00056046,2010-01-26,TMIN,-139
CHM00056080,2010-05-24,TMIN,55
CHM00056046,2006-09-01,TMIN,63
CHM00056046,2010-01-26,TMAX,-35
CHM00052983,2014-12-18,TMIN,-103
CHM00056046,2006-09-01,TMAX,186
CHM00052983,2014-12-18,TMAX,12
CHM00052889,2008-06-08,TMAX,286
CHM00056080,2015-08-11,TMIN,39
CHM00052983,2009-03-10,TMAX,45
CHM00056080,2010-11-20,TMIN,-131
CHM00052889,2005-01-17,TMIN,-174
CHM00052983,2009-01-14,TMIN,-164
CHM00056046,2010-09-25,TMAX,105
CHM00056080,2015-12-26,TMIN,-199
CHM00056080,2005-02-02,TMIN,-109
CHM00052983,2013-03-20,TMIN,-9
CHM00056080,2015-12-26,TMAX,29
CHM00052983,2005-08-22,TMAX,233
CHM00052889,2008-10-03,TMAX,214
CHM00056046,2015-12-16,TMAX,-72
CHM00056080,2005-08-04,TMAX,226
CHM00056080,2005-08-04,TMIN,57
CHM00056046,2015-12-16,TMIN,-234
CHM00056080,2005-02-02,TMAX,73
CHM00056046,2006-09-21,TMAX,164
CHM00056080,2006-08-28,TMAX,170
CHM00056046,2010-12-04,TMIN,-206
CHM00056080,2011-09-25,TMAX,128
CHM00056080,2014-05-13,TMAX,135
CHM00052889,2008-12-04,TMAX,-16
CHM00052889,2008-12-04,TMIN,-87
CHM00056046,2012-11-12,TMIN,-117
CHM00056046,2012-11-12,TMAX,28
CHM00056080,2012-12-29,TMAX,-75
CHM00056046,2006-09-21,TMIN,-43
CHM00052889,2005-08-12,TMIN,146
CHM00052983,2010-01-10,TMAX,-31
CHM00056046,2012-06-08,TMIN,9
CHM00056046,2012-06-08,TMAX,136
CHM00052889,2005-08-12,TMAX,310
CHM00056046,2010-05-05,TMAX,182
CHM00056046,2008-01-22,TMAX,-47
CHM00052889,2005-08-20,TMIN,139
CHM00056080,2006-08-28,TMIN,85
CHM00052889,2008-04-18,TMAX,235
CHM00056080,2011-09-25,TMIN,42
CHM00056080,2014-12-09,TMAX,-36
CHM00056080,2011-12-10,TMAX,-17
CHM00056046,2011-08-19,TMAX,188
CHM00052889,2008-03-14,TMAX,173
CHM00052889,2008-03-14,TMIN,34
CHM00052983,2008-09-26,TMAX,94
CHM00052983,2008-09-26,TMIN,73
CHM00056046,2011-08-19,TMIN,85
CHM00052889,2005-01-13,TMAX,3
CHM00052983,2008-12-26,TMIN,-114
CHM00052983,2009-08-14,TMAX,275
CHM00056080,2010-10-17,TMAX,168
CHM00052983,2008-12-26,TMAX,53
CHM00056080,2010-10-17,TMIN,34
CHM00056080,2014-09-29,TMAX,204
CHM00056080,2009-08-18,TMAX,179
CHM00056080,2007-11-09,TMAX,90
CHM00052983,2005-11-28,TMIN,-73
CHM00056080,2007-11-09,TMIN,-82
CHM00052889,2005-01-13,TMIN,-149
CHM00052983,2013-02-12,TMIN,-120
CHM00056080,2014-09-29,TMIN,4
CHM00056080,2009-08-29,TMIN,26
CHM00052889,2007-05-01,TMAX,274
CHM00052889,2007-05-01,TMIN,76
CHM00056080,2011-12-10,TMIN,-149
CHM00056046,2011-02-11,TMIN,-183
CHM00056046,2011-02-11,TMAX,38
CHM00056080,2009-08-18,TMIN,93
CHM00052983,2009-08-14,TMIN,132
CHM00052889,2008-10-03,TMIN,127
CHM00056080,2009-08-29,TMAX,183
CHM00056046,2013-02-14,TMAX,-21
CHM00052889,2005-10-18,TMIN,54
CHM00056080,2007-07-24,TMAX,217
CHM00056080,2011-01-08,TMAX,-12
CHM00056080,2006-07-29,TMIN,96
CHM00056046,2009-01-11,TMIN,-236
CHM00056080,2014-07-29,TMIN,65
CHM00056046,2009-01-11,TMAX,-47
CHM00056080,2014-07-29,TMAX,244
CHM00052983,2012-06-14,TMAX,252
CHM00056080,2006-08-26,TMIN,45
CHM00056046,2009-01-15,TMAX,-8
CHM00056080,2010-08-10,TMIN,127
CHM00056046,2007-04-27,TMIN,-45
CHM00056080,2007-11-26,TMIN,-128
CHM00052983,2015-03-11,TMAX,119
CHM00052983,2006-07-29,TMAX,287
CHM00056080,2007-11-26,TMAX,38
CHM00052889,2008-08-21,TMIN,175
CHM00056046,2013-01-03,TMAX,-33
CHM00056080,2006-08-26,TMAX,185
CHM00056080,2011-01-08,TMIN,-177
CHM00056046,2008-04-05,TMAX,73
CHM00056080,2005-09-02,TMIN,79
CHM00056080,2014-12-26,TMIN,-136
CHM00056046,2009-01-15,TMIN,-233
CHM00052983,2012-06-14,TMIN,124
CHM00056080,2014-02-23,TMAX,109
CHM00052889,2007-12-19,TMIN,-65
CHM00052983,2006-12-03,TMAX,12
CHM00052889,2008-06-30,TMIN,205
CHM00052983,2006-12-03,TMIN,-76
CHM00052889,2008-06-30,TMAX,281
CHM00056046,2008-04-05,TMIN,-43
CHM00056080,2010-08-10,TMAX,254
CHM00056046,2014-02-26,TMAX,55
CHM00056080,2005-08-29,TMIN,74
CHM00056080,2005-08-29,TMAX,207
CHM00056046,2014-02-26,TMIN,-113
CHM00056046,2008-08-26,TMIN,17
CHM00052889,2008-08-21,TMAX,255
CHM00052983,2009-07-08,TMAX,221
CHM00056080,2011-12-26,TMAX,79
CHM00056080,2009-04-06,TMAX,94
CHM00056080,2014-11-21,TMIN,-54
CHM00052889,2005-08-19,TMAX,225
CHM00056080,2011-01-25,TMAX,-3
CHM00052983,2006-09-28,TMAX,182
CHM00052983,2006-09-28,TMIN,82
CHM00052889,2005-11-20,TMIN,-80
CHM00056080,2008-07-11,TMAX,176
CHM00056080,2014-11-21,TMAX,76
CHM00052889,2005-11-20,TMAX,46
CHM00056080,2006-08-09,TMIN,103
CHM00056080,2014-06-25,TMIN,89
CHM00056046,2015-07-27,TMIN,8
CHM00056080,2006-08-09,TMAX,277
CHM00056046,2011-01-03,TMIN,-210
CHM00056046,2011-01-03,TMAX,-32
CHM00052983,2011-01-07,TMIN,-165
CHM00052983,2011-01-07,TMAX,-18
CHM00052889,2005-08-19,TMIN,99
CHM00056080,2014-12-26,TMAX,34
CHM00056080,2007-05-09,TMIN,12
CHM00056080,2014-10-04,TMAX,122
CHM00056080,2011-12-26,TMIN,-147
CHM00056080,2009-04-06,TMIN,-35
CHM00056080,2014-06-25,TMAX,158
CHM00052983,2015-03-11,TMIN,-41
CHM00052889,2005-02-25,TMAX,104
CHM00056046,2008-08-26,TMAX,176
CHM00056046,2007-04-27,TMAX,38
CHM00052889,2005-12-22,TMIN,-209
CHM00052889,2005-02-25,TMIN,-60
CHM00052889,2005-12-22,TMAX,5
CHM00052983,2014-04-26,TMAX,132
CHM00052889,2006-11-02,TMAX,161
CHM00052889,2006-11-02,TMIN,-16
CHM00056080,2007-05-09,TMAX,214
CHM00056080,2011-01-25,TMIN,-197
CHM00052983,2014-04-26,TMIN,11
CHM00052983,2013-08-03,TMIN,102
CHM00056080,2008-07-11,TMIN,85
CHM00056080,2007-12-21,TMIN,-119
CHM00056080,2014-02-23,TMIN,-95
CHM00056046,2011-09-16,TMIN,37
CHM00056080,2015-04-24,TMAX,112
CHM00056080,2015-04-24,TMIN,-32
CHM00056080,2014-04-07,TMIN,-58
CHM00056080,2014-04-07,TMAX,152
CHM00056046,2009-08-03,TMIN,40
CHM00056046,2009-08-03,TMAX,173
CHM00052889,2008-12-26,TMIN,-76
CHM00056080,2014-01-11,TMIN,-173
CHM00056046,2010-05-25,TMIN,41
CHM00056046,2010-05-25,TMAX,166
CHM00056080,2008-01-23,TMAX,-85
CHM00056046,2007-04-21,TMAX,97
CHM00056080,2012-05-29,TMAX,182
CHM00056080,2006-11-13,TMAX,100
CHM00052983,2011-01-14,TMAX,-61
CHM00056046,2015-12-08,TMIN,-175
CHM00056046,2007-04-21,TMIN,-11
CHM00056080,2012-09-21,TMIN,67
CHM00056080,2010-07-16,TMIN,119
CHM00056080,2010-07-16,TMAX,214
CHM00056080,2010-05-10,TMIN,-28
CHM00052889,2005-01-25,TMIN,-155
CHM00052889,2008-06-29,TMIN,181
CHM00056080,2008-01-23,TMIN,-197
CHM00052889,2005-01-25,TMAX,54
CHM00052889,2008-06-29,TMAX,286
CHM00056080,2010-05-10,TMAX,196
CHM00056080,2008-10-09,TMIN,8
CHM00056046,2005-08-05,TMIN,60
CHM00056046,2005-08-05,TMAX,147
CHM00056046,2015-08-01,TMIN,15
CHM00056046,2014-07-05,TMAX,182
CHM00056046,2014-02-18,TMAX,-107
CHM00056080,2014-01-11,TMAX,-36
CHM00056080,2012-09-21,TMAX,188
CHM00056046,2007-05-09,TMAX,158
CHM00056046,2007-05-09,TMIN,-4
CHM00052889,2005-09-22,TMAX,241
CHM00056080,2013-01-14,TMIN,-147
CHM00056080,2012-05-29,TMIN,27
CHM00056046,2006-08-26,TMAX,118
CHM00056080,2010-10-12,TMAX,130
CHM00052889,2007-12-19,TMAX,56
CHM00056046,2008-04-19,TMIN,-39
CHM00056080,2007-08-04,TMAX,227
CHM00052983,2012-01-05,TMIN,-145
CHM00052983,2012-01-05,TMAX,16
CHM00052983,2012-12-23,TMAX,-37
CHM00056080,2007-08-04,TMIN,78
CHM00056046,2008-06-11,TMIN,18
CHM00052889,2008-12-26,TMAX,60
CHM00056046,2008-06-11,TMAX,111
CHM00056046,2013-01-03,TMIN,-118
CHM00056080,2006-11-26,TMAX,-9
CHM00056080,2006-11-26,TMIN,-123
CHM00056080,2007-05-25,TMAX,136
CHM00056080,2007-05-25,TMIN,58
CHM00056080,2006-07-29,TMAX,229
CHM00056080,2010-10-12,TMIN,25
CHM00056046,2011-09-16,TMAX,131
CHM00056080,2006-11-13,TMIN,-74
CHM00052983,2012-12-23,TMIN,-226
CHM00056046,2006-08-26,TMIN,23
CHM00056080,2013-01-14,TMAX,22
CHM00056080,2012-09-19,TMIN,14
CHM00056080,2008-10-09,TMAX,78
CHM00056046,2008-06-30,TMAX,118
CHM00056080,2010-01-05,TMIN,-79
CHM00056080,2005-09-02,TMAX,203
CHM00052889,2005-09-22,TMIN,62
CHM00056080,2012-09-19,TMAX,186
CHM00056080,2010-01-05,TMAX,45
CHM00056080,2010-05-16,TMAX,144
CHM00052889,2006-07-18,TMIN,182
CHM00052889,2006-07-18,TMAX,309
CHM00056080,2010-05-16,TMIN,43
CHM00056046,2006-08-27,TMIN,30
CHM00056046,2006-08-27,TMAX,110
CHM00056046,2008-04-19,TMAX,118
CHM00056046,2008-06-30,TMIN,15
CHM00056046,2014-07-05,TMIN,81
CHM00056080,2007-12-21,TMAX,59
CHM00056046,2006-01-02,TMAX,84
CHM00052983,2012-08-19,TMIN,78
CHM00052983,2012-08-19,TMAX,259
CHM00052889,2005-01-21,TMAX,5
CHM00052983,2006-11-13,TMIN,-51
CHM00056046,2011-05-26,TMAX,136
CHM00056046,2008-03-18,TMAX,53
CHM00056046,2011-12-10,TMIN,-131
CHM00052889,2005-01-21,TMIN,-153
CHM00052983,2006-11-13,TMAX,82
CHM00056080,2005-03-09,TMAX,112
CHM00056046,2013-04-10,TMAX,12
CHM00052983,2007-07-03,TMAX,273
CHM00056080,2007-05-02,TMIN,-7
CHM00056080,2007-05-02,TMAX,204
CHM00056080,2005-03-09,TMIN,-90
CHM00056046,2011-12-10,TMAX,-14
CHM00056046,2008-03-18,TMIN,-64
CHM00056080,2009-09-01,TMAX,195
CHM00056080,2009-09-01,TMIN,85
CHM00052983,2013-02-21,TMIN,-70
CHM00056080,2009-08-14,TMIN,33
CHM00056046,2007-06-29,TMIN,10
CHM00056080,2009-08-14,TMAX,209
CHM00052983,2008-12-12,TMIN,-83
CHM00056046,2007-06-29,TMAX,185
CHM00052983,2008-12-12,TMAX,38
CHM00052983,2005-02-13,TMIN,-44
CHM00052983,2005-02-13,TMAX,60
CHM00052889,2008-01-19,TMAX,-24
CHM00056080,2013-02-09,TMAX,37
CHM00052889,2008-12-15,TMAX,62
CHM00052889,2008-12-15,TMIN,-71
CHM00056080,2007-11-24,TMAX,108
CHM00056080,2007-11-24,TMIN,-136
CHM00056046,2013-03-16,TMIN,-92
CHM00056046,2013-03-16,TMAX,84
CHM00052983,2013-02-21,TMAX,36
CHM00056046,2014-12-31,TMAX,-8
CHM00056046,2014-12-31,TMIN,-247
CHM00052889,2007-11-15,TMIN,34
CHM00052889,2007-11-15,TMAX,130
CHM00052983,2014-01-14,TMIN,-147
CHM00056046,2014-06-02,TMAX,199
CHM00056046,2014-06-02,TMIN,37
CHM00056080,2010-10-06,TMIN,-25
CHM00052983,2006-09-18,TMAX,225
CHM00052983,2006-09-13,TMAX,141
CHM00056046,2011-11-25,TMIN,-133
CHM00052983,2005-09-24,TMAX,169
CHM00052889,2008-06-22,TMIN,129
CHM00052889,2008-06-22,TMAX,263
CHM00056080,2010-07-14,TMAX,181
CHM00056080,2006-12-14,TMAX,7
CHM00056080,2006-12-14,TMIN,-217
CHM00056046,2013-02-11,TMAX,19
CHM00052983,2010-09-22,TMAX,157
CHM00056046,2010-01-05,TMIN,-110
CHM00052983,2007-06-07,TMAX,257
CHM00052983,2008-09-27,TMIN,79
CHM00052983,2014-07-01,TMAX,254
CHM00056080,2010-10-06,TMAX,119
CHM00052983,2010-01-12,TMAX,-47
CHM00056046,2005-12-10,TMAX,35
CHM00052983,2008-09-27,TMAX,131
CHM00056080,2007-06-03,TMIN,82
CHM00056046,2005-12-10,TMIN,-160
CHM00052983,2007-07-03,TMIN,130
CHM00056080,2007-06-03,TMAX,163
CHM00052983,2013-12-20,TMAX,-36
CHM00056046,2009-03-16,TMAX,63
CHM00052889,2006-11-17,TMAX,112
CHM00052889,2006-11-17,TMIN,-65
CHM00056046,2009-03-16,TMIN,-85
CHM00052983,2013-10-24,TMAX,174
CHM00052983,2013-10-24,TMIN,-7
CHM00052983,2010-01-12,TMIN,-181
CHM00052889,2005-09-05,TMAX,267
CHM00052983,2006-09-18,TMIN,53
CHM00052889,2005-09-05,TMIN,78
CHM00052983,2014-01-14,TMAX,18
CHM00056046,2006-01-02,TMIN,-178
CHM00052889,2008-01-19,TMIN,-60
CHM00052983,2010-11-19,TMAX,139
CHM00056046,2011-08-13,TMIN,32
CHM00052889,2005-11-08,TMIN,-54
CHM00052889,2005-11-08,TMAX,147
CHM00052983,2014-05-12,TMIN,42
CHM00056046,2005-03-09,TMAX,21
CHM00056046,2005-03-09,TMIN,-121
CHM00056046,2011-08-13,TMAX,230
CHM00052983,2009-06-25,TMAX,298
CHM00052983,2007-11-02,TMIN,-38
CHM00056080,2013-04-10,TMIN,-77
CHM00056080,2013-04-10,TMAX,100
CHM00052889,2008-01-24,TMAX,-68
CHM00052889,2008-01-24,TMIN,-114
CHM00056046,2005-10-26,TMAX,16
CHM00056080,2008-11-09,TMIN,-43
CHM00056080,2008-11-09,TMAX,104
CHM00052983,2007-11-02,TMAX,118
CHM00052983,2014-07-01,TMIN,94
CHM00056046,2009-07-31,TMIN,62
CHM00056080,2011-08-27,TMIN,36
CHM00056046,2012-12-26,TMAX,-36
CHM00056080,2013-06-12,TMIN,12
CHM00056046,2012-12-26,TMIN,-159
CHM00056046,2008-01-30,TMIN,-195
CHM00056046,2008-01-30,TMAX,-95
CHM00052983,2009-08-12,TMIN,103
CHM00056046,2015-07-27,TMAX,192
CHM00052983,2009-08-12,TMAX,282
CHM00052889,2008-12-11,TMAX,66
CHM00056046,2005-08-29,TMIN,15
CHM00056046,2005-08-29,TMAX,186
CHM00056080,2011-08-27,TMAX,217
CHM00056046,2008-10-07,TMIN,-8
CHM00052889,2008-12-11,TMIN,-67
CHM00056046,2009-07-31,TMAX,145
CHM00056046,2008-10-07,TMAX,57
CHM00052983,2014-05-12,TMAX,219
CHM00056080,2012-04-16,TMIN,0
CHM00056046,2010-11-26,TMAX,58
CHM00056080,2007-06-28,TMIN,70
CHM00056046,2010-11-26,TMIN,-161
CHM00056046,2007-07-22,TMIN,0
CHM00052983,2010-11-25,TMAX,71
CHM00056046,2005-10-26,TMIN,-41
CHM00052983,2012-06-01,TMAX,242
CHM00052889,2005-09-11,TMIN,109
CHM00052983,2013-09-08,TMIN,87
CHM00056080,2012-04-16,TMAX,33
CHM00056046,2006-09-18,TMIN,-47
CHM00056046,2006-12-14,TMAX,-74
CHM00052983,2010-11-25,TMIN,-80
CHM00056046,2006-12-14,TMIN,-274
CHM00052889,2006-08-27,TMIN,145
CHM00056046,2007-11-21,TMAX,20
CHM00056046,2007-11-21,TMIN,-106
CHM00052983,2012-06-01,TMIN,92
CHM00052983,2010-11-19,TMIN,-69
CHM00052889,2006-08-27,TMAX,268
CHM00056046,2006-09-18,TMAX,125
CHM00052889,2005-09-11,TMAX,260
CHM00056046,2010-05-03,TMAX,107
CHM00052983,2005-12-21,TMAX,-19
CHM00056046,2011-05-26,TMIN,-19
CHM00056080,2007-06-28,TMAX,170
CHM00052983,2011-06-21,TMIN,142
CHM00056046,2008-03-25,TMIN,-88
CHM00056046,2008-03-25,TMAX,16
CHM00056046,2008-02-12,TMAX,-63
CHM00056046,2008-02-12,TMIN,-225
CHM00052983,2011-06-21,TMAX,192
CHM00056046,2008-08-14,TMIN,71
CHM00056046,2007-12-07,TMAX,21
CHM00056046,2007-12-07,TMIN,-176
CHM00056046,2007-07-22,TMAX,164
CHM00056046,2008-08-14,TMAX,108
CHM00056046,2013-11-06,TMIN,-118
CHM00052889,2006-08-13,TMAX,240
CHM00052889,2006-08-13,TMIN,161
CHM00056046,2010-05-03,TMIN,6
CHM00052983,2005-12-21,TMIN,-187
CHM00056080,2011-03-31,TMIN,13
CHM00052983,2014-09-30,TMIN,78
CHM00056080,2009-08-12,TMIN,27
CHM00056080,2012-12-25,TMAX,-15
CHM00052889,2006-12-14,TMAX,-23
CHM00056046,2005-09-19,TMAX,195
CHM00056080,2009-03-07,TMAX,67
CHM00056080,2012-12-25,TMIN,-164
CHM00056080,2009-03-07,TMIN,-111
CHM00052983,2008-03-16,TMAX,181
CHM00052983,2014-03-05,TMIN,-36
CHM00056046,2005-09-19,TMIN,54
CHM00052983,2008-03-16,TMIN,-7
CHM00056080,2015-12-08,TMIN,-134
CHM00056080,2010-05-03,TMIN,75
CHM00056080,2010-05-03,TMAX,172
CHM00052983,2011-04-30,TMAX,192
CHM00052983,2011-04-30,TMIN,85
CHM00056046,2011-12-26,TMAX,11
CHM00052889,2006-12-14,TMIN,-158
CHM00056080,2014-11-29,TMIN,-102
CHM00056080,2008-06-11,TMAX,196
CHM00056080,2005-12-22,TMAX,50
CHM00056080,2014-11-29,TMAX,78
CHM00056046,2014-09-24,TMAX,87
CHM00056046,2006-08-02,TMAX,168
CHM00052889,2005-12-29,TMAX,-3
CHM00056046,2006-08-02,TMIN,-6
CHM00052983,2011-08-23,TMIN,78
CHM00056080,2005-12-22,TMIN,-202
CHM00056080,2008-03-31,TMIN,-18
CHM00056046,2009-03-22,TMIN,-88
CHM00052983,2011-08-23,TMAX,270
CHM00052889,2005-12-29,TMIN,-152
CHM00052983,2014-03-05,TMAX,77
CHM00056080,2008-03-31,TMAX,100
CHM00056080,2008-06-11,TMIN,31
CHM00056046,2005-09-02,TMIN,24
CHM00052889,2005-03-09,TMAX,168
CHM00052889,2005-03-09,TMIN,-61
CHM00056080,2005-08-05,TMIN,97
CHM00052983,2012-06-11,TMIN,102
CHM00052983,2005-08-28,TMAX,282
CHM00052983,2005-08-28,TMIN,114
CHM00052983,2014-07-26,TMAX,298
CHM00052983,2012-08-27,TMAX,216
CHM00052983,2012-11-03,TMAX,9
CHM00056046,2014-12-26,TMAX,-16
CHM00056046,2014-12-26,TMIN,-188
CHM00052983,2008-01-20,TMAX,-63
CHM00056046,2007-11-24,TMAX,23
CHM00056046,2011-12-26,TMIN,-173
CHM00052983,2010-02-22,TMAX,140
CHM00056046,2007-11-24,TMIN,-193
CHM00052983,2010-02-22,TMIN,-59
CHM00056046,2009-01-04,TMIN,-174
CHM00056080,2012-11-13,TMIN,-104
CHM00056080,2005-08-05,TMAX,129
CHM00056046,2014-06-30,TMAX,100
CHM00056046,2013-12-21,TMIN,-204
CHM00052983,2009-04-06,TMIN,3
CHM00052889,2008-06-10,TMAX,303
CHM00056080,2005-12-05,TMAX,28
CHM00052983,2012-06-11,TMAX,261
CHM00052889,2008-06-10,TMIN,157
CHM00056080,2005-11-16,TMIN,-41
CHM00056046,2008-08-31,TMIN,-21
CHM00056046,2008-08-31,TMAX,116
CHM00052983,2014-07-26,TMIN,129
CHM00056046,2007-05-18,TMAX,142
CHM00056046,2007-05-18,TMIN,-26
CHM00056080,2005-11-16,TMAX,16
CHM00056046,2007-05-13,TMIN,4
CHM00056046,2007-05-13,TMAX,106
CHM00052889,2006-10-29,TMIN,71
CHM00052889,2006-10-29,TMAX,166
CHM00056080,2005-12-21,TMAX,0
CHM00056080,2010-07-10,TMIN,39
CHM00056080,2010-07-10,TMAX,200
CHM00056046,2005-09-22,TMIN,20
CHM00056046,2005-09-22,TMAX,93
CHM00056080,2005-12-21,TMIN,-222
CHM00056046,2015-04-06,TMAX,7
CHM00056046,2013-12-21,TMAX,-79
CHM00056046,2014-09-24,TMIN,-16
CHM00056046,2005-09-02,TMAX,160
CHM00052889,2008-01-22,TMAX,-40
CHM00052889,2007-12-21,TMAX,69
CHM00056046,2007-11-15,TMAX,57
CHM00056080,2013-03-29,TMAX,130
CHM00056046,2013-10-27,TMIN,-88
CHM00056046,2010-07-16,TMAX,157
CHM00056046,2010-07-16,TMIN,82
CHM00056080,2014-08-06,TMAX,147
CHM00056046,2011-09-22,TMIN,50
CHM00052983,2011-12-05,TMAX,34
CHM00056046,2008-10-01,TMAX,122
CHM00056046,2008-10-01,TMIN,36
CHM00052889,2007-12-21,TMIN,-53
CHM00052983,2011-11-23,TMIN,-57
CHM00056046,2011-09-22,TMAX,160
CHM00052983,2015-03-01,TMAX,63
CHM00052983,2011-12-05,TMIN,-74
CHM00052889,2008-01-22,TMIN,-105
CHM00056046,2007-11-15,TMIN,-126
CHM00056080,2008-12-14,TMAX,35
CHM00056080,2008-12-14,TMIN,-161
CHM00052889,2005-10-27,TMAX,102
CHM00056046,2012-01-11,TMAX,-18
CHM00052983,2009-08-17,TMIN,138
CHM00052983,2009-08-17,TMAX,298
CHM00056046,2006-08-03,TMIN,-8
CHM00056080,2013-11-01,TMIN,-98
CHM00056046,2010-07-14,TMAX,215
CHM00056046,2006-08-03,TMAX,165
CHM00056046,2008-10-09,TMIN,-9
CHM00056080,2008-04-05,TMIN,-31
CHM00052889,2005-11-27,TMIN,-69
CHM00052889,2005-11-27,TMAX,57
CHM00056046,2013-04-11,TMAX,87
CHM00052983,2014-01-16,TMIN,-145
CHM00052983,2014-01-16,TMAX,45
CHM00056046,2013-04-11,TMIN,-106
CHM00052983,2015-03-01,TMIN,-76
CHM00052983,2011-11-23,TMAX,120
CHM00052983,2007-07-15,TMAX,290
CHM00056046,2006-07-18,TMIN,75
CHM00056046,2009-03-17,TMAX,38
CHM00056046,2005-12-21,TMIN,-242
CHM00056046,2011-11-20,TMIN,-130
CHM00056046,2005-08-19,TMIN,66
CHM00056046,2009-09-05,TMIN,45
CHM00056080,2008-04-15,TMAX,96
CHM00056080,2008-04-15,TMIN,-8
CHM00056046,2005-08-19,TMAX,135
CHM00056080,2015-12-22,TMIN,-161
CHM00056046,2013-02-16,TMIN,-156
CHM00056046,2013-02-16,TMAX,65
CHM00056046,2011-06-20,TMIN,87
CHM00056046,2009-03-22,TMAX,99
CHM00052983,2009-08-28,TMAX,170
CHM00056046,2011-06-20,TMAX,166
CHM00052889,2005-02-13,TMAX,67
CHM00052889,2005-02-13,TMIN,-70
CHM00056046,2009-03-17,TMIN,-69
CHM00056080,2005-12-05,TMIN,-129
CHM00056046,2005-12-21,TMAX,-43
CHM00056046,2010-05-16,TMIN,-7
CHM00056046,2006-07-18,TMAX,233
CHM00056046,2010-07-14,TMIN,71
CHM00056046,2010-05-16,TMAX,132
CHM00056080,2006-09-05,TMAX,185
CHM00056080,2007-07-31,TMIN,82
CHM00052983,2007-07-15,TMIN,113
CHM00056080,2006-09-05,TMIN,67
CHM00056080,2015-12-22,TMAX,46
CHM00056046,2008-09-03,TMAX,115
CHM00056080,2008-04-05,TMAX,166
CHM00056080,2007-07-31,TMAX,132
CHM00056046,2008-09-03,TMIN,5
CHM00052983,2013-10-25,TMIN,22
CHM00052983,2015-09-13,TMAX,214
CHM00056046,2011-11-20,TMAX,43
CHM00056046,2014-08-09,TMIN,81
CHM00056046,2009-09-05,TMAX,233
CHM00056046,2014-08-09,TMAX,187
CHM00052983,2009-04-06,TMAX,181
CHM00056046,2009-01-04,TMAX,7
CHM00056046,2008-04-02,TMIN,-61
CHM00056046,2013-10-09,TMAX,152
CHM00056046,2013-10-09,TMIN,-87
CHM00056046,2014-06-03,TMAX,177
CHM00056046,2012-06-03,TMIN,35
CHM00052889,2007-11-10,TMIN,25
CHM00056046,2012-06-03,TMAX,87
CHM00056046,2005-12-05,TMIN,-120
CHM00056080,2007-04-21,TMAX,123
CHM00056046,2005-11-16,TMIN,-94
CHM00056046,2014-06-03,TMIN,38
CHM00056046,2005-11-16,TMAX,17
CHM00052889,2007-11-10,TMAX,128
CHM00056046,2011-04-02,TMIN,-39
CHM00052983,2006-01-07,TMAX,-48
CHM00052983,2014-08-10,TMIN,130
CHM00052983,2012-05-01,TMAX,186
CHM00056046,2005-12-05,TMAX,-17
CHM00056080,2014-05-12,TMAX,216
CHM00056080,2007-04-21,TMIN,20
CHM00056080,2009-09-05,TMIN,129
CHM00052889,2007-04-29,TMIN,58
CHM00052889,2007-04-29,TMAX,214
CHM00056046,2005-12-22,TMAX,16
CHM00056080,2014-05-12,TMIN,5
CHM00056080,2005-09-19,TMAX,160
CHM00056080,2005-09-19,TMIN,70
CHM00052983,2007-05-30,TMAX,198
CHM00056046,2005-11-08,TMIN,-101
CHM00052983,2012-11-14,TMIN,-53
CHM00052983,2012-11-14,TMAX,85
CHM00052983,2008-02-02,TMIN,-212
CHM00056046,2005-11-08,TMAX,44
CHM00052983,2006-11-05,TMAX,138
CHM00052983,2006-11-05,TMIN,-18
CHM00056046,2007-05-25,TMAX,58
CHM00056046,2007-05-25,TMIN,10
CHM00056080,2009-09-05,TMAX,245
CHM00056046,2011-12-25,TMAX,16
CHM00056046,2011-04-02,TMAX,54
CHM00052983,2014-08-10,TMAX,234
CHM00056046,2007-07-31,TMIN,49
CHM00052983,2005-08-15,TMAX,197
CHM00056046,2012-08-29,TMIN,48
CHM00056046,2012-08-29,TMAX,128
CHM00056046,2009-12-11,TMIN,-67
CHM00056046,2009-12-11,TMAX,74
CHM00052983,2010-02-18,TMIN,-130
CHM00056080,2011-03-23,TMAX,29
CHM00052983,2010-02-18,TMAX,15
CHM00056046,2013-05-28,TMAX,207
CHM00056080,2005-10-25,TMAX,125
CHM00056080,2014-12-11,TMAX,-38
CHM00056080,2006-01-02,TMIN,-140
CHM00056080,2011-03-23,TMIN,-114
CHM00056080,2011-03-31,TMAX,110
CHM00056080,2006-01-02,TMAX,157
CHM00052983,2014-09-30,TMAX,184
CHM00056080,2009-08-12,TMAX,239
CHM00056080,2006-08-27,TMAX,148
CHM00056046,2005-12-22,TMIN,-230
CHM00056080,2006-08-27,TMIN,99
CHM00056046,2009-03-20,TMAX,79
CHM00052983,2008-03-22,TMAX,105
CHM00056046,2007-07-31,TMAX,111
CHM00052983,2011-08-27,TMAX,266
CHM00056046,2006-11-26,TMAX,-23
CHM00056046,2006-11-26,TMIN,-175
CHM00056080,2005-10-25,TMIN,-53
CHM00052889,2005-12-10,TMAX,-15
CHM00052889,2006-08-03,TMIN,125
CHM00052889,2005-12-10,TMIN,-86
CHM00052983,2011-08-27,TMIN,88
CHM00056080,2006-09-27,TMAX,142
CHM00056080,2006-09-27,TMIN,61
CHM00052889,2006-08-03,TMAX,327
CHM00052983,2015-10-03,TMIN,50
CHM00056080,2013-11-07,TMIN,-54
CHM00056046,2006-11-29,TMAX,-42
CHM00056046,2009-03-20,TMIN,-65
CHM00056046,2006-11-29,TMIN,-232
CHM00056080,2006-08-02,TMIN,57
CHM00056080,2006-08-02,TMAX,235
CHM00052889,2008-07-08,TMAX,359
CHM00056080,2009-08-03,TMIN,110
CHM00052983,2011-01-26,TMIN,-103
CHM00052983,2011-01-26,TMAX,-29
CHM00056046,2014-04-30,TMAX,112
CHM00052983,2009-12-20,TMAX,-8
CHM00052983,2011-11-30,TMAX,17
CHM00056080,2009-08-03,TMAX,198
CHM00052983,2010-08-03,TMAX,296
CHM00052983,2012-11-03,TMIN,-99
CHM00056046,2009-04-01,TMAX,27
CHM00056080,2007-04-27,TMAX,94
CHM00056080,2011-12-05,TMAX,59
CHM00052983,2010-08-03,TMIN,193
CHM00056046,2009-04-01,TMIN,-51
CHM00056080,2011-12-05,TMIN,-94
CHM00052889,2006-08-26,TMAX,314
CHM00052889,2006-08-26,TMIN,100
CHM00052983,2009-12-20,TMIN,-136
CHM00056080,2007-05-18,TMAX,230
CHM00052889,2008-03-19,TMAX,226
CHM00056046,2012-05-06,TMIN,-6
CHM00052983,2008-12-06,TMIN,-134
CHM00056080,2012-11-13,TMAX,129
CHM00052983,2008-12-06,TMAX,18
CHM00052983,2009-12-27,TMIN,-172
CHM00056080,2010-08-02,TMAX,252
CHM00056080,2015-08-01,TMIN,85
CHM00052983,2006-11-29,TMAX,7
CHM00052983,2009-12-27,TMAX,7
CHM00056080,2010-08-02,TMIN,109
CHM00056046,2014-04-30,TMIN,-42
CHM00056046,2013-05-18,TMAX,85
CHM00056046,2008-04-02,TMAX,18
CHM00056080,2005-11-08,TMIN,-66
CHM00056080,2005-11-08,TMAX,135
CHM00052983,2011-11-30,TMIN,-62
CHM00052889,2008-03-19,TMIN,90
CHM00056080,2007-04-27,TMIN,-27
CHM00056046,2012-05-06,TMAX,144
CHM00052983,2007-06-07,TMIN,100
CHM00056080,2007-05-18,TMIN,4
CHM00056046,2007-12-09,TMIN,-184
CHM00056046,2010-07-28,TMIN,51
CHM00052889,2005-12-15,TMAX,-15
CHM00056046,2010-07-28,TMAX,236
CHM00056080,2015-03-15,TMIN,-46
CHM00056046,2007-08-04,TMAX,182
CHM00056046,2007-08-04,TMIN,75
CHM00056046,2015-04-24,TMIN,-77
CHM00056046,2005-09-13,TMAX,157
CHM00056046,2005-09-13,TMIN,52
CHM00056046,2010-07-17,TMAX,163
CHM00056046,2010-06-08,TMIN,19
CHM00056046,2010-07-17,TMIN,52
CHM00052983,2009-04-25,TMAX,166
CHM00052983,2008-02-02,TMAX,-66
CHM00052983,2009-04-25,TMIN,19
CHM00056046,2010-06-08,TMAX,137
CHM00052889,2008-07-08,TMIN,184
CHM00052889,2005-12-15,TMIN,-197
CHM00052889,2007-11-21,TMAX,72
CHM00056046,2011-12-25,TMIN,-177
CHM00056046,2013-11-01,TMIN,-150
CHM00056046,2007-12-09,TMAX,-30
CHM00056046,2015-12-13,TMAX,-15
CHM00056080,2007-12-02,TMAX,53
CHM00056080,2011-12-20,TMAX,53
CHM00052889,2007-11-21,TMIN,-10
CHM00056080,2011-12-20,TMIN,-141
CHM00056080,2007-12-02,TMIN,-107
CHM00056046,2011-05-10,TMAX,132
CHM00056046,2011-05-10,TMIN,5
CHM00056080,2012-11-04,TMIN,-111
CHM00052983,2011-05-26,TMAX,247
CHM00056080,2011-03-20,TMIN,-76
CHM00056080,2012-11-04,TMAX,93
CHM00056080,2011-03-20,TMAX,-17
CHM00052983,2015-09-20,TMIN,47
CHM00056080,2009-01-11,TMIN,-211
CHM00056080,2009-01-11,TMAX,16
CHM00052983,2011-05-26,TMIN,55
CHM00052983,2014-02-25,TMAX,88
CHM00056046,2010-01-05,TMAX,-38
CHM00056046,2011-11-25,TMAX,72
CHM00052889,2007-06-10,TMIN,157
CHM00052983,2009-07-20,TMIN,142
CHM00056046,2013-01-01,TMAX,-24
CHM00052983,2011-03-30,TMAX,171
CHM00052889,2007-06-10,TMAX,286
CHM00056080,2005-02-17,TMIN,-129
CHM00052983,2007-05-09,TMIN,86
CHM00056080,2005-02-17,TMAX,-38
CHM00052889,2008-12-29,TMIN,-78
CHM00052983,2011-03-30,TMIN,-32
CHM00052983,2007-05-09,TMAX,279
CHM00056046,2011-09-05,TMIN,78
CHM00056080,2011-05-30,TMIN,35
CHM00056080,2015-09-28,TMIN,52
CHM00056046,2005-09-05,TMAX,118
CHM00056046,2005-09-05,TMIN,8
CHM00052889,2008-12-29,TMAX,20
CHM00056046,2013-01-01,TMIN,-220
CHM00056046,2011-09-05,TMAX,187
CHM00052983,2009-07-11,TMAX,296
CHM00056080,2010-01-01,TMAX,43
CHM00056046,2008-12-12,TMIN,-168
CHM00052983,2009-07-20,TMAX,253
CHM00056046,2012-11-08,TMAX,52
CHM00056046,2012-11-08,TMIN,-122
CHM00052983,2006-08-18,TMAX,287
CHM00052983,2006-08-18,TMIN,167
CHM00056080,2012-11-08,TMIN,-82
CHM00056080,2014-06-02,TMIN,82
CHM00056080,2014-06-02,TMAX,251
CHM00056080,2012-11-08,TMAX,114
CHM00052983,2008-09-22,TMAX,128
CHM00056080,2011-05-30,TMAX,121
CHM00056080,2014-02-17,TMAX,-41
CHM00056080,2005-01-16,TMIN,-186
CHM00052983,2006-10-24,TMAX,139
CHM00056080,2005-01-16,TMAX,72
CHM00056080,2007-12-07,TMIN,-151
CHM00052983,2014-08-01,TMAX,297
CHM00056080,2007-12-07,TMAX,77
CHM00052983,2014-08-01,TMIN,142
CHM00056046,2012-08-24,TMAX,164
CHM00056046,2012-08-24,TMIN,40
CHM00056080,2012-01-05,TMIN,-181
CHM00056080,2012-01-05,TMAX,11
CHM00056046,2009-12-20,TMAX,-29
CHM00052983,2008-04-16,TMIN,12
CHM00056046,2009-12-30,TMAX,-11
CHM00056046,2009-12-30,TMIN,-221
CHM00056080,2014-04-08,TMAX,190
CHM00052889,2005-02-07,TMIN,-135
CHM00052889,2005-02-07,TMAX,40
CHM00056046,2009-12-20,TMIN,-237
CHM00052983,2007-05-25,TMIN,95
CHM00056046,2011-05-25,TMAX,112
CHM00052983,2014-08-31,TMAX,214
CHM00052889,2008-04-17,TMAX,253
CHM00056080,2015-09-18,TMIN,64
CHM00056080,2010-12-08,TMIN,-206
CHM00056080,2011-03-29,TMAX,150
CHM00052889,2008-04-17,TMIN,143
CHM00056046,2006-09-13,TMIN,14
CHM00056080,2011-11-21,TMAX,35
CHM00056080,2011-11-21,TMIN,-72
CHM00056080,2012-09-11,TMAX,162
CHM00052983,2005-12-10,TMAX,-27
CHM00056080,2012-12-26,TMIN,-140
CHM00056080,2010-12-08,TMAX,70
CHM00052983,2008-02-05,TMAX,-54
CHM00056046,2007-06-28,TMAX,130
CHM00052983,2008-02-05,TMIN,-204
CHM00052983,2005-12-10,TMIN,-86
CHM00052889,2008-12-27,TMAX,31
CHM00056046,2013-02-12,TMAX,46
CHM00056080,2012-09-11,TMIN,64
CHM00056046,2013-02-12,TMIN,-164
CHM00056046,2006-09-13,TMAX,73
CHM00052889,2008-12-27,TMIN,-63
CHM00056080,2012-12-26,TMAX,-9
CHM00056046,2007-06-28,TMIN,56
CHM00056046,2007-07-07,TMIN,79
CHM00056080,2010-01-01,TMIN,-201
CHM00056046,2005-02-17,TMIN,-71
CHM00056046,2010-02-08,TMAX,43
CHM00052889,2008-09-05,TMAX,289
CHM00052983,2007-11-17,TMAX,79
CHM00052983,2012-09-18,TMAX,211
CHM00056080,2007-07-07,TMIN,121
CHM00056046,2010-06-06,TMIN,7
CHM00052983,2008-04-11,TMAX,69
CHM00052983,2011-06-22,TMAX,190
CHM00056046,2010-06-06,TMAX,126
CHM00056080,2011-09-05,TMIN,91
CHM00056046,2011-05-28,TMAX,133
CHM00056046,2013-06-29,TMAX,177
CHM00056080,2014-07-31,TMAX,154
CHM00056046,2014-11-21,TMIN,-114
CHM00056080,2011-09-05,TMAX,146
CHM00056046,2014-11-21,TMAX,38
CHM00056080,2007-07-07,TMAX,180
CHM00052889,2008-09-05,TMIN,124
CHM00056080,2011-03-22,TMAX,5
CHM00052983,2007-12-06,TMIN,-83
CHM00052983,2006-08-13,TMIN,164
CHM00052983,2006-08-13,TMAX,220
CHM00056080,2013-07-30,TMAX,224
CHM00056080,2014-02-18,TMIN,-203
CHM00052983,2013-10-17,TMIN,7
CHM00052983,2006-11-17,TMAX,101
CHM00052983,2008-04-11,TMIN,10
CHM00056080,2006-11-02,TMIN,-53
CHM00056080,2006-11-02,TMAX,97
CHM00056046,2010-05-02,TMAX,169
CHM00056046,2013-04-20,TMAX,103
CHM00052983,2008-04-09,TMIN,57
CHM00052983,2008-04-09,TMAX,236
CHM00052983,2012-09-18,TMIN,58
CHM00056046,2010-02-08,TMIN,-156
CHM00056046,2010-05-02,TMIN,-52
CHM00052983,2007-12-06,TMAX,47
CHM00052889,2007-07-31,TMIN,155
CHM00052889,2007-07-31,TMAX,279
CHM00056046,2013-06-29,TMIN,82
CHM00056080,2011-03-22,TMIN,-143
CHM00052983,2005-11-26,TMIN,-72
CHM00056046,2005-08-07,TMIN,79
CHM00056046,2005-08-07,TMAX,136
CHM00052983,2015-12-11,TMIN,-45
CHM00056080,2011-11-23,TMAX,105
CHM00052983,2008-04-01,TMAX,75
CHM00056046,2008-12-12,TMAX,42
CHM00052983,2008-04-01,TMIN,-23
CHM00056080,2011-11-23,TMIN,-91
CHM00052983,2005-11-26,TMAX,93
CHM00056080,2007-06-09,TMIN,26
CHM00056080,2006-11-17,TMAX,81
CHM00052983,2006-10-26,TMAX,167
CHM00052983,2006-10-26,TMIN,-2
CHM00056080,2006-11-17,TMIN,-21
CHM00056080,2011-03-29,TMIN,-65
CHM00056046,2005-02-17,TMAX,-21
CHM00056080,2007-06-27,TMAX,214
CHM00056080,2007-06-09,TMAX,191
CHM00056080,2013-02-12,TMAX,62
CHM00052889,2008-04-05,TMIN,90
CHM00056046,2009-04-12,TMIN,-28
CHM00056046,2009-04-12,TMAX,41
CHM00056080,2010-10-16,TMIN,-28
CHM00056080,2010-10-16,TMAX,164
CHM00056046,2015-08-12,TMIN,1
CHM00056080,2009-12-27,TMIN,-189
CHM00056046,2012-11-13,TMIN,-177
CHM00056046,2009-01-14,TMIN,-204
CHM00056046,2009-04-20,TMAX,68
CHM00056046,2009-01-14,TMAX,-24
CHM00056080,2009-12-27,TMAX,24
CHM00056046,2009-04-20,TMIN,-47
CHM00056046,2012-11-13,TMAX,57
CHM00052889,2008-06-20,TMAX,285
CHM00052889,2008-06-20,TMIN,184
CHM00056080,2013-02-12,TMIN,-97
CHM00052889,2008-04-05,TMAX,224
CHM00056080,2007-06-27,TMIN,30
CHM00052983,2005-12-29,TMAX,7
CHM00056046,2007-07-07,TMAX,153
CHM00052983,2011-12-23,TMAX,-26
CHM00056080,2014-11-16,TMIN,-100
CHM00052889,2007-04-27,TMAX,221
CHM00056080,2005-09-05,TMAX,164
CHM00056046,2010-10-16,TMIN,-83
CHM00056080,2005-09-05,TMIN,41
CHM00056080,2010-05-02,TMIN,-8
CHM00056080,2011-12-06,TMIN,-61
CHM00056080,2010-05-02,TMAX,233
CHM00056080,2010-07-17,TMAX,213
CHM00052983,2013-06-14,TMIN,115
CHM00056080,2008-09-03,TMIN,8
CHM00056080,2009-04-01,TMAX,60
CHM00056080,2008-03-23,TMIN,-24
CHM00056080,2009-04-01,TMIN,-26
CHM00056080,2011-12-06,TMAX,-10
CHM00056046,2008-11-13,TMAX,73
CHM00056080,2010-07-17,TMIN,82
CHM00056080,2014-11-16,TMAX,55
CHM00052889,2005-10-21,TMAX,114
CHM00056080,2011-01-26,TMAX,-14
CHM00052983,2014-11-28,TMIN,-80
CHM00056046,2010-10-12,TMAX,81
CHM00052983,2013-10-19,TMIN,-7
CHM00052983,2014-11-28,TMAX,67
CHM00052983,2015-04-24,TMIN,47
CHM00052983,2005-09-07,TMAX,252
CHM00052983,2015-09-14,TMIN,46
CHM00056080,2009-12-20,TMIN,-196
CHM00056080,2011-01-26,TMIN,-140
CHM00056080,2012-08-24,TMIN,58
CHM00056080,2012-08-24,TMAX,200
CHM00056046,2012-01-05,TMIN,-225
CHM00056046,2012-01-05,TMAX,-53
CHM00056080,2009-12-20,TMAX,41
CHM00056046,2010-10-16,TMAX,132
CHM00052889,2005-10-21,TMIN,-9
CHM00052889,2007-04-27,TMIN,82
CHM00056046,2008-11-13,TMIN,-97
CHM00056046,2014-02-23,TMAX,36
CHM00056046,2011-03-04,TMAX,54
CHM00056046,2014-02-23,TMIN,-158
CHM00056080,2005-07-29,TMAX,191
CHM00056046,2009-06-28,TMIN,69
CHM00052889,2006-08-09,TMIN,200
CHM00056080,2009-12-30,TMAX,48
CHM00056046,2010-01-01,TMIN,-228
CHM00056080,2009-12-30,TMIN,-187
CHM00056080,2009-07-10,TMAX,179
CHM00056046,2010-01-01,TMAX,-15
CHM00056080,2009-07-10,TMIN,113
CHM00052983,2007-05-27,TMIN,105
CHM00052983,2008-06-08,TMIN,79
CHM00052983,2008-06-08,TMAX,248
CHM00052983,2012-05-07,TMAX,198
CHM00052983,2008-08-26,TMAX,232
CHM00056080,2012-08-26,TMAX,227
CHM00056080,2013-09-06,TMIN,19
CHM00056080,2012-08-26,TMIN,31
CHM00056080,2005-07-29,TMIN,104
CHM00052983,2014-08-31,TMIN,83
CHM00052983,2008-06-12,TMAX,291
CHM00052889,2006-08-09,TMAX,348
CHM00052983,2008-06-12,TMIN,112
CHM00056080,2008-03-23,TMAX,52
CHM00056046,2006-11-02,TMIN,-114
CHM00056046,2011-03-04,TMIN,-95
CHM00052983,2010-10-14,TMIN,21
CHM00056046,2008-01-18,TMAX,39
CHM00056046,2006-11-02,TMAX,49
CHM00052983,2010-10-14,TMAX,145
CHM00056080,2005-11-26,TMAX,51
CHM00056080,2005-11-26,TMIN,-117
CHM00056046,2014-04-16,TMIN,-60
CHM00056046,2015-09-20,TMIN,7
CHM00056046,2008-01-18,TMIN,-91
CHM00056080,2008-09-03,TMAX,161
CHM00052983,2007-05-27,TMAX,259
CHM00052983,2007-11-21,TMAX,47
CHM00056046,2014-04-16,TMAX,92
CHM00056046,2009-06-28,TMAX,149
CHM00052983,2011-12-23,TMIN,-139
CHM00052889,2006-01-02,TMAX,32
CHM00056046,2005-10-25,TMAX,62
CHM00056046,2009-03-05,TMAX,31
CHM00056080,2006-09-13,TMIN,37
CHM00056046,2008-09-22,TMIN,30
CHM00056046,2012-04-16,TMAX,22
CHM00056046,2008-01-23,TMAX,-33
CHM00052983,2006-11-26,TMAX,15
CHM00056080,2005-09-21,TMAX,181
CHM00056046,2009-03-05,TMIN,-148
CHM00056080,2005-09-21,TMIN,71
CHM00052983,2012-11-12,TMAX,85
CHM00052983,2012-11-12,TMIN,-73
CHM00056046,2009-12-27,TMAX,-54
CHM00056046,2005-01-16,TMIN,-215
CHM00052983,2008-04-16,TMAX,219
CHM00056046,2005-01-16,TMAX,-25
CHM00052889,2008-11-15,TMIN,40
CHM00056046,2008-01-23,TMIN,-165
CHM00052983,2010-07-26,TMAX,308
CHM00056046,2010-04-29,TMAX,123
CHM00056080,2006-09-13,TMAX,111
CHM00056080,2010-09-26,TMIN,21
CHM00056046,2011-05-25,TMIN,-23
CHM00052889,2005-08-05,TMIN,166
CHM00052889,2005-08-05,TMAX,285
CHM00056080,2008-01-26,TMIN,-196
CHM00056080,2010-09-26,TMAX,136
CHM00056046,2012-04-16,TMIN,-36
CHM00056046,2009-12-27,TMIN,-261
CHM00056080,2011-01-30,TMIN,-212
CHM00052983,2007-05-25,TMAX,232
CHM00052983,2010-08-06,TMIN,125
CHM00052983,2010-08-06,TMAX,317
CHM00056046,2010-04-29,TMIN,-45
CHM00052983,2010-07-26,TMIN,154
CHM00056080,2014-04-08,TMIN,-47
CHM00056080,2008-01-26,TMAX,-62
CHM00056046,2008-09-22,TMAX,203
CHM00052983,2006-12-08,TMAX,-23
CHM00052889,2008-11-15,TMAX,97
CHM00056080,2011-01-30,TMAX,10
CHM00056080,2008-03-18,TMAX,106
CHM00052983,2007-12-05,TMAX,61
CHM00056080,2012-11-17,TMIN,-110
CHM00052983,2010-12-28,TMIN,-165
CHM00052983,2005-09-19,TMAX,203
CHM00056080,2015-03-06,TMIN,-77
CHM00056080,2013-05-26,TMIN,28
CHM00056080,2015-03-06,TMAX,88
CHM00052983,2005-09-07,TMIN,90
CHM00052983,2011-06-01,TMAX,242
CHM00052983,2005-09-19,TMIN,133
CHM00056046,2008-12-14,TMAX,12
CHM00052983,2010-12-28,TMAX,0
CHM00056046,2011-03-20,TMIN,-73
CHM00056046,2008-12-14,TMIN,-193
CHM00056046,2005-10-25,TMIN,-97
CHM00056046,2010-10-12,TMIN,-6
CHM00056046,2011-03-20,TMAX,8
CHM00056080,2009-03-16,TMIN,-68
CHM00052889,2006-01-02,TMIN,-105
CHM00056080,2009-04-20,TMIN,18
CHM00056046,2006-09-30,TMIN,-43
CHM00056080,2008-08-23,TMAX,214
CHM00056080,2008-08-23,TMIN,105
CHM00056080,2008-03-18,TMIN,-36
CHM00056046,2013-01-14,TMIN,-220
CHM00056046,2013-01-14,TMAX,-1
CHM00052983,2008-03-24,TMAX,135
CHM00056046,2005-11-26,TMAX,58
CHM00056046,2005-11-26,TMIN,-189
CHM00056080,2014-06-03,TMAX,234
CHM00056046,2014-07-29,TMIN,68
CHM00056080,2009-03-16,TMAX,140
CHM00056046,2006-09-30,TMAX,124
CHM00056046,2014-07-29,TMAX,181
CHM00056080,2009-04-20,TMAX,132
CHM00056080,2014-06-03,TMIN,94
CHM00052983,2012-05-30,TMIN,72
CHM00052983,2012-05-30,TMAX,250
CHM00056080,2012-11-17,TMAX,127
CHM00052983,2006-11-17,TMIN,-53
CHM00052983,2005-12-29,TMIN,-121
CHM00056046,2011-05-28,TMIN,36
CHM00052983,2011-08-12,TMIN,171
CHM00056080,2014-08-02,TMAX,239
CHM00052889,2008-07-07,TMAX,350
CHM00056046,2011-11-21,TMAX,13
CHM00052983,2008-06-14,TMAX,157
CHM00056046,2011-11-21,TMIN,-93
CHM00056046,2009-09-01,TMIN,9
CHM00056046,2005-02-13,TMIN,-164
CHM00052983,2011-03-21,TMAX,-37
CHM00056046,2009-09-01,TMAX,145
CHM00056046,2014-02-17,TMAX,-75
CHM00052889,2008-07-07,TMIN,185
CHM00056046,2011-04-03,TMAX,66
CHM00056080,2005-08-07,TMIN,98
CHM00056080,2011-02-25,TMAX,115
CHM00056080,2011-02-25,TMIN,-57
CHM00056046,2011-04-03,TMIN,-31
CHM00052983,2011-08-12,TMAX,324
CHM00056046,2005-02-13,TMAX,0
CHM00052889,2007-06-08,TMIN,167
CHM00056080,2009-08-17,TMAX,252
CHM00052983,2009-08-23,TMAX,237
CHM00052983,2009-08-23,TMIN,148
CHM00056046,2005-02-25,TMIN,-79
CHM00052983,2011-01-01,TMAX,-45
CHM00052983,2005-09-02,TMAX,267
CHM00052983,2011-01-01,TMIN,-114
CHM00056080,2006-09-30,TMIN,30
CHM00056080,2006-09-30,TMAX,170
CHM00056080,2006-07-23,TMIN,87
CHM00052889,2007-06-08,TMAX,277
CHM00052983,2007-05-18,TMAX,300
CHM00052983,2007-07-27,TMAX,220
CHM00052983,2006-07-26,TMAX,332
CHM00056080,2006-07-23,TMAX,165
CHM00052983,2006-07-26,TMIN,105
CHM00052983,2007-05-18,TMIN,89
CHM00056046,2005-12-29,TMAX,10
CHM00056080,2007-06-11,TMAX,112
CHM00056080,2007-06-11,TMIN,65
CHM00052983,2010-05-08,TMIN,66
CHM00052983,2009-01-04,TMIN,-87
CHM00052983,2009-01-04,TMAX,1
CHM00056046,2009-07-08,TMAX,181
CHM00056046,2009-07-08,TMIN,89
CHM00056046,2010-05-10,TMAX,122
CHM00056046,2009-08-14,TMIN,12
CHM00056046,2009-08-14,TMAX,161
CHM00052983,2006-08-02,TMAX,295
CHM00056046,2015-03-06,TMAX,9
CHM00052983,2009-07-12,TMAX,269
CHM00056080,2014-08-08,TMAX,143
CHM00056046,2011-11-30,TMAX,31
CHM00056046,2011-11-30,TMIN,-134
CHM00052983,2005-11-02,TMAX,135
CHM00052983,2008-03-20,TMAX,90
CHM00056046,2012-11-17,TMAX,50
CHM00056046,2012-11-17,TMIN,-188
CHM00056080,2005-02-25,TMIN,-81
CHM00056080,2009-08-17,TMIN,49
CHM00056046,2012-08-26,TMIN,1
CHM00056080,2005-02-25,TMAX,29
CHM00052983,2010-02-19,TMIN,-125
CHM00056080,2013-03-30,TMIN,-63
CHM00052983,2010-02-19,TMAX,72
CHM00052983,2010-05-08,TMAX,225
CHM00056080,2013-03-30,TMAX,144
CHM00052983,2006-08-26,TMAX,287
CHM00052983,2006-08-26,TMIN,107
CHM00056046,2005-12-29,TMIN,-189
CHM00056080,2005-08-07,TMAX,203
CHM00056046,2014-04-17,TMIN,-29
CHM00056046,2012-09-19,TMAX,146
CHM00056046,2012-08-26,TMAX,173
CHM00052983,2015-12-25,TMIN,-145
CHM00056046,2012-09-19,TMIN,-6
CHM00056046,2014-04-17,TMAX,110
CHM00052983,2009-07-12,TMIN,126
CHM00052983,2012-09-20,TMAX,128
CHM00056046,2010-05-10,TMIN,-28
CHM00052889,2005-08-29,TMIN,134
CHM00056080,2014-08-02,TMIN,112
CHM00052889,2008-10-05,TMAX,208
CHM00052983,2012-05-09,TMIN,99
CHM00056080,2006-11-29,TMIN,-145
CHM00052983,2007-05-06,TMAX,259
CHM00056080,2009-03-31,TMIN,-23
CHM00056080,2009-03-31,TMAX,29
CHM00056046,2013-05-22,TMAX,142
CHM00052983,2007-07-22,TMIN,79
CHM00052983,2012-05-09,TMAX,255
CHM00052983,2007-07-22,TMAX,255
CHM00056080,2014-06-23,TMAX,200
CHM00056080,2009-08-06,TMIN,43
CHM00052889,2005-09-25,TMIN,68
CHM00056046,2015-12-21,TMAX,-51
CHM00052889,2005-09-25,TMAX,208
CHM00052889,2005-02-17,TMAX,-28
CHM00056080,2009-08-06,TMAX,235
CHM00052983,2011-05-08,TMAX,178
CHM00056046,2011-06-12,TMIN,26
CHM00056046,2011-06-12,TMAX,108
CHM00056080,2009-01-14,TMAX,37
CHM00056046,2013-05-22,TMIN,-15
CHM00056046,2013-02-11,TMIN,-159
CHM00052983,2011-12-28,TMAX,14
CHM00052983,2011-12-28,TMIN,-130
CHM00056080,2009-01-14,TMIN,-204
CHM00052889,2005-11-16,TMIN,-40
CHM00052983,2008-04-15,TMAX,177
CHM00052889,2005-11-16,TMAX,90
CHM00056080,2005-12-10,TMAX,-36
CHM00056080,2005-12-10,TMIN,-115
CHM00056046,2010-07-10,TMIN,60
CHM00056080,2007-11-21,TMAX,73
CHM00056080,2007-11-21,TMIN,-93
CHM00056080,2008-04-19,TMAX,158
CHM00056080,2006-11-29,TMAX,31
CHM00056080,2008-04-19,TMIN,26
CHM00056046,2010-07-10,TMAX,127
CHM00056080,2014-01-01,TMIN,-151
CHM00052889,2005-02-17,TMIN,-90
CHM00056046,2013-01-10,TMAX,-78
CHM00056080,2014-06-23,TMIN,91
CHM00056080,2006-09-18,TMIN,17
CHM00052983,2015-03-10,TMAX,45
CHM00056046,2007-05-02,TMAX,151
CHM00056046,2011-11-23,TMAX,48
CHM00056046,2011-11-23,TMIN,-141
CHM00052889,2007-07-07,TMAX,290
CHM00052889,2007-07-07,TMIN,207
CHM00052983,2005-02-20,TMAX,1
CHM00052983,2012-05-04,TMAX,176
CHM00052983,2008-02-04,TMAX,-58
CHM00056046,2013-05-09,TMAX,61
CHM00052983,2005-02-20,TMIN,-146
CHM00056046,2006-08-09,TMIN,37
CHM00052889,2007-04-21,TMIN,101
CHM00052889,2007-04-21,TMAX,196
CHM00052983,2005-09-02,TMIN,123
CHM00056046,2006-08-09,TMAX,231
CHM00056080,2006-09-18,TMAX,148
CHM00056046,2005-02-25,TMAX,11
CHM00052889,2008-10-05,TMIN,85
CHM00052983,2014-07-06,TMAX,280
CHM00056046,2014-01-02,TMAX,-2
CHM00056080,2010-06-06,TMIN,85
CHM00056080,2010-06-06,TMAX,157
CHM00052889,2005-12-05,TMIN,-164
CHM00056080,2011-02-15,TMIN,-84
CHM00052889,2005-12-05,TMAX,-24
CHM00052983,2007-05-06,TMIN,78
CHM00052983,2015-08-25,TMIN,86
CHM00052983,2015-03-03,TMAX,42
CHM00056080,2007-07-22,TMAX,186
CHM00056046,2007-05-02,TMIN,-57
CHM00052983,2015-03-03,TMIN,-90
CHM00056080,2007-07-22,TMIN,34
CHM00056080,2014-01-01,TMAX,84
CHM00052983,2015-03-10,TMIN,-43
CHM00056080,2011-02-15,TMAX,95
CHM00052983,2014-12-26,TMAX,3
CHM00052983,2014-07-06,TMIN,120
CHM00052889,2005-08-29,TMAX,299
CHM00052889,2006-07-23,TMAX,250
CHM00052983,2006-08-02,TMIN,129
CHM00056046,2015-09-28,TMIN,25
CHM00056080,2010-04-29,TMAX,157
CHM00056080,2015-08-12,TMIN,43
CHM00056080,2013-02-11,TMIN,-115
CHM00056046,2014-10-04,TMIN,-45
CHM00056046,2014-10-04,TMAX,74
CHM00056046,2008-07-11,TMIN,42
CHM00052983,2011-01-02,TMIN,-120
CHM00056046,2008-07-11,TMAX,161
CHM00056080,2010-11-26,TMIN,-142
CHM00052983,2009-06-30,TMIN,98
CHM00056080,2010-11-26,TMAX,78
CHM00056080,2013-02-11,TMAX,25
CHM00056080,2009-07-08,TMAX,203
CHM00056080,2009-07-08,TMIN,134
CHM00056080,2013-04-25,TMAX,146
CHM00052983,2009-06-30,TMAX,282
CHM00056080,2010-04-29,TMIN,-17
CHM00056080,2008-11-08,TMAX,60
CHM00052983,2011-01-02,TMAX,9
CHM00056080,2009-06-28,TMIN,83
CHM00056080,2005-02-13,TMAX,91
CHM00056080,2005-02-13,TMIN,-98
CHM00056046,2012-09-24,TMAX,117
CHM00056080,2009-06-28,TMAX,187
CHM00056046,2006-07-23,TMIN,51
CHM00056046,2006-07-23,TMAX,146
CHM00056046,2014-06-05,TMAX,155
CHM00056046,2010-09-26,TMAX,153
CHM00056046,2010-09-26,TMIN,23
CHM00056046,2014-06-05,TMIN,52
CHM00056046,2005-10-24,TMIN,-117
CHM00056046,2005-10-24,TMAX,34
CHM00056046,2014-12-11,TMAX,-7
CHM00056080,2006-08-13,TMAX,228
CHM00056080,2008-11-08,TMIN,-69
CHM00056080,2006-08-13,TMIN,117
CHM00056046,2009-08-06,TMIN,2
CHM00056046,2014-01-04,TMIN,-239
CHM00056046,2007-06-03,TMIN,12
CHM00056080,2015-12-21,TMAX,38
CHM00052889,2008-06-11,TMAX,313
CHM00056046,2014-09-03,TMIN,9
CHM00056046,2014-09-03,TMAX,142
CHM00052889,2008-06-11,TMIN,166
CHM00056080,2011-11-30,TMAX,61
CHM00056046,2011-03-03,TMAX,69
CHM00056080,2011-11-30,TMIN,-98
CHM00052983,2012-12-29,TMIN,-200
CHM00056046,2011-03-03,TMIN,-151
CHM00052889,2007-05-02,TMIN,119
CHM00052889,2007-05-02,TMAX,257
CHM00052983,2011-11-26,TMAX,93
CHM00056080,2013-07-30,TMIN,51
CHM00052983,2006-09-08,TMAX,141
CHM00052983,2006-09-08,TMIN,78
CHM00056080,2014-02-18,TMAX,-25
CHM00056046,2014-01-04,TMAX,26
CHM00056080,2008-02-12,TMIN,-209
CHM00056046,2014-02-19,TMAX,-45
CHM00056080,2008-02-12,TMAX,-72
CHM00052889,2005-11-26,TMIN,-110
CHM00056046,2007-06-03,TMAX,128
CHM00052983,2008-02-08,TMAX,-72
CHM00056046,2009-08-06,TMAX,185
CHM00052889,2007-11-26,TMAX,89
CHM00052983,2007-07-24,TMIN,105
CHM00052983,2007-07-24,TMAX,267
CHM00056080,2013-09-04,TMIN,34
CHM00052889,2007-11-26,TMIN,-35
CHM00056046,2005-02-07,TMIN,-160
CHM00056046,2005-02-07,TMAX,-7
CHM00052983,2008-02-08,TMIN,-214
CHM00056046,2013-11-07,TMIN,-78
CHM00052983,2012-06-16,TMAX,266
CHM00056046,2006-11-17,TMAX,30
CHM00056046,2006-11-17,TMIN,-113
CHM00052983,2012-12-29,TMAX,-82
CHM00052889,2005-11-26,TMAX,71
CHM00052983,2012-06-16,TMIN,74
CHM00056080,2013-10-09,TMIN,-51
CHM00056046,2010-01-11,TMAX,-39
CHM00052983,2014-12-21,TMAX,-4
CHM00056046,2007-11-26,TMIN,-166
CHM00056046,2007-11-26,TMAX,-37
CHM00056080,2011-11-20,TMIN,-90
CHM00052889,2007-05-13,TMIN,112
CHM00052889,2007-06-03,TMAX,289
CHM00056080,2013-04-11,TMIN,-72
CHM00056046,2012-09-24,TMIN,-4
CHM00056080,2009-03-05,TMIN,-129
CHM00056046,2014-11-16,TMIN,-144
CHM00052889,2007-05-13,TMAX,293
CHM00052983,2007-11-06,TMAX,122
CHM00052983,2007-11-06,TMIN,-30
CHM00056080,2009-03-05,TMAX,-11
CHM00056046,2013-08-26,TMIN,30
CHM00056080,2013-04-11,TMAX,112
CHM00052983,2008-12-03,TMAX,-15
CHM00056046,2011-09-03,TMIN,86
CHM00056046,2013-03-19,TMAX,49
CHM00056046,2011-09-03,TMAX,193
CHM00052889,2006-10-23,TMAX,172
CHM00056046,2014-11-16,TMAX,33
CHM00056046,2014-05-14,TMIN,11
CHM00056046,2014-05-14,TMAX,91
CHM00052983,2015-12-25,TMAX,10
CHM00052889,2006-07-23,TMIN,157
CHM00056046,2013-09-06,TMIN,26
CHM00052983,2014-03-07,TMAX,39
CHM00056080,2013-11-06,TMAX,94
CHM00052983,2005-11-02,TMIN,-26
CHM00052983,2010-08-01,TMAX,323
CHM00056046,2009-08-17,TMIN,0
CHM00056046,2009-08-17,TMAX,197
CHM00056080,2014-12-31,TMAX,68
CHM00056080,2011-03-03,TMIN,-146
CHM00056080,2011-03-03,TMAX,122
CHM00056080,2014-12-31,TMIN,-175
CHM00056080,2011-11-20,TMAX,96
CHM00052889,2006-10-23,TMIN,51
CHM00056080,2013-11-06,TMIN,-95
CHM00056080,2010-07-14,TMIN,123
CHM00052983,2013-01-13,TMIN,-153
CHM00056046,2006-08-13,TMAX,178
CHM00052983,2013-01-15,TMAX,29
CHM00056046,2009-07-10,TMAX,153
CHM00056080,2013-10-09,TMAX,211
CHM00056080,2009-04-12,TMIN,5
CHM00056046,2008-03-23,TMAX,12
CHM00056080,2009-04-12,TMAX,128
CHM00052983,2015-02-26,TMAX,37
CHM00052889,2005-01-19,TMIN,-175
CHM00056080,2005-09-13,TMAX,181
CHM00056080,2005-09-13,TMIN,56
CHM00056046,2009-07-10,TMIN,88
CHM00056046,2014-02-19,TMIN,-255
CHM00056080,2005-02-07,TMIN,-146
CHM00056080,2005-02-07,TMAX,61
CHM00052983,2005-12-26,TMAX,13
CHM00056046,2008-03-23,TMIN,-76
CHM00052983,2015-02-26,TMIN,-42
CHM00052983,2015-05-01,TMIN,50
CHM00052889,2007-06-03,TMIN,211
CHM00056080,2010-02-08,TMAX,145
CHM00052889,2006-09-13,TMIN,76
CHM00056046,2006-08-13,TMIN,55
CHM00052889,2007-12-24,TMIN,-66
CHM00052889,2007-12-24,TMAX,49
CHM00056046,2010-01-11,TMIN,-212
CHM00052889,2005-01-19,TMAX,8
CHM00052983,2013-01-13,TMAX,53
CHM00052983,2013-01-15,TMIN,-122
CHM00052983,2011-08-24,TMAX,251
CHM00052983,2006-09-05,TMAX,199
CHM00052889,2006-09-13,TMAX,187
CHM00052983,2006-09-05,TMIN,67
CHM00056046,2007-12-21,TMIN,-193
CHM00056046,2007-12-21,TMAX,-4
CHM00052983,2014-12-21,TMIN,-167
CHM00056080,2005-12-29,TMAX,66
CHM00056080,2005-12-29,TMIN,-147
CHM00052983,2011-08-24,TMIN,105
CHM00056080,2010-02-08,TMIN,-118
CHM00052889,2005-10-27,TMIN,-46
CHM00056046,2013-05-18,TMIN,-1
CHM00052889,2008-10-01,TMIN,119
CHM00056046,2005-08-23,TMIN,18
CHM00056046,2013-03-22,TMIN,-76
CHM00052983,2015-12-21,TMIN,-125
CHM00056046,2005-08-23,TMAX,167
CHM00056080,2011-02-13,TMAX,44
CHM00056046,2005-03-03,TMAX,-46
CHM00052889,2008-11-14,TMAX,117
CHM00056046,2005-03-03,TMIN,-179
CHM00052983,2014-01-10,TMAX,-12
CHM00052983,2014-12-24,TMIN,-117
CHM00056046,2013-03-22,TMAX,56
CHM00052983,2015-08-16,TMAX,252
CHM00056080,2015-04-26,TMAX,158
CHM00056046,2012-09-06,TMIN,11
CHM00052983,2014-12-24,TMAX,8
CHM00056080,2012-05-09,TMAX,206
CHM00056046,2011-05-30,TMAX,95
CHM00052983,2006-08-25,TMIN,114
CHM00052983,2006-08-25,TMAX,269
CHM00056080,2013-04-26,TMAX,179
CHM00052983,2006-07-23,TMAX,255
CHM00052983,2006-12-06,TMAX,-7
CHM00056080,2008-10-07,TMIN,29
CHM00052983,2006-12-06,TMIN,-37
CHM00056080,2008-10-07,TMAX,89
CHM00056080,2011-08-23,TMAX,205
CHM00052983,2007-11-24,TMAX,143
CHM00056080,2010-12-04,TMAX,107
CHM00056080,2007-07-11,TMAX,176
CHM00052983,2010-11-18,TMAX,52
CHM00056080,2011-08-23,TMIN,47
CHM00056080,2013-05-29,TMIN,-7
CHM00056080,2010-12-04,TMIN,-164
CHM00052889,2005-01-31,TMIN,-126
CHM00056080,2013-04-26,TMIN,-23
CHM00052889,2005-01-31,TMAX,31
CHM00052983,2015-08-01,TMIN,161
CHM00056080,2015-04-26,TMIN,-37
CHM00056080,2007-12-18,TMAX,15
CHM00052889,2008-11-14,TMIN,53
CHM00056046,2008-02-01,TMAX,-135
CHM00056046,2011-06-26,TMIN,7
CHM00056080,2011-03-24,TMAX,18
CHM00056046,2011-06-26,TMAX,123
CHM00056046,2012-09-06,TMAX,182
CHM00056046,2007-05-30,TMAX,151
CHM00056046,2007-05-30,TMIN,35
CHM00052983,2010-12-05,TMAX,2
CHM00056080,2005-01-28,TMAX,83
CHM00056080,2014-12-24,TMAX,19
CHM00056080,2014-12-24,TMIN,-163
CHM00056080,2011-01-03,TMIN,-135
CHM00056046,2010-12-05,TMAX,61
CHM00056046,2014-07-02,TMIN,7
CHM00052983,2013-12-19,TMIN,-139
CHM00052983,2013-12-19,TMAX,-31
CHM00056046,2010-12-05,TMIN,-201
CHM00056046,2014-07-02,TMAX,128
CHM00056080,2008-04-06,TMIN,-20
CHM00056080,2007-07-11,TMIN,111
CHM00052983,2014-08-29,TMIN,122
CHM00052983,2014-08-29,TMAX,242
CHM00056080,2015-04-11,TMAX,73
CHM00056046,2015-09-26,TMIN,23
CHM00052889,2007-07-27,TMAX,283
CHM00052889,2007-07-27,TMIN,192
CHM00056080,2012-05-09,TMIN,35
CHM00056080,2011-02-13,TMIN,-170
CHM00052889,2005-09-02,TMAX,285
CHM00052889,2005-09-02,TMIN,93
CHM00056080,2008-04-06,TMAX,198
CHM00052983,2006-01-02,TMIN,-101
CHM00052983,2006-01-02,TMAX,27
CHM00056080,2008-04-17,TMIN,9
CHM00056080,2008-04-17,TMAX,191
CHM00056046,2006-12-04,TMIN,-135
CHM00056046,2006-12-04,TMAX,75
CHM00052983,2010-05-04,TMAX,233
CHM00052983,2010-05-04,TMIN,85
CHM00056080,2007-12-18,TMIN,-115
CHM00052889,2006-09-30,TMAX,204
CHM00056080,2005-09-23,TMIN,18
CHM00056046,2008-02-01,TMIN,-193
CHM00056080,2011-12-27,TMAX,49
CHM00052889,2005-10-25,TMAX,158
CHM00056080,2006-12-04,TMIN,-84
CHM00056080,2006-12-04,TMAX,65
CHM00052889,2005-10-25,TMIN,-27
CHM00052889,2007-11-13,TMIN,56
CHM00052889,2007-11-13,TMAX,163
CHM00056080,2011-12-27,TMIN,-129
CHM00052983,2009-07-16,TMAX,271
CHM00056046,2010-12-31,TMIN,-192
CHM00056046,2013-04-26,TMIN,-33
CHM00056080,2015-12-03,TMIN,-152
CHM00056080,2015-12-03,TMAX,58
CHM00052983,2005-10-27,TMAX,96
CHM00056080,2015-12-11,TMAX,99
CHM00056046,2010-12-31,TMAX,53
CHM00056080,2011-09-22,TMIN,48
CHM00056046,2010-05-24,TMAX,194
CHM00056046,2010-05-24,TMIN,-12
CHM00052983,2009-01-16,TMIN,-135
CHM00056080,2007-06-12,TMAX,119
CHM00056080,2008-01-17,TMAX,43
CHM00056080,2014-09-03,TMIN,0
CHM00052983,2010-01-01,TMIN,-131
CHM00056046,2015-12-10,TMIN,-191
CHM00056080,2014-09-03,TMAX,208
CHM00056046,2015-12-10,TMAX,4
CHM00052983,2009-01-16,TMAX,17
CHM00056080,2013-10-28,TMIN,-57
CHM00056046,2014-03-06,TMIN,-127
CHM00056046,2014-03-06,TMAX,1
CHM00056046,2006-11-18,TMIN,-176
CHM00052983,2010-01-01,TMAX,49
CHM00052983,2006-11-02,TMAX,137
CHM00056046,2007-06-10,TMIN,14
CHM00056046,2007-06-10,TMAX,106
CHM00056046,2006-11-18,TMAX,21
CHM00056080,2011-09-22,TMAX,144
CHM00056046,2010-12-02,TMIN,-227
CHM00056080,2015-12-11,TMIN,-123
CHM00056046,2008-11-15,TMIN,-104
CHM00056080,2009-08-01,TMIN,114
CHM00056046,2012-05-29,TMAX,142
CHM00056046,2012-05-29,TMIN,-13
CHM00056046,2009-12-18,TMAX,-32
CHM00052983,2005-11-15,TMIN,-41
CHM00052889,2007-06-07,TMAX,301
CHM00056080,2009-08-28,TMIN,74
CHM00052889,2007-06-07,TMIN,179
CHM00056046,2014-11-23,TMAX,45
CHM00056080,2010-12-02,TMIN,-165
CHM00056046,2010-12-02,TMAX,19
CHM00056046,2011-11-26,TMAX,61
CHM00056046,2013-03-17,TMAX,53
CHM00056046,2013-03-17,TMIN,-110
CHM00056046,2011-11-26,TMIN,-133
CHM00052983,2007-11-24,TMIN,-54
CHM00052983,2014-12-28,TMAX,52
CHM00056046,2011-03-25,TMAX,13
CHM00052983,2014-12-28,TMIN,-119
CHM00052983,2005-11-15,TMAX,57
CHM00056080,2009-08-01,TMAX,196
CHM00056046,2008-11-15,TMAX,34
CHM00056046,2006-08-14,TMIN,83
CHM00056080,2009-01-18,TMAX,94
CHM00056080,2009-01-18,TMIN,-146
CHM00056046,2009-01-20,TMAX,-13
CHM00056046,2011-03-25,TMIN,-144
CHM00056046,2009-01-20,TMIN,-102
CHM00056046,2014-11-23,TMIN,-78
CHM00056046,2009-12-18,TMIN,-203
CHM00056046,2011-05-30,TMIN,8
CHM00052983,2014-05-17,TMAX,179
CHM00056046,2006-08-14,TMAX,155
CHM00056046,2008-11-16,TMIN,-126
CHM00056046,2008-11-16,TMAX,34
CHM00056046,2005-12-11,TMIN,-132
CHM00056046,2005-12-11,TMAX,-37
CHM00056080,2009-08-28,TMAX,155
CHM00056080,2010-12-02,TMAX,81
CHM00052889,2006-11-29,TMIN,-112
CHM00052889,2006-09-30,TMIN,62
CHM00056080,2011-01-03,TMAX,54
CHM00056080,2005-01-14,TMAX,9
CHM00056080,2014-04-17,TMAX,145
CHM00056080,2005-01-13,TMAX,-33
CHM00056080,2005-01-14,TMIN,-205
CHM00056046,2015-12-03,TMIN,-193
CHM00056046,2015-12-03,TMAX,15
CHM00056046,2008-12-28,TMIN,-195
CHM00056080,2012-12-23,TMIN,-196
CHM00056046,2013-06-07,TMIN,47
CHM00056046,2013-06-07,TMAX,147
CHM00056080,2005-01-13,TMIN,-173
CHM00056046,2014-01-09,TMAX,27
CHM00052983,2012-01-20,TMAX,-65
CHM00056080,2012-04-28,TMIN,-11
CHM00056080,2012-04-28,TMAX,176
CHM00052983,2012-05-14,TMAX,188
CHM00056080,2015-02-28,TMAX,-8
CHM00056080,2012-12-23,TMAX,68
CHM00056046,2014-11-25,TMAX,42
CHM00056046,2005-03-05,TMIN,-207
CHM00056046,2014-05-19,TMIN,-36
CHM00056046,2008-06-20,TMAX,162
CHM00056046,2012-11-14,TMIN,-151
CHM00056080,2014-11-20,TMIN,-100
CHM00056080,2014-11-20,TMAX,107
CHM00056080,2010-02-19,TMAX,28
CHM00056046,2005-03-05,TMAX,23
CHM00056080,2010-02-19,TMIN,-176
CHM00056080,2005-01-21,TMIN,-148
CHM00056080,2007-11-06,TMAX,96
CHM00056046,2014-11-25,TMIN,-182
CHM00056080,2007-11-06,TMIN,-73
CHM00056046,2011-07-02,TMAX,191
CHM00056080,2005-01-21,TMAX,9
CHM00052889,2006-08-14,TMIN,173
CHM00052889,2006-08-14,TMAX,297
CHM00056046,2011-07-02,TMIN,87
CHM00052983,2012-05-14,TMIN,21
CHM00056080,2006-09-24,TMAX,106
CHM00056046,2008-12-28,TMAX,-33
CHM00056046,2012-06-16,TMAX,100
CHM00056080,2007-05-30,TMAX,152
CHM00056046,2008-10-05,TMIN,-58
CHM00056046,2008-10-05,TMAX,90
CHM00052889,2005-08-10,TMAX,326
CHM00052889,2005-08-10,TMIN,161
CHM00056080,2007-05-30,TMIN,67
CHM00056080,2015-04-29,TMIN,-3
CHM00056080,2015-04-29,TMAX,177
CHM00052983,2012-12-25,TMIN,-137
CHM00056080,2013-05-03,TMIN,-11
CHM00056080,2015-02-28,TMIN,-105
CHM00056046,2014-03-31,TMAX,15
CHM00056046,2012-05-15,TMAX,104
CHM00056046,2012-11-10,TMIN,-85
CHM00056046,2012-11-10,TMAX,29
CHM00052983,2011-09-08,TMAX,224
CHM00052983,2011-09-08,TMIN,75
CHM00052889,2006-11-18,TMAX,126
CHM00056080,2015-08-25,TMIN,32
CHM00052889,2006-11-18,TMIN,-50
CHM00056080,2008-12-29,TMIN,-154
CHM00056080,2012-05-04,TMAX,156
CHM00056080,2014-12-19,TMIN,-174
CHM00056080,2014-12-19,TMAX,22
CHM00056046,2012-06-16,TMIN,32
CHM00056080,2006-09-24,TMIN,67
CHM00052889,2005-01-11,TMIN,-155
CHM00056046,2007-12-22,TMIN,-210
CHM00052889,2005-01-11,TMAX,-12
CHM00056046,2009-12-15,TMIN,-197
CHM00052983,2009-07-17,TMAX,282
CHM00056046,2009-12-15,TMAX,-13
CHM00056080,2012-05-04,TMIN,50
CHM00056046,2007-12-22,TMAX,-14
CHM00056080,2008-12-29,TMAX,10
CHM00052983,2011-09-03,TMAX,192
CHM00052983,2011-09-03,TMIN,149
CHM00056046,2014-03-31,TMIN,-49
CHM00056080,2005-01-19,TMIN,-181
CHM00056080,2005-01-28,TMIN,-145
CHM00056046,2012-11-14,TMAX,50
CHM00056080,2012-06-13,TMAX,182
CHM00056046,2011-04-01,TMIN,-38
CHM00056080,2009-12-15,TMIN,-124
CHM00056046,2014-01-09,TMIN,-195
CHM00056080,2009-12-15,TMAX,52
CHM00052983,2011-12-26,TMIN,-126
CHM00052983,2009-03-11,TMAX,18
CHM00052983,2012-10-22,TMAX,121
CHM00056046,2007-04-29,TMAX,95
CHM00052983,2015-04-21,TMIN,4
CHM00052983,2011-12-26,TMAX,27
CHM00056080,2008-08-31,TMIN,15
CHM00056046,2012-01-20,TMAX,-37
CHM00056046,2006-09-27,TMAX,138
CHM00056046,2006-09-27,TMIN,32
CHM00056046,2012-01-20,TMIN,-144
CHM00052983,2012-10-22,TMIN,-36
CHM00056080,2014-02-19,TMIN,-183
CHM00056046,2015-08-28,TMIN,38
CHM00056080,2015-03-19,TMAX,41
CHM00056046,2011-04-01,TMAX,50
CHM00056080,2011-03-24,TMIN,-102
CHM00056046,2012-06-11,TMAX,91
CHM00052983,2006-11-03,TMAX,174
CHM00056046,2009-01-19,TMIN,-125
CHM00052983,2006-11-03,TMIN,-18
CHM00056080,2009-07-04,TMIN,109
CHM00056080,2009-07-04,TMAX,179
CHM00056046,2009-01-19,TMAX,40
CHM00052889,2005-10-19,TMAX,140
CHM00052983,2005-09-10,TMAX,261
CHM00052983,2005-09-10,TMIN,104
CHM00056080,2015-03-19,TMIN,-31
CHM00052889,2005-10-19,TMIN,82
CHM00056046,2007-04-29,TMIN,-109
CHM00056046,2012-06-11,TMIN,46
CHM00052889,2006-12-03,TMAX,26
CHM00052889,2006-12-03,TMIN,-106
CHM00056080,2011-12-03,TMIN,-94
CHM00052889,2008-04-19,TMAX,245
CHM00052889,2008-04-19,TMIN,117
CHM00056080,2011-12-09,TMAX,-12
CHM00056046,2006-09-24,TMIN,47
CHM00056080,2014-02-19,TMAX,35
CHM00056046,2007-07-11,TMIN,74
CHM00056046,2007-07-11,TMAX,115
CHM00052889,2007-12-22,TMAX,71
CHM00056046,2012-05-15,TMIN,-7
CHM00056046,2014-01-03,TMAX,-19
CHM00056080,2013-06-29,TMIN,80
CHM00052983,2009-08-25,TMAX,168
CHM00056046,2008-06-20,TMIN,39
CHM00056080,2012-06-13,TMIN,42
CHM00056046,2014-05-19,TMAX,147
CHM00052889,2007-12-22,TMIN,-57
CHM00056046,2008-03-20,TMAX,29
CHM00052983,2010-04-29,TMIN,60
CHM00052983,2010-04-29,TMAX,211
CHM00056046,2008-03-20,TMIN,-77
CHM00056046,2006-09-24,TMAX,144
CHM00052983,2015-09-24,TMIN,50
CHM00056080,2010-02-11,TMAX,70
CHM00056080,2009-03-09,TMIN,-92
CHM00056080,2011-12-03,TMAX,78
CHM00052983,2013-11-06,TMAX,107
CHM00056080,2008-08-31,TMAX,191
CHM00056046,2010-02-13,TMIN,-82
CHM00056046,2014-12-23,TMIN,-186
CHM00056080,2010-09-29,TMIN,20
CHM00056046,2010-02-13,TMAX,14
CHM00056080,2010-09-29,TMAX,178
CHM00056080,2010-02-11,TMIN,-135
CHM00056080,2011-12-09,TMIN,-108
CHM00056080,2014-04-30,TMIN,-19
CHM00056046,2010-11-17,TMIN,-166
CHM00056046,2010-11-17,TMAX,27
CHM00056046,2014-12-23,TMAX,-30
CHM00056046,2008-06-14,TMAX,81
CHM00056046,2008-06-14,TMIN,31
CHM00056080,2014-04-30,TMAX,187
CHM00056080,2009-03-09,TMAX,132
CHM00052889,2006-11-29,TMAX,21
CHM00052889,2006-11-06,TMAX,153
CHM00052889,2006-11-06,TMIN,-37
CHM00056046,2007-07-15,TMIN,48
CHM00052983,2005-12-09,TMAX,22
CHM00056080,2012-09-06,TMIN,75
CHM00056080,2012-09-06,TMAX,214
CHM00056080,2014-05-17,TMAX,139
CHM00056080,2006-11-11,TMAX,130
CHM00052983,2005-12-09,TMIN,-102
CHM00056046,2007-07-15,TMAX,157
CHM00056080,2009-01-05,TMAX,-1
CHM00052889,2008-04-15,TMAX,215
CHM00052889,2008-04-15,TMIN,84
CHM00056080,2009-01-05,TMIN,-112
CHM00052889,2008-09-02,TMAX,240
CHM00052983,2010-07-11,TMAX,274
CHM00052983,2005-11-04,TMAX,139
CHM00052983,2012-12-27,TMAX,38
CHM00052983,2009-08-03,TMAX,191
CHM00056080,2006-11-11,TMIN,-95
CHM00056080,2005-10-21,TMAX,26
CHM00056046,2012-12-23,TMIN,-251
CHM00056046,2015-12-11,TMAX,61
CHM00056046,2006-10-27,TMAX,69
CHM00056046,2006-10-27,TMIN,-101
CHM00052983,2009-07-18,TMIN,107
CHM00052983,2009-07-18,TMAX,316
CHM00056046,2009-08-07,TMIN,79
CHM00056080,2010-09-27,TMAX,100
CHM00056080,2005-10-21,TMIN,-37
CHM00056046,2009-08-07,TMAX,169
CHM00056080,2005-11-07,TMAX,110
CHM00056080,2005-11-07,TMIN,-78
CHM00056080,2010-09-27,TMIN,55
CHM00056046,2015-12-11,TMIN,-160
CHM00052889,2008-09-02,TMIN,139
CHM00052889,2005-10-31,TMIN,-52
CHM00052889,2005-10-31,TMAX,138
CHM00056046,2012-12-23,TMAX,-8
CHM00052983,2010-07-11,TMIN,109
CHM00052983,2010-02-03,TMAX,20
CHM00052983,2012-12-27,TMIN,-141
CHM00052889,2006-07-29,TMAX,309
CHM00056046,2014-02-24,TMAX,27
CHM00052889,2006-09-06,TMIN,107
CHM00056046,2010-02-19,TMAX,-5
CHM00056046,2010-02-19,TMIN,-163
CHM00052983,2015-07-28,TMIN,136
CHM00052889,2006-09-06,TMAX,201
CHM00052983,2014-07-03,TMAX,233
CHM00052983,2011-03-25,TMAX,63
CHM00056080,2014-12-10,TMAX,-64
CHM00056080,2011-01-29,TMAX,5
CHM00052983,2008-12-28,TMAX,-38
CHM00056046,2008-01-24,TMIN,-114
CHM00052983,2008-11-05,TMAX,79
CHM00056046,2008-01-24,TMAX,10
CHM00052889,2005-10-24,TMIN,-43
CHM00056080,2008-10-05,TMIN,10
CHM00056046,2012-01-01,TMIN,-197
CHM00056046,2011-06-14,TMAX,157
CHM00052983,2010-09-26,TMAX,190
CHM00056080,2013-10-25,TMIN,-55
CHM00052983,2015-07-28,TMAX,334
CHM00052889,2006-07-29,TMIN,180
CHM00056080,2014-12-10,TMIN,-126
CHM00056080,2008-01-31,TMAX,-100
CHM00052983,2012-04-17,TMAX,143
CHM00056080,2011-08-26,TMAX,208
CHM00052983,2010-02-03,TMIN,-106
CHM00052983,2006-10-01,TMAX,215
CHM00052983,2006-10-01,TMIN,61
CHM00052889,2007-11-24,TMAX,117
CHM00056080,2008-01-31,TMIN,-236
CHM00052889,2008-07-11,TMAX,288
CHM00052889,2008-07-11,TMIN,164
CHM00052983,2005-11-04,TMIN,-7
CHM00052889,2007-11-24,TMIN,-33
CHM00056080,2012-08-31,TMAX,131
CHM00052889,2005-10-24,TMAX,183
CHM00056046,2011-06-14,TMIN,1
CHM00056080,2012-08-31,TMIN,96
CHM00052983,2008-01-25,TMAX,-83
CHM00056080,2015-03-08,TMAX,80
CHM00056080,2009-07-11,TMIN,94
CHM00056080,2005-08-15,TMAX,180
CHM00056080,2014-08-09,TMAX,224
CHM00056080,2006-08-25,TMAX,203
CHM00056080,2011-01-04,TMIN,-171
CHM00056080,2006-08-25,TMIN,79
CHM00052983,2011-12-08,TMAX,-17
CHM00052983,2011-12-08,TMIN,-67
CHM00056080,2014-08-09,TMIN,67
CHM00056080,2007-12-01,TMAX,21
CHM00056080,2007-12-01,TMIN,-67
CHM00052983,2007-05-01,TMAX,247
CHM00056080,2015-09-14,TMIN,-5
CHM00052983,2007-11-27,TMIN,-77
CHM00052983,2007-05-01,TMIN,35
CHM00056046,2006-11-05,TMAX,31
CHM00056046,2006-11-05,TMIN,-119
CHM00052889,2005-08-02,TMAX,313
CHM00056080,2011-01-04,TMAX,76
CHM00056080,2011-04-29,TMAX,219
CHM00056080,2011-04-29,TMIN,25
CHM00052889,2008-08-26,TMIN,158
CHM00056046,2005-02-08,TMIN,-152
CHM00056046,2005-02-08,TMAX,21
CHM00056046,2009-08-21,TMAX,159
CHM00056080,2007-07-24,TMIN,44
CHM00056080,2015-04-19,TMAX,113
CHM00056080,2014-07-02,TMIN,37
CHM00056080,2015-04-19,TMIN,-5
CHM00052983,2010-06-10,TMIN,66
CHM00056080,2014-07-02,TMAX,191
CHM00056046,2008-01-19,TMIN,-59
CHM00056046,2008-01-19,TMAX,24
CHM00056080,2012-01-15,TMAX,4
CHM00056046,2007-05-06,TMAX,173
CHM00056080,2012-01-15,TMIN,-222
CHM00056046,2007-05-06,TMIN,-50
CHM00052983,2007-11-27,TMAX,67
CHM00052983,2011-01-17,TMAX,-61
CHM00052889,2005-08-02,TMIN,173
CHM00056080,2005-08-15,TMIN,107
CHM00056080,2008-06-08,TMAX,182
CHM00056046,2010-08-06,TMIN,64
CHM00056080,2007-12-19,TMAX,82
CHM00052889,2005-09-13,TMAX,179
CHM00052889,2005-09-13,TMIN,97
CHM00052983,2014-09-15,TMAX,187
CHM00052983,2007-07-16,TMIN,159
CHM00052983,2007-07-16,TMAX,286
CHM00052983,2015-08-26,TMAX,275
CHM00052983,2010-02-16,TMAX,-18
CHM00052983,2014-09-15,TMIN,99
CHM00056046,2008-07-07,TMAX,161
CHM00052983,2006-08-09,TMAX,327
CHM00056080,2009-07-11,TMAX,212
CHM00052983,2014-05-01,TMAX,101
CHM00052983,2006-09-12,TMAX,192
CHM00052983,2015-08-26,TMIN,94
CHM00052983,2006-09-12,TMIN,50
CHM00056080,2007-12-19,TMIN,-153
CHM00052983,2010-09-26,TMIN,49
CHM00056080,2014-06-20,TMAX,101
CHM00052983,2014-05-01,TMIN,23
CHM00056080,2008-06-08,TMIN,61
CHM00056080,2010-11-24,TMAX,88
CHM00056080,2010-11-24,TMIN,-127
CHM00056046,2005-01-31,TMIN,-88
CHM00052983,2010-05-23,TMIN,81
CHM00052983,2010-06-10,TMAX,239
CHM00052983,2008-12-08,TMAX,84
CHM00056080,2015-09-26,TMIN,35
CHM00052983,2006-08-09,TMIN,170
CHM00056046,2005-01-31,TMAX,33
CHM00056080,2013-02-15,TMAX,95
CHM00052983,2010-05-23,TMAX,271
CHM00052983,2009-01-11,TMAX,-18
CHM00052983,2008-12-27,TMIN,-99
CHM00052983,2008-12-27,TMAX,11
CHM00056080,2013-02-15,TMIN,-153
CHM00056046,2008-07-07,TMIN,-1
CHM00056046,2010-08-06,TMAX,217
CHM00056046,2012-01-01,TMAX,57
CHM00056080,2011-01-29,TMIN,-213
CHM00052983,2013-08-23,TMIN,172
CHM00056080,2013-03-28,TMIN,-18
CHM00056046,2005-11-25,TMAX,-14
CHM00056046,2005-11-25,TMIN,-190
CHM00056080,2009-06-30,TMIN,42
CHM00056080,2005-08-23,TMAX,210
CHM00052983,2010-02-04,TMAX,51
CHM00056046,2012-05-09,TMAX,157
CHM00056080,2009-06-30,TMAX,209
CHM00056046,2012-05-09,TMIN,-20
CHM00056080,2013-03-28,TMAX,118
CHM00056046,2008-08-21,TMAX,164
CHM00052983,2009-09-01,TMAX,199
CHM00052983,2010-02-04,TMIN,-117
CHM00056080,2007-07-15,TMAX,245
CHM00056080,2011-08-26,TMIN,23
CHM00056046,2013-10-10,TMIN,-80
CHM00056046,2008-08-21,TMIN,66
CHM00056080,2006-11-18,TMAX,94
CHM00056080,2006-11-18,TMIN,-65
CHM00056080,2011-09-03,TMAX,137
CHM00056046,2015-12-22,TMAX,-52
CHM00052983,2005-12-04,TMIN,-157
CHM00052889,2007-12-05,TMAX,68
CHM00052889,2007-12-05,TMIN,-32
CHM00056080,2009-07-31,TMAX,211
CHM00052983,2005-02-28,TMIN,-70
CHM00056080,2011-04-28,TMIN,1
CHM00056080,2007-05-06,TMAX,192
CHM00052889,2005-11-02,TMAX,143
CHM00052889,2005-11-02,TMIN,-46
CHM00052983,2005-01-24,TMAX,10
CHM00056080,2007-05-06,TMIN,-11
CHM00052889,2005-01-16,TMIN,-169
CHM00056046,2012-05-04,TMAX,101
CHM00052889,2006-09-21,TMAX,241
CHM00056080,2005-08-23,TMIN,60
CHM00056080,2011-09-03,TMIN,112
CHM00052889,2007-12-20,TMIN,-33
CHM00052983,2011-04-01,TMIN,-2
CHM00052983,2011-04-01,TMAX,127
CHM00056080,2007-07-15,TMIN,45
CHM00056080,2010-08-06,TMAX,250
CHM00056046,2014-12-01,TMAX,31
CHM00056080,2010-08-06,TMIN,89
CHM00056080,2010-02-13,TMIN,-89
CHM00056046,2013-04-26,TMAX,107
CHM00056080,2010-02-13,TMAX,-9
CHM00056080,2012-11-10,TMIN,-66
CHM00056080,2012-11-10,TMAX,84
CHM00056046,2015-12-22,TMIN,-248
CHM00056080,2007-06-12,TMIN,53
CHM00052983,2006-11-10,TMAX,144
CHM00056080,2008-01-17,TMIN,-173
CHM00056080,2005-11-25,TMAX,50
CHM00056080,2005-11-25,TMIN,-148
CHM00052983,2006-11-02,TMIN,-17
CHM00056080,2011-04-03,TMAX,107
CHM00052889,2008-08-16,TMIN,145
CHM00056080,2006-08-14,TMAX,200
CHM00056046,2006-11-11,TMAX,50
CHM00056080,2006-08-14,TMIN,117
CHM00056080,2011-04-03,TMIN,-15
CHM00056046,2012-05-04,TMIN,-1
CHM00052889,2008-08-16,TMAX,299
CHM00056046,2011-03-31,TMAX,74
CHM00056080,2005-09-20,TMIN,98
CHM00056080,2014-12-23,TMIN,-160
CHM00056080,2014-12-23,TMAX,49
CHM00052889,2007-12-20,TMAX,66
CHM00056080,2005-09-20,TMAX,175
CHM00056046,2007-11-06,TMAX,27
CHM00056046,2007-11-06,TMIN,-120
CHM00056046,2013-05-11,TMIN,-15
CHM00052889,2008-03-23,TMAX,167
CHM00056080,2005-12-11,TMIN,-133
CHM00056080,2005-03-03,TMIN,-149
CHM00056080,2005-03-03,TMAX,-18
CHM00052889,2008-03-23,TMIN,16
CHM00056080,2005-12-11,TMAX,-11
CHM00056046,2011-03-31,TMIN,-68
CHM00052983,2005-02-28,TMAX,57
CHM00056046,2010-10-01,TMAX,77
CHM00056046,2006-11-11,TMIN,-144
CHM00056080,2011-06-26,TMAX,162
CHM00052983,2010-05-17,TMAX,109
CHM00052983,2008-06-07,TMIN,77
CHM00052983,2007-11-15,TMAX,109
CHM00052983,2010-08-07,TMAX,285
CHM00056046,2012-08-22,TMIN,38
CHM00056046,2012-08-22,TMAX,142
CHM00056046,2011-01-16,TMAX,-21
CHM00052983,2010-09-27,TMAX,162
CHM00056080,2008-12-13,TMAX,12
CHM00056080,2008-12-13,TMIN,-149
CHM00056046,2011-01-16,TMIN,-199
CHM00052983,2008-09-04,TMAX,239
CHM00052983,2008-09-04,TMIN,62
CHM00052983,2008-06-07,TMAX,226
CHM00056046,2013-01-11,TMAX,-67
CHM00056046,2013-01-11,TMIN,-294
CHM00056080,2011-06-26,TMIN,70
CHM00056046,2011-01-24,TMIN,-207
CHM00056046,2005-01-28,TMIN,-198
CHM00056046,2015-08-18,TMAX,110
CHM00052983,2007-11-29,TMAX,48
CHM00052983,2007-11-29,TMIN,-72
CHM00056080,2006-11-05,TMAX,98
CHM00056080,2014-08-10,TMAX,156
CHM00056080,2006-11-05,TMIN,-65
CHM00056080,2008-10-05,TMAX,152
CHM00056046,2005-01-13,TMAX,-107
CHM00056080,2014-06-28,TMAX,142
CHM00052983,2011-09-13,TMAX,246
CHM00056046,2015-08-18,TMIN,26
CHM00052983,2009-12-26,TMAX,-74
CHM00056046,2011-09-07,TMIN,37
CHM00056046,2005-01-13,TMIN,-271
CHM00052983,2011-03-25,TMIN,-65
CHM00056046,2014-01-11,TMAX,-46
CHM00056046,2014-05-17,TMAX,112
CHM00056046,2011-09-07,TMAX,129
CHM00056046,2005-01-28,TMAX,5
CHM00056080,2011-05-27,TMIN,17
CHM00052983,2013-07-06,TMIN,151
CHM00052889,2005-12-26,TMAX,28
CHM00052889,2006-09-24,TMAX,180
CHM00052889,2006-09-24,TMIN,120
CHM00052889,2006-09-21,TMIN,70
CHM00052983,2010-10-19,TMIN,31
CHM00052983,2015-03-12,TMIN,-37
CHM00056046,2009-01-07,TMAX,-85
CHM00052983,2011-08-19,TMAX,240
CHM00056080,2009-07-31,TMIN,64
CHM00052983,2011-08-19,TMIN,129
CHM00052983,2008-11-09,TMIN,-35
CHM00052889,2005-01-16,TMAX,3
CHM00052983,2008-11-09,TMAX,118
CHM00056046,2010-10-01,TMIN,0
CHM00052983,2007-06-03,TMAX,232
CHM00056080,2011-04-28,TMAX,231
CHM00052983,2011-09-17,TMAX,98
CHM00052983,2005-12-04,TMAX,-50
CHM00052983,2010-10-19,TMAX,176
CHM00052889,2008-08-22,TMIN,153
CHM00056046,2009-01-07,TMIN,-249
CHM00052889,2006-08-18,TMIN,187
CHM00052889,2005-12-26,TMIN,-174
CHM00056080,2007-04-29,TMIN,-66
CHM00056080,2007-04-29,TMAX,137
CHM00052983,2005-09-14,TMAX,150
CHM00052889,2008-08-22,TMAX,288
CHM00052983,2013-05-03,TMIN,45
CHM00052889,2006-08-18,TMAX,302
CHM00052983,2009-07-15,TMAX,302
CHM00056046,2009-08-28,TMAX,122
CHM00052889,2008-03-24,TMIN,32
CHM00056046,2011-01-24,TMAX,-36
CHM00056046,2009-08-28,TMIN,55
CHM00052889,2005-02-08,TMIN,-121
CHM00052889,2005-02-08,TMAX,7
CHM00052983,2009-07-15,TMIN,163
CHM00052889,2008-03-24,TMAX,170
CHM00052889,2008-02-12,TMAX,-21
CHM00052889,2008-02-12,TMIN,-105
CHM00056046,2014-08-25,TMIN,16
CHM00056046,2014-08-25,TMAX,132
CHM00056080,2005-01-19,TMAX,6
CHM00056080,2007-12-05,TMAX,45
CHM00056080,2012-01-11,TMIN,-150
CHM00056080,2007-12-05,TMIN,-102
CHM00052983,2009-03-22,TMAX,101
CHM00056080,2012-01-11,TMAX,-35
CHM00052983,2015-04-19,TMIN,47
CHM00056046,2015-04-17,TMAX,132
CHM00056080,2014-05-28,TMIN,46
CHM00056046,2013-02-09,TMAX,-40
CHM00056080,2007-07-27,TMAX,164
CHM00056080,2013-03-15,TMAX,161
CHM00056080,2007-07-27,TMIN,78
CHM00052983,2012-08-24,TMIN,96
CHM00052889,2007-05-09,TMAX,325
CHM00052983,2012-08-24,TMAX,250
CHM00056080,2013-03-15,TMIN,-45
CHM00056046,2015-04-17,TMIN,-16
CHM00056080,2014-05-28,TMAX,182
CHM00056046,2008-08-23,TMIN,85
CHM00052889,2008-11-07,TMAX,153
CHM00056046,2005-10-27,TMIN,-82
CHM00056080,2005-11-02,TMIN,-45
CHM00056080,2009-12-09,TMAX,73
CHM00056080,2011-11-25,TMAX,130
CHM00056080,2006-09-16,TMAX,202
CHM00056046,2005-10-27,TMAX,32
CHM00052889,2005-08-23,TMIN,100
CHM00052889,2005-08-23,TMAX,293
CHM00056080,2006-09-16,TMIN,21
CHM00052983,2009-04-02,TMAX,166
CHM00056080,2009-12-09,TMIN,-124
CHM00056080,2015-07-27,TMIN,52
CHM00052983,2009-04-02,TMIN,-5
CHM00052889,2008-11-07,TMIN,17
CHM00056046,2008-08-23,TMAX,191
CHM00052889,2008-11-04,TMIN,14
CHM00052889,2008-11-04,TMAX,158
CHM00052889,2007-05-09,TMIN,139
CHM00056080,2005-08-02,TMAX,197
CHM00056080,2005-08-02,TMIN,111
CHM00056080,2013-01-01,TMAX,63
CHM00056080,2005-08-10,TMAX,239
CHM00056080,2005-08-10,TMIN,83
CHM00056046,2011-12-27,TMIN,-103
CHM00052983,2013-12-31,TMAX,13
CHM00052889,2005-12-21,TMAX,-23
CHM00052889,2005-12-21,TMIN,-210
CHM00056046,2011-12-27,TMAX,7
CHM00056080,2005-11-27,TMIN,-93
CHM00056080,2005-11-27,TMAX,44
CHM00056046,2005-09-11,TMIN,-2
CHM00056046,2005-09-11,TMAX,184
CHM00056046,2011-02-26,TMAX,15
CHM00052983,2014-01-19,TMAX,10
CHM00052983,2013-12-31,TMIN,-155
CHM00052983,2015-04-13,TMAX,200
CHM00056046,2011-02-26,TMIN,-156
CHM00056046,2011-06-19,TMIN,68
CHM00052983,2005-09-25,TMAX,172
CHM00056046,2011-03-22,TMIN,-164
CHM00056046,2005-11-20,TMAX,2
CHM00056080,2012-05-06,TMAX,187
CHM00056046,2014-11-19,TMIN,-151
CHM00052983,2013-01-11,TMIN,-157
CHM00052983,2013-01-11,TMAX,16
CHM00056046,2014-11-19,TMAX,36
CHM00052983,2014-10-01,TMAX,177
CHM00056080,2013-05-23,TMIN,25
CHM00052983,2014-12-13,TMAX,2
CHM00056080,2008-04-03,TMAX,95
CHM00056046,2010-05-13,TMIN,13
CHM00056046,2010-05-13,TMAX,115
CHM00056080,2008-04-03,TMIN,-40
CHM00052983,2014-12-13,TMIN,-127
CHM00056046,2008-11-08,TMAX,28
CHM00052983,2014-11-27,TMAX,6
CHM00056046,2008-11-08,TMIN,-127
CHM00052983,2005-09-25,TMIN,63
CHM00056080,2012-05-06,TMIN,55
CHM00056046,2005-11-20,TMIN,-176
CHM00052889,2005-08-07,TMAX,278
CHM00056046,2011-03-22,TMAX,-13
CHM00056046,2010-05-08,TMIN,16
CHM00056080,2005-12-26,TMAX,42
CHM00052889,2007-05-25,TMAX,276
CHM00052889,2007-05-25,TMIN,147
CHM00052983,2012-01-15,TMAX,26
CHM00056046,2014-11-29,TMAX,6
CHM00056046,2014-11-29,TMIN,-123
CHM00052983,2012-01-15,TMIN,-150
CHM00056080,2012-06-11,TMIN,41
CHM00056080,2005-12-26,TMIN,-161
CHM00052983,2013-07-05,TMIN,118
CHM00056080,2005-09-11,TMIN,108
CHM00056046,2005-08-10,TMAX,180
CHM00056046,2005-08-10,TMIN,83
CHM00052983,2012-06-21,TMAX,294
CHM00056080,2005-10-26,TMIN,-10
CHM00056080,2005-09-11,TMAX,206
CHM00056046,2010-02-11,TMIN,-78
CHM00056080,2012-06-11,TMAX,172
CHM00056080,2011-08-13,TMAX,281
CHM00056080,2011-08-13,TMIN,99
CHM00056080,2012-09-18,TMIN,29
CHM00052983,2011-09-25,TMIN,69
CHM00052983,2015-09-28,TMIN,70
CHM00056046,2012-12-25,TMAX,-10
CHM00056046,2012-12-25,TMIN,-213
CHM00052983,2006-10-02,TMAX,218
CHM00056080,2006-01-07,TMAX,42
CHM00056080,2006-01-07,TMIN,-128
CHM00056046,2013-03-30,TMIN,-113
CHM00056046,2007-11-10,TMIN,-68
CHM00056046,2007-11-10,TMAX,18
CHM00056080,2005-08-28,TMAX,226
CHM00056080,2005-08-28,TMIN,67
CHM00052983,2006-10-02,TMIN,63
CHM00052983,2011-05-09,TMAX,105
CHM00056046,2012-04-21,TMIN,-63
CHM00056046,2012-04-21,TMAX,83
CHM00056080,2005-10-26,TMAX,62
CHM00052983,2011-05-09,TMIN,52
CHM00056046,2010-02-11,TMAX,16
CHM00056080,2011-09-16,TMIN,66
CHM00056046,2005-12-15,TMAX,8
CHM00056080,2009-08-23,TMAX,157
CHM00056080,2009-08-23,TMIN,111
CHM00052983,2005-09-16,TMAX,235
CHM00056046,2010-05-08,TMAX,136
CHM00056046,2011-03-23,TMAX,37
CHM00056080,2011-11-25,TMIN,-69
CHM00052983,2012-11-05,TMAX,116
CHM00056046,2008-04-15,TMAX,58
CHM00056046,2008-04-15,TMIN,-51
CHM00052889,2006-09-18,TMAX,231
CHM00056046,2011-03-23,TMIN,-129
CHM00052889,2006-09-18,TMIN,56
CHM00052983,2009-04-16,TMAX,251
CHM00052983,2009-04-16,TMIN,63
CHM00056046,2015-08-06,TMAX,144
CHM00052983,2012-11-05,TMIN,-66
CHM00056046,2005-12-15,TMIN,-227
CHM00056080,2005-11-02,TMAX,113
CHM00056046,2010-01-12,TMAX,-24
CHM00056046,2006-10-29,TMAX,48
CHM00052983,2012-06-21,TMIN,117
CHM00052983,2013-05-29,TMIN,53
CHM00056080,2011-09-16,TMAX,143
CHM00052983,2010-05-16,TMAX,135
CHM00056046,2013-04-21,TMAX,139
CHM00056046,2015-04-29,TMIN,-3
CHM00056046,2015-04-29,TMAX,138
CHM00052983,2009-01-18,TMIN,-131
CHM00052983,2009-01-18,TMAX,30
CHM00056080,2009-01-15,TMIN,-181
CHM00056080,2013-06-28,TMIN,41
CHM00056046,2013-04-21,TMIN,-58
CHM00052983,2014-09-26,TMIN,65
CHM00056080,2009-01-15,TMAX,58
CHM00052889,2006-08-02,TMAX,314
CHM00056046,2010-01-12,TMIN,-239
CHM00056046,2006-10-29,TMIN,-113
CHM00052889,2006-08-02,TMIN,147
CHM00052983,2015-04-13,TMIN,-19
CHM00056046,2011-06-19,TMAX,203
CHM00056080,2015-08-08,TMAX,196
CHM00052983,2013-10-28,TMIN,10
CHM00052983,2007-05-02,TMAX,234
CHM00056080,2011-03-04,TMIN,-91
CHM00056080,2011-03-04,TMAX,83
CHM00056080,2006-07-26,TMIN,41
CHM00052983,2007-12-02,TMAX,62
CHM00056046,2014-06-25,TMIN,65
CHM00056080,2008-01-18,TMAX,-19
CHM00052983,2007-07-09,TMAX,299
CHM00052983,2006-10-31,TMAX,127
CHM00052983,2015-08-12,TMIN,121
CHM00056080,2011-07-02,TMAX,209
CHM00052983,2007-07-09,TMIN,148
CHM00056080,2011-07-02,TMIN,128
CHM00052889,2008-04-07,TMIN,100
CHM00056080,2012-06-03,TMAX,139
CHM00056080,2012-06-03,TMIN,63
CHM00056080,2006-08-03,TMAX,240
CHM00056080,2006-08-03,TMIN,58
CHM00056080,2008-01-18,TMIN,-105
CHM00056046,2009-04-06,TMAX,58
CHM00056046,2009-04-06,TMIN,-90
CHM00052889,2005-01-12,TMAX,-4
CHM00052889,2007-05-18,TMAX,334
CHM00056080,2006-07-18,TMAX,252
CHM00052889,2007-05-18,TMIN,134
CHM00056080,2012-11-16,TMAX,78
CHM00056046,2007-06-11,TMAX,64
CHM00056046,2011-01-30,TMAX,-12
CHM00056046,2007-06-11,TMIN,15
CHM00056046,2011-01-30,TMIN,-174
CHM00056046,2008-09-24,TMAX,163
CHM00056046,2009-08-12,TMIN,21
CHM00052983,2007-12-02,TMIN,-101
CHM00056080,2010-08-05,TMAX,222
CHM00056080,2006-07-26,TMAX,256
CHM00056080,2014-11-24,TMAX,30
CHM00052889,2008-04-07,TMAX,247
CHM00056080,2011-04-01,TMAX,85
CHM00052983,2015-03-08,TMIN,-18
CHM00056046,2007-06-12,TMIN,15
CHM00056080,2012-11-16,TMIN,-102
CHM00056046,2008-10-09,TMAX,33
CHM00056080,2014-05-19,TMIN,6
CHM00052983,2012-08-31,TMAX,210
CHM00056080,2014-05-19,TMAX,165
CHM00056080,2005-08-19,TMIN,88
CHM00056080,2010-08-05,TMIN,88
CHM00052983,2011-08-22,TMAX,212
CHM00056080,2005-08-19,TMAX,156
CHM00056080,2013-10-19,TMIN,12
CHM00052889,2007-07-16,TMIN,203
CHM00052889,2007-07-16,TMAX,328
CHM00056080,2009-12-11,TMIN,-67
CHM00052983,2014-02-25,TMIN,-38
CHM00052889,2008-10-01,TMAX,225
CHM00056046,2012-01-11,TMIN,-170
CHM00056080,2009-12-11,TMAX,32
CHM00052889,2007-07-22,TMIN,141
CHM00056046,2009-08-12,TMAX,189
CHM00056080,2013-10-24,TMIN,-81
CHM00056080,2010-12-05,TMIN,-155
CHM00056046,2007-06-12,TMAX,117
CHM00056046,2009-03-31,TMAX,26
CHM00056080,2011-04-01,TMIN,-6
CHM00052889,2007-05-19,TMIN,159
CHM00056080,2008-08-14,TMIN,78
CHM00052889,2007-05-19,TMAX,343
CHM00056046,2009-03-31,TMIN,-51
CHM00052889,2007-07-11,TMIN,205
CHM00052889,2007-07-22,TMAX,286
CHM00056080,2008-08-14,TMAX,180
CHM00052889,2007-07-11,TMAX,301
CHM00052983,2010-02-08,TMIN,-77
CHM00052983,2010-02-08,TMAX,23
CHM00052983,2013-07-10,TMAX,215
CHM00052983,2010-02-14,TMAX,-53
CHM00056080,2010-12-05,TMAX,-1
CHM00052983,2013-07-10,TMIN,99
CHM00052983,2010-02-14,TMIN,-128
CHM00052983,2005-09-23,TMAX,201
CHM00056080,2006-07-18,TMIN,123
CHM00056046,2008-09-24,TMIN,58
CHM00052983,2006-08-27,TMAX,198
CHM00052983,2014-04-16,TMIN,54
CHM00056046,2015-08-26,TMIN,5
CHM00052983,2014-04-16,TMAX,163
CHM00056046,2011-05-09,TMIN,26
CHM00056080,2006-10-27,TMAX,92
CHM00052889,2008-08-24,TMIN,195
CHM00056046,2005-11-27,TMIN,-130
CHM00056046,2005-11-27,TMAX,24
CHM00056046,2011-05-09,TMAX,157
CHM00056080,2006-10-27,TMIN,-28
CHM00052889,2005-08-07,TMIN,142
CHM00052983,2013-02-13,TMIN,-86
CHM00052983,2013-02-13,TMAX,25
CHM00056046,2006-07-29,TMAX,186
CHM00056046,2013-07-30,TMIN,10
CHM00056046,2011-12-05,TMAX,58
CHM00056080,2012-08-29,TMAX,190
CHM00056080,2008-04-09,TMAX,177
CHM00056080,2012-08-29,TMIN,50
CHM00056046,2005-01-19,TMIN,-187
CHM00056046,2007-06-09,TMAX,137
CHM00056046,2008-06-23,TMAX,144
CHM00056046,2007-06-09,TMIN,37
CHM00056046,2006-07-26,TMAX,190
CHM00056046,2014-08-08,TMAX,144
CHM00052983,2005-08-29,TMIN,136
CHM00056046,2006-07-26,TMIN,-18
CHM00056046,2014-01-01,TMAX,47
CHM00056080,2007-11-15,TMIN,-78
CHM00052983,2007-07-07,TMAX,240
CHM00056080,2005-01-25,TMIN,-168
CHM00052983,2005-08-29,TMAX,282
CHM00056080,2005-01-25,TMAX,105
CHM00056080,2007-11-15,TMAX,104
CHM00056046,2014-01-01,TMIN,-165
CHM00056046,2008-06-23,TMIN,28
CHM00056080,2015-12-13,TMAX,-28
CHM00056046,2005-01-19,TMAX,-16
CHM00052983,2014-09-26,TMAX,164
CHM00056046,2011-12-05,TMIN,-133
CHM00056080,2008-04-09,TMIN,-13
CHM00056046,2005-01-25,TMIN,-181
CHM00052983,2009-04-12,TMAX,210
CHM00056046,2014-06-25,TMAX,150
CHM00056046,2005-01-25,TMAX,26
CHM00056080,2007-05-13,TMIN,2
CHM00056080,2007-05-13,TMAX,199
CHM00052983,2005-09-05,TMIN,69
CHM00052889,2005-08-11,TMIN,166
CHM00052889,2005-08-11,TMAX,285
CHM00052889,2006-11-26,TMAX,36
CHM00052889,2006-11-26,TMIN,-29
CHM00052983,2005-09-05,TMAX,228
CHM00052983,2005-09-23,TMIN,62
CHM00052889,2005-01-12,TMIN,-107
CHM00056046,2009-04-10,TMIN,-25
CHM00056080,2013-10-24,TMAX,134
CHM00056046,2009-04-10,TMAX,89
CHM00056046,2011-12-06,TMIN,-106
CHM00052889,2008-08-24,TMAX,259
CHM00052983,2012-11-11,TMIN,-92
CHM00056046,2011-12-06,TMAX,99
CHM00052889,2008-08-15,TMIN,166
CHM00056046,2006-09-05,TMAX,191
CHM00056046,2006-09-05,TMIN,64
CHM00052983,2008-12-29,TMAX,0
CHM00052983,2011-02-13,TMAX,30
CHM00052983,2011-02-13,TMIN,-128
CHM00056080,2010-01-26,TMAX,99
CHM00056080,2015-04-06,TMIN,-32
CHM00052983,2015-09-10,TMIN,108
CHM00056046,2006-11-13,TMAX,79
CHM00052983,2006-09-24,TMAX,128
CHM00056046,2006-11-13,TMIN,-136
CHM00056080,2010-05-08,TMAX,193
CHM00056080,2010-05-08,TMIN,30
CHM00052889,2008-08-15,TMAX,258
CHM00056080,2010-01-26,TMIN,-116
CHM00056046,2006-07-29,TMIN,58
CHM00052983,2012-11-11,TMAX,88
CHM00056080,2014-11-19,TMAX,104
CHM00056080,2012-01-20,TMIN,-143
CHM00056046,2007-12-02,TMIN,-197
CHM00052983,2005-12-22,TMIN,-175
CHM00052889,2007-12-08,TMAX,63
CHM00052983,2005-12-22,TMAX,13
CHM00056046,2005-09-20,TMAX,147
CHM00056046,2009-03-09,TMIN,-96
CHM00056080,2011-02-11,TMAX,35
CHM00052983,2011-02-17,TMIN,-94
CHM00052889,2007-12-08,TMIN,-26
CHM00052983,2010-06-07,TMAX,123
CHM00056080,2009-04-10,TMIN,9
CHM00056080,2009-04-10,TMAX,156
CHM00056046,2014-12-19,TMIN,-257
CHM00052983,2011-02-17,TMAX,35
CHM00056080,2008-12-05,TMIN,-184
CHM00056046,2014-12-19,TMAX,-54
CHM00056046,2009-03-09,TMAX,74
CHM00056080,2008-12-05,TMAX,35
CHM00056080,2013-04-21,TMAX,178
CHM00056080,2013-04-21,TMIN,-7
CHM00052983,2008-02-09,TMIN,-158
CHM00056080,2005-03-05,TMAX,55
CHM00056080,2005-03-05,TMIN,-162
CHM00056080,2006-09-26,TMAX,117
CHM00056080,2006-09-26,TMIN,46
CHM00056080,2007-05-19,TMIN,16
CHM00056046,2012-05-01,TMAX,65
CHM00056046,2012-09-11,TMAX,135
CHM00056046,2012-09-11,TMIN,-2
CHM00056080,2005-08-11,TMIN,120
CHM00052983,2006-09-16,TMAX,221
CHM00056046,2012-05-01,TMIN,-5
CHM00056080,2013-12-21,TMAX,-16
CHM00056080,2005-08-11,TMAX,186
CHM00056080,2007-05-19,TMAX,249
CHM00056080,2013-01-11,TMAX,-1
CHM00056080,2013-01-11,TMIN,-209
CHM00052983,2008-02-09,TMAX,-59
CHM00052983,2005-11-25,TMAX,51
CHM00056080,2011-02-11,TMIN,-110
CHM00056046,2011-05-05,TMAX,150
CHM00052983,2012-06-08,TMAX,210
CHM00052889,2006-07-26,TMAX,337
CHM00056080,2012-04-21,TMAX,158
CHM00056080,2013-10-10,TMIN,-19
CHM00052889,2006-07-26,TMIN,108
CHM00056080,2008-12-12,TMIN,-138
CHM00056046,2005-08-02,TMAX,190
CHM00052983,2013-02-08,TMAX,19
CHM00052983,2011-01-28,TMAX,-83
CHM00056080,2010-05-13,TMIN,40
CHM00056046,2015-04-14,TMAX,64
CHM00056080,2010-05-13,TMAX,137
CHM00056046,2007-12-19,TMIN,-204
CHM00052983,2005-11-27,TMAX,28
CHM00056046,2007-05-19,TMIN,-24
CHM00056046,2007-05-19,TMAX,166
CHM00056046,2013-05-16,TMIN,1
CHM00056046,2006-12-03,TMAX,24
CHM00056080,2012-04-21,TMIN,-45
CHM00056080,2008-06-14,TMIN,60
CHM00056080,2007-11-10,TMAX,61
CHM00052983,2006-09-01,TMAX,217
CHM00052983,2012-09-09,TMAX,211
CHM00052983,2012-09-09,TMIN,102
CHM00056080,2010-09-30,TMAX,140
CHM00052983,2012-10-26,TMAX,153
CHM00056080,2005-12-15,TMIN,-195
CHM00052983,2009-04-20,TMAX,181
CHM00056046,2005-09-20,TMIN,51
CHM00056080,2005-12-15,TMAX,41
CHM00052983,2011-02-12,TMAX,33
CHM00052983,2015-04-27,TMIN,54
CHM00056080,2014-02-24,TMAX,78
CHM00056046,2011-05-05,TMIN,-62
CHM00056080,2010-09-30,TMIN,35
CHM00056080,2009-03-20,TMIN,-38
CHM00056046,2008-04-09,TMAX,112
CHM00056046,2008-04-09,TMIN,-40
CHM00056080,2014-03-04,TMAX,84
CHM00056080,2007-11-10,TMIN,-18
CHM00052889,2006-09-05,TMAX,218
CHM00056080,2010-11-27,TMIN,-124
CHM00056046,2009-07-20,TMIN,79
CHM00056046,2011-04-29,TMIN,-33
CHM00052983,2005-11-16,TMIN,-40
CHM00052983,2009-12-12,TMAX,0
CHM00056080,2014-06-30,TMAX,148
CHM00056046,2011-04-29,TMAX,146
CHM00052889,2006-01-07,TMAX,-41
CHM00052889,2006-01-07,TMIN,-167
CHM00056046,2006-12-08,TMAX,26
CHM00052983,2015-04-26,TMIN,45
CHM00052983,2015-04-26,TMAX,223
CHM00052983,2010-12-03,TMAX,85
CHM00052983,2012-09-08,TMIN,81
CHM00056046,2006-12-08,TMIN,-88
CHM00056080,2009-01-20,TMAX,-1
CHM00056046,2015-05-01,TMAX,122
CHM00056080,2009-01-20,TMIN,-93
CHM00056046,2013-06-13,TMIN,51
CHM00056046,2006-09-16,TMIN,-37
CHM00052983,2015-08-20,TMIN,105
CHM00052983,2006-07-18,TMAX,307
CHM00056080,2011-06-12,TMIN,29
CHM00056080,2011-06-12,TMAX,216
CHM00056046,2014-12-08,TMAX,85
CHM00056046,2006-09-16,TMAX,163
CHM00052983,2012-12-25,TMAX,-20
CHM00052983,2009-07-31,TMAX,284
CHM00056046,2009-07-04,TMIN,89
CHM00056046,2009-07-04,TMAX,208
CHM00052983,2010-10-05,TMIN,37
CHM00052983,2010-10-05,TMAX,174
CHM00056046,2014-12-08,TMIN,-145
CHM00052983,2005-02-06,TMAX,-33
CHM00052889,2005-12-11,TMIN,-111
CHM00056080,2011-05-27,TMAX,222
CHM00052983,2006-07-18,TMIN,185
CHM00052889,2005-12-11,TMAX,-3
CHM00052983,2011-05-01,TMAX,143
CHM00056046,2015-05-01,TMIN,-55
CHM00052983,2010-12-03,TMIN,-89
CHM00056046,2009-12-09,TMAX,6
CHM00056046,2009-12-09,TMIN,-167
CHM00056080,2011-11-26,TMAX,124
CHM00056080,2011-11-26,TMIN,-68
CHM00056080,2014-01-02,TMAX,0
CHM00056080,2015-08-29,TMIN,31
CHM00056080,2010-11-27,TMAX,53
CHM00052983,2006-09-16,TMIN,64
CHM00056046,2010-08-05,TMAX,216
CHM00056046,2010-08-05,TMIN,88
CHM00052889,2006-11-23,TMIN,-70
CHM00052889,2005-08-28,TMAX,295
CHM00052889,2005-08-28,TMIN,125
CHM00056080,2011-12-25,TMIN,-171
CHM00056080,2011-12-25,TMAX,30
CHM00052889,2006-11-23,TMAX,93
CHM00056046,2010-12-08,TMAX,48
CHM00056046,2010-12-08,TMIN,-229
CHM00056046,2009-07-20,TMAX,203
CHM00052983,2008-07-02,TMIN,108
CHM00056080,2008-06-14,TMAX,123
CHM00052983,2008-07-02,TMAX,296
CHM00052983,2012-04-25,TMIN,7
CHM00052983,2009-12-14,TMAX,-19
CHM00056080,2012-09-24,TMIN,62
CHM00056080,2012-09-24,TMAX,127
CHM00052983,2005-11-16,TMAX,77
CHM00056046,2005-10-21,TMIN,-27
CHM00052889,2006-11-11,TMIN,-54
CHM00052889,2006-11-11,TMAX,176
CHM00056046,2005-10-21,TMAX,13
CHM00052983,2010-07-28,TMIN,158
CHM00052983,2007-04-21,TMAX,189
CHM00056046,2013-06-13,TMAX,166
CHM00052983,2006-08-03,TMIN,118
CHM00056046,2008-04-01,TMIN,-108
CHM00052983,2010-07-28,TMAX,359
CHM00052983,2012-09-08,TMAX,240
CHM00052983,2006-08-03,TMAX,296
CHM00052983,2012-04-25,TMAX,177
CHM00056046,2008-04-01,TMAX,31
CHM00052889,2006-09-05,TMIN,67
CHM00056046,2006-12-03,TMIN,-151
CHM00056046,2005-12-26,TMAX,-27
CHM00056046,2011-04-26,TMIN,-34
CHM00056080,2005-10-24,TMIN,-65
CHM00056080,2005-10-24,TMAX,120
CHM00056046,2005-11-02,TMAX,27
CHM00056046,2005-11-02,TMIN,-95
CHM00056080,2008-09-22,TMIN,89
CHM00056046,2005-09-21,TMAX,148
CHM00056046,2005-08-28,TMIN,21
CHM00056046,2005-09-21,TMIN,31
CHM00056046,2011-01-07,TMIN,-203
CHM00052889,2005-03-03,TMIN,-110
CHM00052889,2005-09-19,TMIN,152
CHM00052983,2008-06-23,TMIN,82
CHM00052889,2007-08-04,TMAX,308
CHM00052983,2008-06-23,TMAX,269
CHM00056080,2014-09-24,TMIN,-7
CHM00052889,2005-09-19,TMAX,246
CHM00056046,2005-08-28,TMAX,174
CHM00056080,2013-01-10,TMAX,7
CHM00056046,2007-07-27,TMIN,38
CHM00052983,2005-01-30,TMIN,-144
CHM00056080,2014-09-13,TMAX,105
CHM00056046,2007-07-16,TMIN,71
CHM00052889,2006-12-04,TMAX,36
CHM00056046,2008-01-17,TMIN,-110
CHM00056046,2008-01-17,TMAX,57
CHM00056080,2005-11-20,TMIN,-171
CHM00052983,2015-08-22,TMAX,263
CHM00056080,2005-09-22,TMIN,35
CHM00056080,2005-11-20,TMAX,37
CHM00056046,2007-07-27,TMAX,104
CHM00056080,2005-10-27,TMIN,-24
CHM00056080,2005-10-27,TMAX,37
CHM00056080,2005-09-22,TMAX,171
CHM00056046,2007-07-16,TMAX,185
CHM00056046,2006-01-07,TMAX,48
CHM00056046,2006-01-07,TMIN,-181
CHM00056080,2014-09-24,TMAX,169
CHM00052889,2005-03-03,TMAX,35
CHM00052983,2015-08-22,TMIN,81
CHM00052889,2007-08-04,TMIN,212
CHM00056046,2009-03-07,TMAX,25
CHM00052983,2013-10-15,TMIN,0
CHM00052889,2008-11-16,TMIN,23
CHM00056080,2007-06-07,TMAX,167
CHM00056080,2007-06-07,TMIN,48
CHM00056046,2010-08-10,TMAX,226
CHM00056046,2007-12-02,TMAX,17
CHM00056046,2013-03-30,TMAX,78
CHM00056046,2009-03-07,TMIN,-97
CHM00052983,2009-12-09,TMIN,-94
CHM00056046,2010-08-10,TMIN,76
CHM00052889,2007-06-12,TMAX,213
CHM00052889,2007-06-12,TMIN,181
CHM00052983,2009-12-09,TMAX,81
CHM00056080,2006-08-18,TMAX,233
CHM00052983,2011-09-25,TMAX,168
CHM00056080,2006-08-18,TMIN,137
CHM00056046,2011-12-03,TMAX,25
CHM00052983,2014-11-14,TMAX,18
CHM00056046,2011-12-03,TMIN,-109
CHM00052983,2014-11-15,TMAX,42
CHM00052983,2009-03-06,TMAX,41
CHM00056080,2013-03-17,TMAX,89
CHM00052983,2011-08-11,TMIN,140
CHM00052983,2011-08-11,TMAX,316
CHM00052983,2009-03-06,TMIN,-44
CHM00056046,2008-04-17,TMIN,-26
CHM00056080,2012-11-14,TMAX,137
CHM00056080,2012-11-14,TMIN,-97
CHM00056080,2012-09-18,TMAX,175
CHM00056080,2006-12-03,TMAX,15
CHM00056080,2006-12-03,TMIN,-123
CHM00052983,2005-11-07,TMAX,129
CHM00052983,2005-11-07,TMIN,-34
CHM00056046,2008-04-17,TMAX,132
CHM00056046,2011-01-07,TMAX,8
CHM00056080,2008-09-22,TMAX,163
CHM00052889,2008-11-16,TMAX,67
CHM00056046,2011-04-26,TMAX,117
CHM00056046,2014-08-10,TMAX,149
CHM00052889,2006-12-04,TMIN,-112
CHM00052983,2005-01-30,TMAX,-18
CHM00052983,2011-01-13,TMAX,-28
CHM00052983,2012-12-21,TMIN,-131
CHM00056046,2010-09-29,TMIN,-44
CHM00056046,2010-09-29,TMAX,139
CHM00056080,2011-06-20,TMIN,119
CHM00056046,2005-08-11,TMIN,80
CHM00056046,2005-08-11,TMAX,147
CHM00052983,2005-11-08,TMIN,-41
CHM00056080,2009-03-17,TMIN,-59
CHM00056080,2009-03-17,TMAX,153
CHM00056080,2011-05-25,TMIN,-2
CHM00056080,2011-06-20,TMAX,193
CHM00056046,2014-11-20,TMIN,-130
CHM00056080,2013-02-23,TMAX,86
CHM00056080,2013-02-23,TMIN,-109
CHM00052983,2005-11-08,TMAX,128
CHM00056080,2011-05-25,TMAX,155
CHM00052983,2012-01-22,TMAX,-118
CHM00056046,2012-04-28,TMIN,-26
CHM00052983,2011-01-13,TMIN,-164
CHM00052983,2012-12-21,TMAX,-45
CHM00056046,2014-09-15,TMIN,13
CHM00056046,2014-09-15,TMAX,113
CHM00056046,2006-08-18,TMAX,178
CHM00056080,2012-05-01,TMAX,94
CHM00056046,2007-12-05,TMAX,-30
CHM00056046,2007-12-05,TMIN,-116
CHM00056046,2007-12-19,TMAX,3
CHM00056046,2005-12-26,TMIN,-213
CHM00056046,2015-04-11,TMIN,-155
CHM00056080,2008-12-12,TMAX,19
CHM00056080,2012-05-01,TMIN,35
CHM00056080,2007-07-16,TMIN,99
CHM00056080,2007-07-16,TMAX,250
CHM00056046,2007-06-07,TMAX,81
CHM00056046,2007-06-07,TMIN,11
CHM00056046,2006-08-18,TMIN,88
CHM00056046,2005-08-02,TMIN,97
CHM00056080,2009-03-20,TMAX,165
CHM00056080,2012-01-20,TMAX,-70
CHM00052983,2008-04-02,TMIN,-27
CHM00056046,2012-04-28,TMAX,115
CHM00056080,2010-06-08,TMIN,37
CHM00056080,2010-06-08,TMAX,140
CHM00052983,2012-09-02,TMIN,52
CHM00052983,2012-06-05,TMAX,171
CHM00056080,2015-08-06,TMIN,73
CHM00052889,2008-09-01,TMAX,272
CHM00052983,2009-08-08,TMAX,172
CHM00052889,2006-10-02,TMAX,235
CHM00056080,2013-03-16,TMAX,107
CHM00052889,2008-09-01,TMIN,137
CHM00052889,2006-10-02,TMIN,63
CHM00056046,2012-06-13,TMIN,48
CHM00056080,2011-02-26,TMIN,-36
CHM00056080,2011-02-26,TMAX,82
CHM00056080,2015-04-09,TMIN,-23
CHM00056046,2012-06-13,TMAX,125
CHM00052983,2014-11-14,TMIN,-45
CHM00052983,2013-10-10,TMIN,57
CHM00052983,2008-04-02,TMAX,121
CHM00056046,2009-08-23,TMIN,81
CHM00052983,2012-09-02,TMAX,194
CHM00056046,2014-11-20,TMAX,31
CHM00056080,2012-06-16,TMAX,190
CHM00056080,2012-06-16,TMIN,26
CHM00056080,2006-12-08,TMAX,-36
CHM00056080,2008-03-20,TMAX,78
CHM00056080,2008-03-20,TMIN,-25
CHM00052983,2010-07-16,TMAX,234
CHM00056080,2006-12-08,TMIN,-105
CHM00056080,2015-05-01,TMAX,148
CHM00056080,2013-01-09,TMAX,-5
CHM00056046,2005-01-21,TMIN,-166
CHM00056046,2014-08-03,TMAX,199
CHM00056080,2006-10-29,TMIN,4
CHM00056080,2013-01-09,TMIN,-200
CHM00056080,2006-10-29,TMAX,96
CHM00056046,2014-08-03,TMIN,87
CHM00056046,2005-01-21,TMAX,-87
CHM00056046,2009-08-23,TMAX,159
CHM00056080,2005-09-23,TMAX,198
CHM00056080,2010-06-07,TMAX,115
CHM00056080,2005-02-28,TMAX,39
CHM00056046,2008-08-20,TMAX,163
CHM00056046,2008-08-20,TMIN,85
CHM00056080,2007-11-27,TMIN,-159
CHM00052889,2007-05-21,TMAX,268
CHM00056046,2012-06-07,TMAX,146
CHM00052983,2005-10-25,TMIN,1
CHM00052983,2005-10-25,TMAX,120
CHM00052983,2015-08-24,TMIN,64
CHM00056080,2006-08-16,TMIN,73
CHM00052983,2012-05-18,TMAX,242
CHM00056046,2005-08-24,TMIN,4
CHM00056080,2012-04-24,TMIN,3
CHM00056080,2009-04-07,TMIN,-66
CHM00056080,2009-04-07,TMAX,181
CHM00056080,2006-08-16,TMAX,257
CHM00056080,2008-02-07,TMAX,7
CHM00056046,2005-08-24,TMAX,166
CHM00056046,2005-11-18,TMAX,-51
CHM00056046,2015-04-22,TMIN,-52
CHM00056046,2012-08-30,TMIN,74
CHM00056046,2005-11-18,TMIN,-111
CHM00056080,2010-05-07,TMIN,41
CHM00056080,2010-05-07,TMAX,131
CHM00056080,2014-02-20,TMIN,-156
CHM00056080,2014-02-20,TMAX,67
CHM00052983,2012-08-28,TMIN,82
CHM00052983,2012-08-21,TMAX,240
CHM00052983,2012-08-28,TMAX,268
CHM00052983,2012-08-21,TMIN,106
CHM00056046,2012-06-07,TMIN,8
CHM00052983,2010-02-10,TMAX,-56
CHM00052889,2007-11-25,TMAX,64
CHM00056080,2014-04-25,TMAX,107
CHM00056080,2014-04-25,TMIN,-40
CHM00056046,2005-10-29,TMIN,-132
CHM00056046,2005-10-29,TMAX,7
CHM00052889,2007-05-21,TMIN,173
CHM00052889,2007-11-25,TMIN,8
CHM00056046,2012-08-30,TMAX,150
CHM00056080,2009-04-03,TMIN,-21
CHM00056080,2009-04-03,TMAX,84
CHM00056046,2007-05-28,TMIN,9
CHM00056046,2006-08-16,TMIN,31
CHM00056046,2006-08-16,TMAX,198
CHM00056080,2012-04-24,TMAX,116
CHM00056046,2012-01-17,TMAX,0
CHM00056080,2011-05-02,TMIN,-21
CHM00052889,2008-03-16,TMIN,39
CHM00052889,2006-11-28,TMIN,-93
CHM00056046,2015-12-17,TMAX,-58
CHM00056046,2015-04-12,TMAX,53
CHM00052889,2006-11-28,TMAX,2
CHM00056046,2015-12-17,TMIN,-236
CHM00056046,2012-01-17,TMIN,-171
CHM00056046,2015-04-12,TMIN,-115
CHM00056080,2011-09-04,TMIN,100
CHM00056080,2006-11-12,TMIN,-75
CHM00056080,2006-11-12,TMAX,138
CHM00052983,2005-12-07,TMAX,37
CHM00056046,2009-03-08,TMAX,22
CHM00052889,2007-06-02,TMAX,331
CHM00052983,2015-08-23,TMIN,71
CHM00056046,2013-01-08,TMAX,-103
CHM00056080,2008-02-07,TMIN,-197
CHM00056046,2015-04-22,TMAX,73
CHM00056046,2007-05-28,TMAX,169
CHM00056080,2005-12-06,TMIN,-131
CHM00056046,2009-03-08,TMIN,-63
CHM00056046,2015-08-09,TMIN,5
CHM00056080,2005-12-06,TMAX,39
CHM00052889,2007-07-10,TMAX,325
CHM00056046,2009-12-08,TMAX,-3
CHM00056080,2008-10-04,TMAX,142
CHM00056046,2006-08-30,TMIN,65
CHM00056046,2006-08-30,TMAX,196
CHM00052889,2008-02-03,TMIN,-157
CHM00052889,2007-07-10,TMIN,193
CHM00056080,2008-10-04,TMIN,16
CHM00052889,2007-06-02,TMIN,146
CHM00052889,2008-03-16,TMAX,224
CHM00056080,2013-05-30,TMIN,29
CHM00052889,2008-02-03,TMAX,-21
CHM00052983,2005-12-07,TMIN,-118
CHM00052889,2006-07-28,TMAX,312
CHM00056080,2005-09-08,TMAX,200
CHM00052889,2008-10-02,TMIN,125
CHM00056080,2013-06-13,TMIN,30
CHM00056080,2010-07-27,TMAX,286
CHM00052983,2005-12-01,TMIN,-98
CHM00052983,2010-10-18,TMIN,39
CHM00052983,2006-01-04,TMAX,-90
CHM00052983,2005-12-01,TMAX,4
CHM00056046,2015-12-14,TMIN,-142
CHM00052983,2010-10-18,TMAX,170
CHM00056080,2011-06-27,TMAX,235
CHM00056080,2011-06-27,TMIN,26
CHM00052983,2009-03-31,TMAX,123
CHM00056080,2011-12-23,TMIN,-129
CHM00056080,2011-12-23,TMAX,-11
CHM00052889,2008-10-02,TMAX,257
CHM00052983,2007-12-22,TMAX,58
CHM00056080,2014-08-07,TMAX,202
CHM00056080,2015-03-07,TMIN,-79
CHM00052889,2007-11-19,TMAX,101
CHM00056080,2015-03-07,TMAX,91
CHM00056080,2012-09-04,TMAX,218
CHM00056080,2005-10-22,TMAX,73
CHM00056080,2005-10-22,TMIN,-33
CHM00052983,2011-03-04,TMIN,-33
CHM00056046,2009-03-10,TMAX,81
CHM00052983,2013-08-08,TMIN,98
CHM00052889,2005-12-13,TMAX,-31
CHM00052983,2010-02-21,TMAX,120
CHM00056046,2014-01-19,TMAX,-82
CHM00056046,2009-03-10,TMIN,-67
CHM00056046,2006-11-03,TMIN,-133
CHM00052983,2010-02-21,TMIN,-70
CHM00052983,2006-08-06,TMIN,131
CHM00052983,2009-07-09,TMIN,110
CHM00056080,2005-10-29,TMAX,100
CHM00052983,2009-07-09,TMAX,286
CHM00052983,2006-08-06,TMAX,309
CHM00056080,2012-09-04,TMIN,47
CHM00056080,2010-07-27,TMIN,129
CHM00052889,2007-11-19,TMIN,-20
CHM00056046,2012-08-23,TMIN,44
CHM00052889,2006-07-31,TMAX,307
CHM00056080,2005-09-08,TMIN,7
CHM00056080,2013-02-20,TMIN,-157
CHM00056080,2011-04-05,TMAX,94
CHM00056080,2011-04-05,TMIN,5
CHM00052889,2006-07-28,TMIN,135
CHM00056046,2012-04-15,TMIN,-34
CHM00056080,2013-02-20,TMAX,63
CHM00056046,2012-04-15,TMAX,74
CHM00056080,2007-07-29,TMAX,199
CHM00052983,2006-01-03,TMAX,-47
CHM00056080,2006-08-30,TMIN,114
CHM00056046,2009-12-08,TMIN,-181
CHM00052889,2005-11-14,TMAX,71
CHM00052889,2005-11-14,TMIN,-51
CHM00056080,2006-08-30,TMAX,228
CHM00056080,2012-05-18,TMAX,171
CHM00056080,2007-07-29,TMIN,63
CHM00056080,2008-11-03,TMAX,109
CHM00056080,2010-07-12,TMIN,79
CHM00056080,2010-07-12,TMAX,144
CHM00056080,2008-11-03,TMIN,-60
CHM00056046,2009-01-12,TMIN,-233
CHM00052983,2007-12-22,TMIN,-95
CHM00052983,2007-05-11,TMAX,144
CHM00052889,2006-07-31,TMIN,161
CHM00056046,2009-01-12,TMAX,-34
CHM00056046,2014-05-13,TMAX,138
CHM00056046,2014-05-13,TMIN,11
CHM00056080,2005-11-18,TMIN,-116
CHM00052983,2006-11-24,TMAX,23
CHM00056080,2005-11-18,TMAX,-31
CHM00056046,2012-08-23,TMAX,140
CHM00056080,2007-11-27,TMAX,34
CHM00056046,2009-08-04,TMIN,42
CHM00056080,2005-02-14,TMIN,-56
CHM00056046,2009-08-04,TMAX,143
CHM00052983,2011-12-25,TMIN,-141
CHM00052983,2011-12-25,TMAX,0
CHM00056080,2005-02-14,TMAX,63
CHM00056080,2012-05-18,TMIN,7
CHM00056080,2005-10-29,TMIN,-82
CHM00052983,2013-04-11,TMIN,-30
CHM00056080,2009-07-19,TMIN,108
CHM00056080,2005-02-01,TMAX,32
CHM00056046,2006-11-12,TMIN,-113
CHM00056046,2006-12-01,TMAX,11
CHM00056046,2006-12-01,TMIN,-238
CHM00056080,2009-07-06,TMIN,108
CHM00056046,2006-09-17,TMIN,45
CHM00056046,2006-11-12,TMAX,63
CHM00052983,2013-04-11,TMAX,165
CHM00056080,2012-06-06,TMIN,54
CHM00056080,2008-06-05,TMIN,43
CHM00056080,2011-11-27,TMIN,-75
CHM00056080,2012-06-06,TMAX,172
CHM00056080,2008-06-05,TMAX,211
CHM00052889,2005-02-15,TMAX,25
CHM00052889,2005-02-15,TMIN,-94
CHM00056046,2009-07-12,TMAX,168
CHM00056080,2005-09-12,TMIN,61
CHM00056080,2014-11-17,TMAX,61
CHM00056080,2011-11-27,TMAX,114
CHM00052983,2012-05-12,TMIN,31
CHM00056080,2005-02-01,TMIN,-97
CHM00056080,2008-11-17,TMAX,41
CHM00052889,2005-08-21,TMAX,268
CHM00056080,2014-04-27,TMIN,-12
CHM00056080,2014-09-22,TMAX,72
CHM00052983,2011-11-28,TMIN,-21
CHM00052983,2011-11-28,TMAX,69
CHM00056080,2008-11-17,TMIN,-52
CHM00056046,2014-12-25,TMAX,-29
CHM00056046,2014-12-25,TMIN,-208
CHM00056046,2006-09-17,TMAX,125
CHM00052983,2011-08-15,TMAX,228
CHM00052983,2011-07-03,TMAX,220
CHM00052889,2005-11-04,TMAX,164
CHM00052889,2005-11-04,TMIN,-29
CHM00056046,2013-01-07,TMIN,-166
CHM00056046,2013-01-07,TMAX,-50
CHM00056080,2010-11-22,TMAX,84
CHM00056080,2010-11-22,TMIN,-132
CHM00052983,2011-08-20,TMAX,185
CHM00052983,2006-09-03,TMAX,219
CHM00052889,2005-03-07,TMAX,145
CHM00056080,2012-05-03,TMIN,34
CHM00056046,2011-12-07,TMAX,29
CHM00056080,2012-05-03,TMAX,144
CHM00056046,2011-12-09,TMAX,12
CHM00052889,2005-12-03,TMAX,-27
CHM00052983,2011-03-28,TMIN,-73
CHM00056046,2011-12-09,TMIN,-136
CHM00056046,2005-02-14,TMIN,-159
CHM00056046,2006-07-31,TMAX,187
CHM00056046,2006-07-31,TMIN,33
CHM00052889,2005-09-16,TMAX,245
CHM00056046,2005-02-14,TMAX,-2
CHM00056046,2014-09-16,TMAX,107
CHM00056046,2008-01-26,TMIN,-250
CHM00052983,2005-08-13,TMIN,119
CHM00056080,2011-03-21,TMAX,-52
CHM00052983,2005-08-31,TMIN,153
CHM00056080,2012-01-07,TMAX,-20
CHM00052889,2005-02-19,TMAX,-7
CHM00056080,2012-01-07,TMIN,-145
CHM00052983,2013-12-23,TMAX,-15
CHM00056046,2009-07-12,TMIN,71
CHM00056046,2015-04-07,TMIN,-76
CHM00056080,2005-09-12,TMAX,139
CHM00056046,2008-08-19,TMIN,49
CHM00052983,2012-05-12,TMAX,176
CHM00056080,2009-07-06,TMAX,212
CHM00056046,2008-08-19,TMAX,207
CHM00056046,2013-08-27,TMIN,44
CHM00056080,2013-05-04,TMIN,33
CHM00056046,2014-04-15,TMAX,107
CHM00056046,2012-06-10,TMIN,28
CHM00056046,2009-04-07,TMIN,-78
CHM00056046,2012-06-10,TMAX,116
CHM00052889,2005-03-07,TMIN,-94
CHM00056046,2009-04-07,TMAX,123
CHM00056046,2015-03-29,TMIN,-109
CHM00052889,2005-02-19,TMIN,-150
CHM00052983,2013-12-23,TMIN,-134
CHM00056046,2011-12-07,TMIN,-67
CHM00056080,2009-07-19,TMAX,194
CHM00056080,2015-12-09,TMAX,76
CHM00056080,2013-12-24,TMAX,1
CHM00056046,2011-08-12,TMIN,35
CHM00052983,2013-01-10,TMIN,-165
CHM00056046,2015-12-24,TMAX,-69
CHM00056080,2006-01-01,TMAX,58
CHM00056046,2015-12-24,TMIN,-166
CHM00056080,2006-01-01,TMIN,-138
CHM00056080,2006-11-14,TMIN,-44
CHM00056080,2006-11-14,TMAX,56
CHM00056046,2011-03-02,TMAX,66
CHM00052983,2006-10-30,TMIN,11
CHM00056080,2014-10-03,TMIN,30
CHM00056080,2012-06-10,TMIN,65
CHM00056080,2012-06-10,TMAX,165
CHM00052983,2006-11-07,TMIN,-31
CHM00052983,2006-10-30,TMAX,113
CHM00052983,2006-11-07,TMAX,149
CHM00056080,2014-10-03,TMAX,181
CHM00056046,2011-08-12,TMAX,221
CHM00056046,2011-03-02,TMIN,-153
CHM00056046,2010-06-11,TMIN,41
CHM00056046,2011-08-24,TMIN,16
CHM00056080,2009-03-22,TMIN,-40
CHM00056080,2009-03-22,TMAX,77
CHM00056046,2015-08-23,TMIN,-4
CHM00052983,2006-12-07,TMAX,-14
CHM00056046,2010-06-11,TMAX,117
CHM00056080,2015-12-14,TMAX,-42
CHM00056046,2013-11-05,TMIN,-128
CHM00056046,2013-11-05,TMAX,4
CHM00056080,2011-09-04,TMAX,172
CHM00056046,2011-08-24,TMAX,127
CHM00052983,2006-11-04,TMAX,145
CHM00056046,2005-09-08,TMIN,-42
CHM00056046,2014-04-15,TMIN,-54
CHM00052983,2006-11-04,TMIN,-9
CHM00056046,2014-05-01,TMAX,76
CHM00056046,2008-07-02,TMAX,133
CHM00056046,2008-07-02,TMIN,77
CHM00056046,2005-09-08,TMAX,144
CHM00056080,2011-05-02,TMAX,140
CHM00056046,2008-08-22,TMIN,23
CHM00052983,2007-05-15,TMAX,223
CHM00056046,2012-09-08,TMAX,185
CHM00056046,2007-11-07,TMAX,38
CHM00056046,2012-09-08,TMIN,-10
CHM00052983,2011-09-18,TMAX,81
CHM00052889,2007-07-25,TMIN,167
CHM00052983,2005-12-24,TMAX,16
CHM00052889,2007-07-25,TMAX,311
CHM00056046,2015-03-14,TMIN,-78
CHM00052983,2011-12-24,TMIN,-153
CHM00052983,2011-12-24,TMAX,-14
CHM00052983,2009-04-17,TMIN,86
CHM00056046,2008-09-04,TMAX,124
CHM00052889,2005-08-21,TMIN,119
CHM00052983,2009-04-17,TMAX,246
CHM00052983,2005-08-25,TMAX,251
CHM00056080,2012-08-30,TMAX,222
CHM00056046,2008-09-04,TMIN,-34
CHM00056080,2013-07-05,TMIN,76
CHM00052983,2011-09-18,TMIN,40
CHM00056080,2013-12-24,TMIN,-140
CHM00056080,2014-04-27,TMAX,116
CHM00056080,2010-02-01,TMAX,56
CHM00056046,2008-08-22,TMAX,186
CHM00056046,2012-09-05,TMAX,180
CHM00056046,2008-07-12,TMAX,131
CHM00056046,2012-09-05,TMIN,-33
CHM00056046,2008-07-12,TMIN,40
CHM00056080,2010-02-01,TMIN,-149
CHM00052983,2013-01-10,TMAX,10
CHM00056080,2012-08-30,TMIN,56
CHM00056080,2013-02-24,TMIN,-80
CHM00056080,2013-02-24,TMAX,152
CHM00052983,2005-12-16,TMIN,-149
CHM00056046,2007-11-07,TMIN,-143
CHM00056080,2011-01-02,TMAX,8
CHM00056080,2011-01-02,TMIN,-140
CHM00052889,2008-03-17,TMIN,48
CHM00052983,2005-12-16,TMAX,-22
CHM00052889,2008-03-17,TMAX,240
CHM00052983,2015-07-30,TMIN,129
CHM00056046,2006-11-03,TMAX,79
CHM00052983,2011-03-04,TMAX,17
CHM00052983,2006-09-22,TMIN,101
CHM00056080,2008-01-25,TMIN,-169
CHM00056080,2005-08-25,TMIN,89
CHM00052983,2008-03-14,TMIN,-7
CHM00052983,2008-03-14,TMAX,149
CHM00056080,2011-06-02,TMAX,192
CHM00056080,2012-09-07,TMIN,86
CHM00052983,2013-04-25,TMAX,226
CHM00052983,2012-08-25,TMAX,254
CHM00056080,2011-06-02,TMIN,11
CHM00056080,2013-08-26,TMIN,109
CHM00056080,2013-04-06,TMAX,104
CHM00056080,2007-12-08,TMIN,-121
CHM00056080,2007-12-08,TMAX,57
CHM00052889,2005-09-23,TMAX,243
CHM00052889,2005-09-23,TMIN,72
CHM00052889,2006-08-10,TMIN,187
CHM00052889,2008-09-04,TMIN,114
CHM00056080,2005-08-25,TMAX,145
CHM00052889,2008-09-04,TMAX,270
CHM00056080,2008-01-25,TMAX,-52
CHM00056080,2013-03-22,TMAX,100
CHM00052983,2011-09-19,TMAX,84
CHM00052983,2008-08-31,TMAX,252
CHM00056080,2006-09-20,TMAX,206
CHM00052983,2008-08-31,TMIN,54
CHM00056080,2006-09-20,TMIN,5
CHM00056046,2010-07-11,TMIN,64
CHM00052983,2007-11-28,TMAX,45
CHM00052983,2007-11-28,TMIN,-69
CHM00056046,2006-11-28,TMIN,-133
CHM00052983,2009-09-03,TMIN,139
CHM00056046,2006-11-28,TMAX,-54
CHM00052983,2009-09-03,TMAX,228
CHM00052983,2014-02-19,TMAX,35
CHM00052983,2010-11-23,TMAX,79
CHM00052983,2014-02-19,TMIN,-146
CHM00056080,2012-09-07,TMAX,153
CHM00056046,2006-11-01,TMAX,69
CHM00056046,2006-11-01,TMIN,-131
CHM00052983,2008-01-21,TMAX,-85
CHM00056046,2008-02-07,TMAX,-13
CHM00056080,2013-04-06,TMIN,-81
CHM00056080,2009-08-04,TMAX,197
CHM00052983,2014-01-11,TMIN,-154
CHM00056080,2013-06-14,TMIN,71
CHM00056046,2013-04-06,TMIN,-126
CHM00052983,2012-05-17,TMIN,66
CHM00056080,2008-06-16,TMAX,167
CHM00056046,2014-11-15,TMAX,42
CHM00052889,2006-10-25,TMAX,190
CHM00052889,2006-10-25,TMIN,-3
CHM00056046,2013-04-06,TMAX,50
CHM00056046,2007-04-30,TMAX,122
CHM00052889,2008-12-12,TMAX,64
CHM00056046,2007-04-30,TMIN,-79
CHM00052889,2008-12-12,TMIN,-53
CHM00056046,2014-12-29,TMIN,-308
CHM00056046,2013-05-27,TMIN,13
CHM00056046,2014-12-29,TMAX,-66
CHM00052889,2007-11-28,TMIN,-38
CHM00056080,2008-06-16,TMIN,12
CHM00052983,2005-11-22,TMAX,-23
CHM00056080,2005-12-07,TMIN,-135
CHM00052983,2013-04-25,TMIN,40
CHM00052983,2005-02-27,TMIN,-109
CHM00056080,2015-08-23,TMIN,20
CHM00056046,2008-02-07,TMIN,-269
CHM00052983,2010-12-30,TMIN,-178
CHM00052983,2005-02-27,TMAX,32
CHM00052983,2010-12-30,TMAX,-23
CHM00056080,2006-12-10,TMAX,-11
CHM00052983,2008-01-30,TMAX,-89
CHM00056080,2006-12-10,TMIN,-158
CHM00056046,2009-07-18,TMAX,207
CHM00052983,2007-07-05,TMAX,234
CHM00056046,2015-03-07,TMAX,37
CHM00056046,2015-03-07,TMIN,-146
CHM00052889,2006-08-10,TMAX,366
CHM00052983,2009-01-05,TMAX,-19
CHM00056080,2009-08-04,TMIN,68
CHM00056080,2005-12-07,TMAX,54
CHM00056046,2009-07-18,TMIN,95
CHM00052983,2014-01-11,TMAX,-27
CHM00052983,2011-09-19,TMIN,63
CHM00056046,2006-12-12,TMAX,-72
CHM00056080,2014-09-20,TMIN,39
CHM00056046,2005-08-25,TMAX,125
CHM00056046,2012-06-15,TMAX,116
CHM00056080,2013-02-22,TMAX,96
CHM00056046,2012-06-15,TMIN,40
CHM00056046,2005-08-25,TMIN,47
CHM00052889,2006-09-15,TMAX,257
CHM00056046,2005-12-07,TMAX,-10
CHM00056080,2013-02-22,TMIN,-145
CHM00056046,2012-05-31,TMIN,48
CHM00052983,2010-07-31,TMAX,327
CHM00056046,2005-12-07,TMIN,-183
CHM00056080,2014-09-20,TMAX,208
CHM00056080,2007-04-28,TMIN,-17
CHM00056080,2007-04-28,TMAX,43
CHM00052983,2012-01-12,TMIN,-144
CHM00056080,2012-05-08,TMAX,163
CHM00056080,2014-04-26,TMAX,109
CHM00056080,2012-05-08,TMIN,61
CHM00056046,2010-05-14,TMAX,122
CHM00052983,2012-01-12,TMAX,-8
CHM00052983,2014-05-30,TMAX,257
CHM00052983,2014-04-01,TMIN,-1
CHM00052983,2006-08-16,TMIN,161
CHM00052983,2006-08-16,TMAX,305
CHM00056080,2012-05-30,TMAX,212
CHM00056080,2008-06-13,TMAX,187
CHM00056080,2012-12-21,TMIN,-125
CHM00056080,2008-06-13,TMIN,60
CHM00052983,2011-12-02,TMAX,57
CHM00052983,2011-12-02,TMIN,-68
CHM00052983,2007-06-09,TMAX,242
CHM00052983,2013-06-07,TMIN,131
CHM00052983,2015-12-10,TMIN,-75
CHM00052983,2014-05-13,TMAX,192
CHM00052983,2013-01-07,TMAX,-3
CHM00052983,2013-01-07,TMIN,-164
CHM00056046,2010-05-14,TMIN,7
CHM00052889,2006-09-15,TMIN,51
CHM00056046,2012-05-31,TMAX,88
CHM00052983,2011-09-09,TMIN,79
CHM00056080,2012-06-07,TMIN,57
CHM00052983,2014-06-04,TMIN,90
CHM00052889,2007-08-01,TMAX,312
CHM00056046,2015-12-07,TMIN,-195
CHM00052983,2014-12-14,TMIN,-110
CHM00052983,2014-12-14,TMAX,-1
CHM00052983,2007-12-08,TMIN,-68
CHM00056046,2015-07-26,TMIN,-5
CHM00052983,2007-12-08,TMAX,39
CHM00056080,2005-01-15,TMIN,-204
CHM00056080,2005-01-15,TMAX,44
CHM00052983,2010-11-26,TMAX,90
CHM00052983,2006-10-23,TMAX,147
CHM00052983,2008-01-30,TMIN,-247
CHM00056046,2007-05-07,TMAX,121
CHM00056046,2010-07-11,TMAX,177
CHM00056046,2011-09-15,TMIN,-5
CHM00056046,2011-09-15,TMAX,150
CHM00056080,2012-06-04,TMIN,50
CHM00056080,2012-01-21,TMIN,-159
CHM00056080,2012-01-21,TMAX,-85
CHM00052889,2007-08-01,TMIN,151
CHM00056080,2012-06-07,TMAX,197
CHM00052983,2014-06-04,TMAX,260
CHM00056080,2011-08-16,TMIN,115
CHM00052983,2008-06-15,TMAX,214
CHM00052983,2011-09-09,TMAX,147
CHM00056046,2012-09-20,TMIN,62
CHM00056046,2012-09-20,TMAX,145
CHM00056046,2005-12-13,TMIN,-226
CHM00056046,2006-12-12,TMIN,-142
CHM00052983,2008-06-19,TMAX,265
CHM00056046,2005-12-13,TMAX,-16
CHM00052983,2008-06-09,TMAX,259
CHM00052983,2010-02-15,TMAX,-11
CHM00052983,2010-02-15,TMIN,-111
CHM00056080,2011-08-16,TMAX,186
CHM00056080,2012-06-04,TMAX,152
CHM00052983,2008-06-19,TMIN,101
CHM00056046,2007-05-07,TMIN,13
CHM00052983,2010-11-26,TMIN,-73
CHM00052983,2005-11-21,TMAX,5
CHM00056080,2015-04-22,TMIN,-7
CHM00052983,2010-12-31,TMIN,-174
CHM00056080,2011-12-21,TMAX,-10
CHM00052983,2011-05-25,TMAX,202
CHM00052983,2008-08-27,TMAX,239
CHM00052983,2013-03-16,TMAX,128
CHM00052983,2008-08-27,TMIN,86
CHM00056046,2011-12-20,TMAX,26
CHM00056080,2007-11-07,TMAX,107
CHM00052983,2006-12-05,TMIN,-72
CHM00052983,2011-05-25,TMIN,63
CHM00056046,2010-11-22,TMAX,24
CHM00056046,2011-12-20,TMIN,-187
CHM00052983,2005-08-14,TMAX,276
CHM00056046,2010-11-22,TMIN,-152
CHM00056046,2005-02-19,TMIN,-91
CHM00056046,2005-02-19,TMAX,-35
CHM00052983,2005-08-14,TMIN,137
CHM00052983,2006-12-05,TMAX,67
CHM00056080,2011-06-25,TMIN,62
CHM00052983,2008-08-23,TMIN,91
CHM00056080,2011-06-25,TMAX,206
CHM00056080,2009-12-08,TMIN,-133
CHM00052983,2012-10-27,TMIN,-14
CHM00056046,2014-11-28,TMAX,46
CHM00052983,2012-10-27,TMAX,141
CHM00056080,2006-11-09,TMIN,-57
CHM00052889,2006-09-29,TMIN,94
CHM00056080,2015-12-07,TMIN,-145
CHM00052889,2006-09-29,TMAX,146
CHM00056080,2006-11-09,TMAX,124
CHM00056080,2007-04-30,TMIN,-38
CHM00056080,2007-11-07,TMIN,-81
CHM00052983,2009-12-13,TMAX,28
CHM00056080,2005-08-21,TMIN,79
CHM00052983,2009-12-13,TMIN,-95
CHM00052983,2012-08-23,TMAX,253
CHM00052983,2012-08-23,TMIN,82
CHM00056080,2005-08-21,TMAX,127
CHM00056080,2011-12-21,TMIN,-125
CHM00056080,2009-12-08,TMAX,49
CHM00056046,2011-05-23,TMIN,7
CHM00056080,2011-07-03,TMIN,121
CHM00056046,2011-05-23,TMAX,88
CHM00052889,2005-01-23,TMAX,11
CHM00056046,2005-08-21,TMIN,43
CHM00056046,2005-08-21,TMAX,103
CHM00056046,2011-01-29,TMAX,-10
CHM00056046,2007-04-23,TMIN,-32
CHM00056046,2007-04-23,TMAX,96
CHM00056046,2012-01-02,TMAX,26
CHM00056046,2012-01-02,TMIN,-163
CHM00056080,2014-09-14,TMIN,22
CHM00052889,2005-12-13,TMIN,-124
CHM00056080,2006-11-01,TMAX,112
CHM00056080,2006-11-01,TMIN,-69
CHM00052983,2006-09-22,TMAX,177
CHM00052889,2007-11-23,TMIN,-26
CHM00052889,2007-11-23,TMAX,103
CHM00056046,2013-05-06,TMIN,-15
CHM00056046,2011-01-29,TMIN,-247
CHM00056080,2008-08-19,TMAX,248
CHM00056080,2005-08-24,TMAX,208
CHM00056080,2005-08-24,TMIN,35
CHM00052889,2005-01-23,TMIN,-112
CHM00052889,2007-07-18,TMIN,171
CHM00052889,2007-07-18,TMAX,264
CHM00056046,2010-07-13,TMIN,61
CHM00052889,2006-12-01,TMAX,31
CHM00056046,2010-02-01,TMAX,-33
CHM00052983,2011-09-07,TMAX,199
CHM00052983,2005-09-21,TMIN,63
CHM00052983,2005-09-21,TMAX,160
CHM00056046,2014-07-03,TMAX,146
CHM00056080,2011-07-03,TMAX,151
CHM00056080,2008-08-19,TMIN,92
CHM00056046,2005-09-17,TMAX,120
CHM00052983,2008-08-23,TMAX,242
CHM00052889,2006-12-01,TMIN,-116
CHM00056080,2014-09-14,TMAX,94
CHM00056046,2010-02-01,TMIN,-194
CHM00056046,2010-07-13,TMAX,188
CHM00052983,2007-11-13,TMAX,143
CHM00056046,2005-09-17,TMIN,14
CHM00056080,2015-12-07,TMAX,110
CHM00056046,2006-01-01,TMIN,-187
CHM00056080,2007-05-28,TMAX,224
CHM00056080,2006-12-12,TMAX,-45
CHM00056080,2009-01-12,TMIN,-223
CHM00052983,2010-05-09,TMAX,175
CHM00056046,2013-03-27,TMIN,-87
CHM00056080,2009-01-12,TMAX,8
CHM00052983,2011-05-24,TMAX,201
CHM00056080,2007-11-12,TMAX,98
CHM00056080,2007-11-12,TMIN,-24
CHM00052983,2015-03-18,TMIN,-18
CHM00056080,2006-12-12,TMIN,-138
CHM00052983,2009-08-13,TMAX,290
CHM00056080,2015-03-14,TMIN,-78
CHM00056080,2011-06-13,TMAX,181
CHM00056080,2015-03-14,TMAX,109
CHM00052983,2011-05-05,TMIN,82
CHM00056080,2005-02-19,TMIN,-178
CHM00052983,2010-01-26,TMAX,13
CHM00056046,2013-03-27,TMAX,73
CHM00056046,2006-10-24,TMIN,-38
CHM00056046,2006-10-24,TMAX,33
CHM00052983,2007-05-05,TMAX,259
CHM00052983,2010-12-31,TMAX,-35
CHM00056080,2015-04-22,TMAX,131
CHM00052983,2013-05-09,TMIN,34
CHM00056046,2011-06-15,TMAX,195
CHM00052889,2007-11-28,TMAX,75
CHM00056080,2012-06-15,TMAX,153
CHM00052983,2009-08-19,TMIN,91
CHM00052983,2009-08-19,TMAX,157
CHM00056080,2005-02-19,TMAX,-41
CHM00056080,2012-06-15,TMIN,71
CHM00052983,2008-08-16,TMAX,259
CHM00056080,2011-06-13,TMIN,98
CHM00052983,2006-09-10,TMAX,192
CHM00052983,2008-08-16,TMIN,93
CHM00052983,2006-09-10,TMIN,19
CHM00056046,2007-04-28,TMIN,-81
CHM00056046,2007-04-28,TMAX,19
CHM00052983,2009-08-13,TMIN,125
CHM00052983,2012-05-17,TMAX,233
CHM00056080,2014-08-24,TMIN,2
CHM00052983,2011-05-05,TMAX,254
CHM00056046,2014-11-17,TMAX,48
CHM00056080,2012-04-15,TMAX,72
CHM00056080,2011-06-01,TMAX,144
CHM00052983,2012-04-18,TMIN,19
CHM00052983,2012-04-18,TMAX,173
CHM00056046,2005-10-20,TMIN,-9
CHM00052983,2010-02-05,TMIN,-107
CHM00052983,2012-06-19,TMAX,287
CHM00056080,2007-05-28,TMIN,26
CHM00052983,2013-12-29,TMAX,-19
CHM00052983,2009-01-19,TMIN,-86
CHM00052983,2009-01-19,TMAX,57
CHM00052983,2006-08-20,TMAX,178
CHM00056046,2005-10-20,TMAX,72
CHM00056046,2014-11-28,TMIN,-173
CHM00052983,2013-11-02,TMAX,90
CHM00052983,2013-11-02,TMIN,-25
CHM00056080,2007-04-30,TMAX,161
CHM00056080,2012-04-15,TMIN,7
CHM00056046,2012-01-03,TMAX,-45
CHM00056046,2012-01-03,TMIN,-137
CHM00056080,2011-06-01,TMIN,49
CHM00056046,2014-11-17,TMIN,-125
CHM00056046,2009-08-02,TMIN,80
CHM00056080,2014-06-29,TMAX,189
CHM00052983,2011-12-22,TMIN,-145
CHM00052983,2008-04-14,TMAX,142
CHM00052983,2008-04-14,TMIN,32
CHM00056046,2006-01-01,TMAX,67
CHM00052983,2011-12-22,TMAX,-30
CHM00056046,2009-08-02,TMAX,151
CHM00056080,2014-06-29,TMIN,42
CHM00052983,2005-10-24,TMAX,174
CHM00056080,2007-04-23,TMIN,15
CHM00056080,2009-08-11,TMIN,3
CHM00056046,2011-06-15,TMIN,27
CHM00056080,2007-04-23,TMAX,108
CHM00056080,2009-08-11,TMAX,222
CHM00052983,2007-11-16,TMIN,-25
CHM00052983,2007-11-16,TMAX,109
CHM00052983,2005-10-24,TMIN,-23
CHM00056080,2011-03-21,TMIN,-122
CHM00056046,2008-01-26,TMAX,-49
CHM00056080,2014-08-24,TMAX,202
CHM00056080,2014-04-02,TMAX,64
CHM00056080,2009-08-22,TMIN,96
CHM00052889,2005-08-17,TMIN,84
CHM00052983,2015-03-19,TMAX,96
CHM00052983,2013-06-29,TMIN,151
CHM00052983,2014-06-22,TMAX,252
CHM00052983,2014-06-22,TMIN,104
CHM00056080,2010-01-28,TMAX,65
CHM00052983,2007-07-23,TMAX,252
CHM00056046,2014-05-31,TMAX,159
CHM00052983,2007-12-04,TMAX,45
CHM00052983,2007-12-04,TMIN,-65
CHM00056046,2015-04-30,TMAX,82
CHM00056080,2013-01-15,TMIN,-152
CHM00052983,2013-03-27,TMIN,6
CHM00056046,2014-09-01,TMAX,103
CHM00056080,2013-01-15,TMAX,40
CHM00056080,2009-08-22,TMAX,176
CHM00052983,2008-09-03,TMAX,225
CHM00056080,2012-06-20,TMAX,204
CHM00056046,2014-03-08,TMIN,-192
CHM00052889,2005-11-19,TMAX,57
CHM00056080,2008-04-18,TMAX,196
CHM00056080,2010-01-28,TMIN,-139
CHM00056046,2015-12-27,TMAX,-35
CHM00056080,2008-06-18,TMIN,86
CHM00056046,2012-01-18,TMIN,-173
CHM00056080,2007-05-11,TMIN,-6
CHM00056080,2007-05-11,TMAX,114
CHM00052983,2013-03-27,TMAX,180
CHM00056080,2010-01-03,TMAX,80
CHM00056046,2007-06-08,TMIN,15
CHM00052889,2005-11-19,TMIN,-91
CHM00052983,2007-06-02,TMAX,282
CHM00052983,2008-07-04,TMAX,198
CHM00056080,2014-04-02,TMIN,-43
CHM00052889,2005-08-17,TMAX,247
CHM00056046,2014-03-08,TMAX,-21
CHM00056080,2012-06-20,TMIN,30
CHM00056080,2012-05-15,TMIN,-3
CHM00056046,2006-08-20,TMIN,67
CHM00052983,2008-09-03,TMIN,64
CHM00056080,2008-02-11,TMAX,-94
CHM00056046,2006-11-15,TMAX,26
CHM00056046,2006-11-15,TMIN,-116
CHM00052983,2008-08-19,TMIN,131
CHM00056080,2006-07-30,TMIN,103
CHM00052983,2007-04-30,TMAX,195
CHM00056046,2011-07-03,TMIN,96
CHM00056046,2014-12-22,TMIN,-180
CHM00056080,2006-07-30,TMAX,194
CHM00056080,2014-03-29,TMAX,111
CHM00056046,2009-01-17,TMIN,-111
CHM00056046,2009-01-17,TMAX,19
CHM00056080,2012-05-10,TMIN,39
CHM00052983,2013-04-24,TMAX,212
CHM00052983,2015-03-16,TMIN,1
CHM00056046,2011-07-03,TMAX,165
CHM00052983,2011-09-11,TMAX,219
CHM00056080,2014-03-29,TMIN,-42
CHM00056046,2007-06-08,TMAX,95
CHM00052983,2008-08-19,TMAX,291
CHM00056046,2014-12-22,TMAX,11
CHM00052983,2007-07-08,TMIN,119
CHM00056046,2006-08-20,TMAX,125
CHM00056080,2008-10-01,TMAX,171
CHM00052983,2007-06-02,TMIN,76
CHM00056080,2008-10-01,TMIN,49
CHM00056046,2008-06-16,TMIN,6
CHM00052983,2007-06-30,TMIN,141
CHM00052983,2012-04-22,TMIN,35
CHM00056046,2015-12-27,TMIN,-175
CHM00052983,2012-04-22,TMAX,249
CHM00056046,2014-01-10,TMAX,-7
CHM00052983,2007-06-30,TMAX,258
CHM00056080,2012-05-15,TMAX,154
CHM00052983,2007-07-08,TMAX,289
CHM00056080,2012-01-17,TMAX,-48
CHM00056080,2012-01-17,TMIN,-115
CHM00056080,2005-02-15,TMAX,-26
CHM00056080,2005-02-15,TMIN,-103
CHM00056046,2008-06-16,TMAX,122
CHM00056046,2009-03-12,TMIN,-102
CHM00056046,2012-01-18,TMAX,-47
CHM00056046,2005-12-03,TMIN,-160
CHM00056046,2008-06-07,TMIN,15
CHM00056046,2013-07-01,TMIN,89
CHM00052889,2007-05-07,TMIN,154
CHM00056080,2008-01-21,TMIN,-154
CHM00056080,2008-01-21,TMAX,-109
CHM00052889,2008-02-08,TMIN,-152
CHM00052889,2008-02-08,TMAX,-58
CHM00052889,2006-08-06,TMIN,153
CHM00056046,2014-04-05,TMAX,34
CHM00052889,2005-08-24,TMIN,109
CHM00052983,2014-06-25,TMAX,236
CHM00056046,2005-02-15,TMAX,-49
CHM00056046,2005-02-27,TMIN,-112
CHM00056046,2008-02-06,TMIN,-266
CHM00056046,2008-02-06,TMAX,-41
CHM00056046,2005-02-15,TMIN,-158
CHM00052889,2005-08-24,TMAX,307
CHM00056080,2010-09-21,TMAX,155
CHM00056046,2014-09-22,TMAX,87
CHM00056080,2009-03-13,TMAX,56
CHM00056046,2008-06-07,TMAX,104
CHM00056080,2006-11-30,TMIN,-101
CHM00056080,2012-06-17,TMAX,194
CHM00056046,2012-06-06,TMIN,48
CHM00052889,2005-12-18,TMAX,4
CHM00052889,2005-12-18,TMIN,-170
CHM00056080,2010-12-03,TMAX,87
CHM00052983,2006-12-12,TMAX,-42
CHM00056080,2006-11-30,TMAX,28
CHM00056046,2012-06-06,TMAX,123
CHM00056046,2010-04-30,TMIN,-82
CHM00052983,2013-01-12,TMIN,-166
CHM00056046,2010-04-30,TMAX,131
CHM00052983,2013-01-12,TMAX,33
CHM00052983,2010-05-06,TMAX,207
CHM00056046,2013-06-14,TMIN,58
CHM00056046,2013-06-14,TMAX,183
CHM00056080,2010-09-21,TMIN,50
CHM00056080,2009-03-13,TMIN,-136
CHM00056080,2008-12-11,TMIN,-145
CHM00052983,2009-01-08,TMAX,-5
CHM00056046,2005-02-27,TMAX,-27
CHM00052983,2010-07-20,TMIN,114
CHM00056080,2008-12-11,TMAX,95
CHM00056080,2015-12-17,TMIN,-188
CHM00056080,2014-01-18,TMIN,-171
CHM00056080,2014-01-18,TMAX,109
CHM00056046,2014-10-01,TMAX,93
CHM00056046,2008-02-02,TMAX,-103
CHM00056046,2012-04-23,TMAX,79
CHM00052889,2007-06-06,TMAX,329
CHM00052889,2007-06-06,TMIN,172
CHM00056046,2012-04-23,TMIN,-4
CHM00052983,2005-09-06,TMAX,253
CHM00056046,2008-02-02,TMIN,-257
CHM00056080,2010-01-03,TMIN,-169
CHM00056046,2012-01-14,TMAX,-90
CHM00056046,2012-01-14,TMIN,-200
CHM00056046,2005-12-03,TMAX,-39
CHM00056080,2008-06-18,TMAX,187
CHM00052983,2005-09-06,TMIN,83
CHM00056046,2010-10-21,TMAX,129
CHM00056046,2010-10-21,TMIN,-87
CHM00052983,2009-01-08,TMIN,-148
CHM00052889,2006-08-06,TMAX,350
CHM00052889,2005-11-01,TMAX,156
CHM00056046,2009-07-06,TMIN,98
CHM00056080,2005-03-07,TMAX,102
CHM00056080,2015-10-01,TMIN,16
CHM00052983,2014-06-25,TMIN,136
CHM00056080,2014-12-20,TMAX,2
CHM00056080,2008-04-18,TMIN,35
CHM00056080,2015-10-01,TMAX,187
CHM00056080,2005-03-07,TMIN,-106
CHM00052889,2007-05-07,TMAX,288
CHM00052983,2015-08-17,TMIN,101
CHM00052983,2010-07-20,TMAX,297
CHM00052983,2014-12-17,TMIN,-142
CHM00052983,2014-12-17,TMAX,-1
CHM00052889,2005-11-01,TMIN,-48
CHM00056080,2015-12-17,TMAX,-12
CHM00056046,2009-07-06,TMAX,154
CHM00056046,2009-03-12,TMAX,-37
CHM00052983,2011-06-14,TMAX,325
CHM00052983,2011-06-14,TMIN,100
CHM00056080,2008-03-22,TMIN,-78
CHM00052889,2005-09-09,TMIN,57
CHM00056080,2005-08-13,TMIN,98
CHM00056080,2005-08-13,TMAX,256
CHM00052983,2012-10-24,TMAX,153
CHM00052889,2008-09-23,TMIN,130
CHM00052983,2012-01-21,TMAX,-100
CHM00056080,2005-12-18,TMAX,45
CHM00056080,2005-12-18,TMIN,-167
CHM00052983,2014-12-27,TMAX,2
CHM00052983,2014-12-27,TMIN,-110
CHM00056046,2007-11-25,TMAX,9
CHM00056046,2007-11-25,TMIN,-159
CHM00056080,2008-03-22,TMAX,65
CHM00052889,2008-09-23,TMAX,162
CHM00052983,2014-01-01,TMIN,-138
CHM00056046,2009-08-26,TMIN,65
CHM00052889,2005-09-09,TMAX,322
CHM00056046,2012-09-26,TMAX,124
CHM00052889,2006-11-08,TMIN,-37
CHM00056080,2006-11-15,TMIN,-62
CHM00056080,2014-02-22,TMAX,78
CHM00056046,2011-02-12,TMIN,-219
CHM00056080,2009-03-23,TMIN,-87
CHM00056080,2008-11-14,TMAX,36
CHM00056080,2005-11-21,TMIN,-101
CHM00052983,2014-01-01,TMAX,-4
CHM00056080,2008-11-14,TMIN,-36
CHM00056080,2005-11-21,TMAX,-3
CHM00056080,2008-10-03,TMIN,66
CHM00052983,2006-08-17,TMAX,244
CHM00056080,2008-10-03,TMAX,152
CHM00056046,2007-11-05,TMAX,50
CHM00056046,2011-05-07,TMIN,-27
CHM00056080,2008-08-26,TMAX,188
CHM00052889,2006-11-08,TMAX,156
CHM00056046,2011-05-07,TMAX,187
CHM00056080,2006-11-15,TMAX,102
CHM00056080,2008-08-26,TMIN,45
CHM00056046,2009-08-26,TMAX,158
CHM00056046,2006-11-30,TMIN,-119
CHM00056046,2012-09-26,TMIN,2
CHM00056080,2006-11-20,TMIN,-35
CHM00056080,2006-11-20,TMAX,48
CHM00056046,2009-08-20,TMAX,192
CHM00052983,2008-04-10,TMIN,53
CHM00052983,2008-04-10,TMAX,143
CHM00056046,2009-08-20,TMIN,69
CHM00052983,2014-10-03,TMAX,241
CHM00056080,2005-08-16,TMIN,66
CHM00056080,2006-11-07,TMIN,-80
CHM00056046,2010-02-03,TMIN,-103
CHM00052983,2010-02-06,TMIN,-98
CHM00052889,2006-11-12,TMIN,-39
CHM00056080,2006-11-07,TMAX,120
CHM00052983,2010-02-06,TMAX,99
CHM00056080,2015-09-15,TMIN,18
CHM00052983,2015-04-25,TMIN,54
CHM00052889,2006-11-12,TMAX,141
CHM00052983,2006-08-22,TMIN,96
CHM00052983,2006-08-22,TMAX,250
CHM00056080,2010-10-03,TMIN,-13
CHM00056080,2010-10-03,TMAX,149
CHM00056046,2011-08-14,TMAX,226
CHM00056080,2005-08-31,TMIN,106
CHM00056046,2011-08-14,TMIN,37
CHM00052983,2014-07-28,TMIN,132
CHM00056080,2005-08-31,TMAX,183
CHM00052983,2014-07-28,TMAX,306
CHM00052983,2012-10-28,TMAX,137
CHM00052983,2010-01-29,TMIN,-122
CHM00056046,2011-02-12,TMAX,1
CHM00052983,2014-06-30,TMAX,226
CHM00056046,2006-12-05,TMIN,-110
CHM00052983,2012-10-24,TMIN,-11
CHM00052983,2010-01-29,TMAX,14
CHM00056046,2006-12-05,TMAX,99
CHM00056046,2010-02-03,TMAX,-34
CHM00052983,2014-10-05,TMAX,221
CHM00052983,2014-10-05,TMIN,29
CHM00056046,2006-11-30,TMAX,-6
CHM00052983,2012-10-28,TMIN,31
CHM00056046,2007-11-05,TMIN,-134
CHM00056046,2007-04-25,TMAX,93
CHM00056080,2014-02-22,TMIN,-107
CHM00056046,2008-06-06,TMAX,76
CHM00056046,2008-06-06,TMIN,14
CHM00056046,2008-06-21,TMAX,168
CHM00056046,2007-05-11,TMIN,-23
CHM00056046,2007-05-11,TMAX,63
CHM00056080,2005-12-24,TMIN,-120
CHM00056080,2005-12-24,TMAX,37
CHM00052983,2008-06-20,TMAX,248
CHM00052889,2008-11-08,TMAX,126
CHM00052983,2005-11-10,TMAX,124
CHM00052983,2013-04-24,TMIN,46
CHM00056080,2012-08-20,TMIN,57
CHM00056080,2012-08-20,TMAX,205
CHM00056080,2006-12-05,TMIN,-63
CHM00056080,2006-12-05,TMAX,63
CHM00056080,2008-10-08,TMIN,6
CHM00056080,2008-10-08,TMAX,131
CHM00056046,2014-04-25,TMAX,60
CHM00052983,2008-07-06,TMAX,322
CHM00056046,2005-01-15,TMAX,-31
CHM00052983,2008-07-06,TMIN,102
CHM00056080,2008-02-11,TMIN,-156
CHM00056080,2012-05-10,TMAX,231
CHM00052983,2010-01-11,TMAX,-52
CHM00056080,2009-07-03,TMAX,168
CHM00052983,2008-06-20,TMIN,135
CHM00056080,2009-07-03,TMIN,82
CHM00052983,2011-08-16,TMAX,223
CHM00056080,2014-11-26,TMAX,61
CHM00056080,2005-12-03,TMAX,26
CHM00056080,2008-09-04,TMAX,191
CHM00056080,2006-10-24,TMAX,102
CHM00056080,2006-10-24,TMIN,22
CHM00056080,2008-09-04,TMIN,7
CHM00056046,2014-04-25,TMIN,-59
CHM00056080,2010-06-09,TMAX,144
CHM00052983,2011-08-16,TMIN,141
CHM00056046,2005-01-15,TMIN,-249
CHM00056080,2010-06-09,TMIN,39
CHM00056080,2014-11-26,TMIN,-101
CHM00056080,2012-06-17,TMIN,39
CHM00056046,2010-10-02,TMAX,107
CHM00056046,2010-10-02,TMIN,-63
CHM00052889,2006-08-11,TMIN,211
CHM00056046,2012-06-17,TMIN,41
CHM00056046,2012-06-17,TMAX,159
CHM00056046,2012-05-05,TMAX,117
CHM00056046,2012-05-05,TMIN,5
CHM00056046,2015-04-03,TMIN,-49
CHM00056046,2005-12-24,TMIN,-178
CHM00056080,2008-07-02,TMAX,217
CHM00052983,2010-12-07,TMAX,43
CHM00056080,2009-03-23,TMAX,86
CHM00052983,2010-12-07,TMIN,-109
CHM00056080,2008-07-02,TMIN,58
CHM00056046,2005-12-24,TMAX,-1
CHM00052889,2008-11-08,TMIN,17
CHM00056046,2014-12-20,TMAX,-39
CHM00056046,2007-04-25,TMIN,-62
CHM00052983,2005-09-01,TMAX,228
CHM00056080,2007-11-16,TMAX,136
CHM00056080,2007-11-16,TMIN,-56
CHM00052889,2006-08-11,TMAX,329
CHM00056046,2009-04-23,TMAX,118
CHM00056080,2012-01-14,TMIN,-206
CHM00056046,2008-06-21,TMIN,67
CHM00056046,2009-03-21,TMAX,51
CHM00052983,2012-05-08,TMAX,205
CHM00056080,2005-12-03,TMIN,-146
CHM00056046,2009-03-21,TMIN,-83
CHM00056046,2011-02-10,TMIN,-220
CHM00052983,2012-05-08,TMIN,89
CHM00056080,2012-01-14,TMAX,-21
CHM00052889,2008-01-20,TMAX,-46
CHM00052889,2008-01-20,TMIN,-86
CHM00056046,2005-12-18,TMAX,14
CHM00056046,2005-12-18,TMIN,-184
CHM00056046,2011-02-10,TMAX,40
CHM00052983,2007-06-29,TMAX,274
CHM00056046,2005-03-06,TMIN,-168
CHM00052983,2007-06-29,TMIN,90
CHM00056046,2005-03-06,TMAX,33
CHM00056046,2009-04-23,TMIN,5
CHM00052983,2011-11-24,TMAX,138
CHM00056080,2008-07-12,TMIN,56
CHM00056080,2010-12-03,TMIN,-151
CHM00052889,2006-10-01,TMIN,50
CHM00052983,2005-10-26,TMAX,65
CHM00056080,2008-02-06,TMAX,18
CHM00056080,2006-08-06,TMIN,64
CHM00052983,2008-06-16,TMIN,64
CHM00056080,2006-08-06,TMAX,258
CHM00056046,2005-02-01,TMIN,-72
CHM00056046,2005-08-06,TMAX,167
CHM00056046,2013-01-13,TMIN,-267
CHM00056080,2011-05-05,TMIN,-12
CHM00056080,2011-05-05,TMAX,212
CHM00056046,2005-02-01,TMAX,-3
CHM00056046,2014-09-02,TMAX,136
CHM00052983,2006-11-20,TMAX,100
CHM00052889,2006-11-15,TMAX,71
CHM00052983,2005-12-31,TMIN,-97
CHM00052889,2006-11-15,TMIN,-42
CHM00052889,2006-10-01,TMAX,229
CHM00052983,2005-12-31,TMAX,-13
CHM00052983,2008-06-16,TMAX,243
CHM00056080,2010-06-02,TMIN,54
CHM00056080,2010-10-13,TMAX,82
CHM00056046,2012-10-22,TMAX,95
CHM00056046,2012-10-22,TMIN,-66
CHM00056046,2006-11-14,TMIN,-132
CHM00056046,2006-11-14,TMAX,78
CHM00056080,2005-03-04,TMAX,19
CHM00056080,2007-05-14,TMIN,61
CHM00056046,2013-09-05,TMIN,8
CHM00056046,2005-08-06,TMIN,36
CHM00056080,2007-05-14,TMAX,150
CHM00056080,2007-11-05,TMAX,111
CHM00056046,2006-10-02,TMAX,116
CHM00052983,2013-12-24,TMAX,-31
CHM00052889,2006-08-30,TMIN,164
CHM00056046,2013-07-10,TMIN,84
CHM00052889,2006-08-30,TMAX,280
CHM00056046,2015-12-09,TMAX,5
CHM00056080,2008-02-06,TMIN,-189
CHM00052889,2007-06-04,TMIN,149
CHM00056080,2006-09-17,TMAX,134
CHM00052983,2010-05-25,TMAX,172
CHM00056080,2010-07-11,TMAX,206
CHM00056080,2010-07-11,TMIN,70
CHM00056080,2011-12-01,TMIN,-76
CHM00052983,2014-04-25,TMIN,-41
CHM00056046,2009-03-06,TMIN,-98
CHM00056080,2011-12-01,TMAX,27
CHM00052983,2014-04-25,TMAX,88
CHM00056080,2012-09-05,TMAX,209
CHM00056080,2012-09-05,TMIN,72
CHM00052889,2005-11-18,TMIN,-21
CHM00052889,2005-11-18,TMAX,34
CHM00052983,2009-09-02,TMAX,236
CHM00056080,2014-07-01,TMAX,201
CHM00052983,2010-07-18,TMAX,262
CHM00056080,2014-12-25,TMAX,49
CHM00056080,2014-12-25,TMIN,-135
CHM00052983,2009-09-02,TMIN,97
CHM00056046,2009-03-06,TMAX,1
CHM00056046,2014-11-26,TMIN,-150
CHM00056046,2014-11-26,TMAX,38
CHM00052983,2013-02-11,TMAX,-15
CHM00052889,2007-06-04,TMAX,313
CHM00056080,2010-06-02,TMAX,135
CHM00056046,2014-09-21,TMAX,114
CHM00056080,2012-01-02,TMAX,-41
CHM00056080,2010-04-30,TMIN,-36
CHM00056080,2010-04-30,TMAX,162
CHM00056080,2009-01-17,TMIN,-103
CHM00056080,2009-01-17,TMAX,69
CHM00056046,2006-10-02,TMIN,-26
CHM00056046,2010-06-09,TMAX,113
CHM00056046,2010-06-09,TMIN,17
CHM00056046,2005-09-12,TMAX,150
CHM00056080,2012-01-02,TMIN,-116
CHM00056046,2014-09-21,TMIN,55
CHM00056046,2013-01-13,TMAX,-28
CHM00056080,2007-11-19,TMAX,80
CHM00056080,2007-11-19,TMIN,-97
CHM00056080,2006-09-17,TMIN,47
CHM00056046,2005-09-12,TMIN,30
CHM00056080,2014-07-03,TMAX,179
CHM00056080,2006-07-31,TMIN,109
CHM00056046,2008-06-18,TMIN,50
CHM00056080,2008-08-20,TMAX,201
CHM00056080,2008-08-20,TMIN,108
CHM00056046,2013-03-14,TMIN,-84
CHM00056046,2013-03-14,TMAX,94
CHM00056080,2015-08-07,TMIN,90
CHM00052889,2007-04-23,TMIN,88
CHM00052889,2007-04-23,TMAX,214
CHM00052983,2005-12-25,TMAX,32
CHM00052983,2005-12-25,TMIN,-135
CHM00052983,2010-01-31,TMAX,18
CHM00052889,2008-02-11,TMIN,-90
CHM00052889,2008-02-11,TMAX,-37
CHM00052983,2008-01-22,TMIN,-166
CHM00056046,2009-04-03,TMIN,-45
CHM00056046,2009-04-03,TMAX,56
CHM00056046,2013-05-05,TMAX,106
CHM00052983,2008-01-22,TMAX,-61
CHM00056046,2010-11-28,TMAX,37
CHM00052983,2009-08-31,TMAX,246
CHM00056080,2006-12-01,TMIN,-146
CHM00056080,2005-12-01,TMAX,-6
CHM00052983,2005-08-13,TMAX,287
CHM00052889,2005-12-03,TMIN,-101
CHM00052983,2005-08-31,TMAX,220
CHM00056046,2008-12-06,TMIN,-192
CHM00056046,2008-12-06,TMAX,-1
CHM00052889,2005-09-16,TMIN,100
CHM00056080,2005-08-06,TMIN,98
CHM00056080,2005-08-06,TMAX,192
CHM00056046,2010-11-28,TMIN,-176
CHM00052983,2010-09-23,TMAX,155
CHM00052983,2010-09-23,TMIN,79
CHM00056046,2005-12-06,TMIN,-174
CHM00056046,2005-12-06,TMAX,1
CHM00056080,2011-12-22,TMAX,5
CHM00056046,2014-08-26,TMAX,142
CHM00052983,2011-03-28,TMAX,125
CHM00056080,2005-12-01,TMIN,-97
CHM00056080,2006-12-01,TMAX,40
CHM00052889,2005-10-29,TMIN,-54
CHM00052889,2005-10-29,TMAX,139
CHM00056046,2015-09-16,TMIN,30
CHM00052983,2013-12-26,TMAX,-40
CHM00056046,2007-05-12,TMIN,-13
CHM00052983,2011-04-02,TMAX,131
CHM00052983,2011-04-02,TMIN,1
CHM00052983,2006-08-31,TMAX,196
CHM00052889,2006-08-22,TMAX,275
CHM00052983,2007-07-13,TMAX,243
CHM00052889,2006-08-22,TMIN,108
CHM00056046,2012-11-06,TMAX,93
CHM00056046,2012-11-06,TMIN,-109
CHM00056080,2010-10-13,TMIN,25
CHM00056046,2012-01-07,TMIN,-202
CHM00056046,2012-01-07,TMAX,-39
CHM00052983,2015-12-20,TMIN,-159
CHM00056080,2005-03-04,TMIN,-170
CHM00056080,2007-11-05,TMIN,-86
CHM00056046,2008-06-18,TMAX,144
CHM00056046,2007-05-12,TMAX,99
CHM00052983,2009-03-16,TMAX,183
CHM00056080,2012-08-21,TMAX,168
CHM00056080,2015-04-12,TMIN,-79
CHM00052889,2006-08-16,TMIN,149
CHM00052983,2009-08-31,TMIN,89
CHM00056080,2012-08-21,TMIN,73
CHM00052889,2006-08-16,TMAX,335
CHM00056080,2014-05-18,TMIN,-1
CHM00056080,2014-05-18,TMAX,142
CHM00052983,2009-03-08,TMAX,116
CHM00052983,2009-03-16,TMIN,-10
CHM00056080,2006-07-31,TMAX,222
CHM00052983,2015-04-18,TMIN,49
CHM00056046,2005-12-01,TMAX,-31
CHM00056046,2013-04-24,TMAX,74
CHM00052983,2014-08-06,TMAX,166
CHM00056080,2011-12-22,TMIN,-170
CHM00056046,2007-11-19,TMAX,51
CHM00056046,2007-11-19,TMIN,-144
CHM00052983,2009-08-15,TMAX,254
CHM00052983,2009-08-15,TMIN,124
CHM00056046,2005-12-01,TMIN,-97
CHM00052983,2011-11-25,TMIN,-39
CHM00056046,2006-08-06,TMIN,-1
CHM00056046,2006-08-06,TMAX,202
CHM00056080,2006-11-03,TMAX,129
CHM00056080,2008-01-30,TMAX,-73
CHM00052983,2010-07-30,TMAX,364
CHM00056080,2006-11-03,TMIN,-69
CHM00056046,2009-08-19,TMIN,15
CHM00056046,2009-07-15,TMIN,93
CHM00056046,2013-03-28,TMAX,70
CHM00052983,2010-07-30,TMIN,177
CHM00052983,2007-06-05,TMAX,277
CHM00056046,2011-08-16,TMIN,79
CHM00056080,2014-11-15,TMAX,63
CHM00056046,2010-11-27,TMIN,-166
CHM00056046,2011-08-16,TMAX,221
CHM00056046,2009-07-03,TMAX,161
CHM00056046,2009-07-03,TMIN,83
CHM00056046,2009-12-12,TMAX,35
CHM00056046,2009-08-19,TMAX,132
CHM00056046,2009-08-22,TMIN,78
CHM00056046,2008-08-15,TMIN,50
CHM00056046,2009-08-22,TMAX,155
CHM00056080,2008-01-30,TMIN,-223
CHM00056046,2008-06-05,TMAX,155
CHM00052983,2012-09-26,TMIN,56
CHM00052983,2012-09-26,TMAX,197
CHM00056080,2005-02-27,TMIN,-90
CHM00056080,2005-02-27,TMAX,-7
CHM00056046,2014-10-03,TMAX,99
CHM00056046,2012-09-04,TMAX,163
CHM00056046,2008-11-03,TMIN,-125
CHM00056080,2009-03-10,TMAX,86
CHM00056080,2009-03-10,TMIN,-38
CHM00056080,2006-08-22,TMAX,187
CHM00056080,2006-08-22,TMIN,56
CHM00056046,2005-01-22,TMAX,18
CHM00056046,2008-11-03,TMAX,43
CHM00052889,2005-11-06,TMAX,137
CHM00056046,2009-07-15,TMAX,188
CHM00052889,2005-11-06,TMIN,-53
CHM00056046,2005-01-22,TMIN,-222
CHM00056080,2009-08-26,TMIN,74
CHM00056046,2008-03-26,TMIN,-113
CHM00056080,2009-08-26,TMAX,197
CHM00056046,2007-05-14,TMAX,109
CHM00056046,2014-06-04,TMAX,143
CHM00056046,2012-10-27,TMIN,-81
CHM00052983,2013-08-02,TMAX,284
CHM00056080,2010-01-11,TMAX,-50
CHM00056080,2005-11-14,TMAX,15
CHM00056080,2005-11-14,TMIN,-30
CHM00056046,2010-05-07,TMIN,24
CHM00056046,2010-05-07,TMAX,146
CHM00052983,2007-12-19,TMIN,-111
CHM00056080,2010-09-23,TMIN,82
CHM00052983,2007-12-19,TMAX,79
CHM00056080,2010-09-23,TMAX,187
CHM00056080,2007-05-12,TMAX,171
CHM00056080,2007-05-12,TMIN,16
CHM00056046,2011-12-01,TMIN,-151
CHM00056046,2011-12-01,TMAX,-26
CHM00056046,2007-05-14,TMIN,16
CHM00056046,2008-11-07,TMAX,-16
CHM00056080,2005-03-06,TMAX,81
CHM00056080,2005-03-06,TMIN,-130
CHM00056080,2006-08-20,TMIN,63
CHM00056080,2006-08-20,TMAX,137
CHM00056046,2008-08-15,TMAX,134
CHM00056046,2009-08-11,TMIN,8
CHM00056046,2009-08-11,TMAX,171
CHM00056046,2005-03-07,TMAX,50
CHM00056080,2014-11-15,TMIN,-94
CHM00056046,2010-11-27,TMAX,45
CHM00056046,2008-06-05,TMIN,-8
CHM00056046,2005-03-07,TMIN,-132
CHM00056046,2008-03-26,TMAX,51
CHM00056080,2009-08-05,TMAX,207
CHM00056046,2008-11-07,TMIN,-192
CHM00056046,2012-10-27,TMAX,61
CHM00056046,2013-03-28,TMIN,-102
CHM00056046,2009-12-12,TMIN,-89
CHM00052983,2007-05-04,TMIN,25
CHM00052983,2007-05-04,TMAX,260
CHM00056080,2009-08-05,TMIN,54
CHM00052983,2014-04-29,TMAX,211
CHM00052983,2014-02-17,TMAX,-14
CHM00056046,2012-09-04,TMIN,-46
CHM00056046,2005-03-04,TMIN,-218
CHM00056046,2005-03-04,TMAX,-51
CHM00056046,2008-04-16,TMIN,-60
CHM00052983,2007-06-28,TMAX,224
CHM00056080,2010-01-11,TMIN,-146
CHM00056080,2007-07-05,TMAX,156
CHM00056080,2011-05-06,TMAX,241
CHM00052983,2010-05-11,TMAX,241
CHM00052983,2010-05-11,TMIN,69
CHM00056080,2015-12-24,TMAX,-4
CHM00056080,2012-10-26,TMAX,91
CHM00056080,2007-04-25,TMIN,13
CHM00056080,2011-05-06,TMIN,4
CHM00052983,2014-05-19,TMAX,226
CHM00056080,2007-04-25,TMAX,119
CHM00056046,2008-06-29,TMAX,159
CHM00056080,2012-10-26,TMIN,-44
CHM00052889,2007-04-28,TMAX,194
CHM00056046,2014-02-20,TMAX,-1
CHM00056046,2014-02-20,TMIN,-194
CHM00056046,2008-04-16,TMAX,112
CHM00052983,2011-11-25,TMAX,133
CHM00056046,2012-05-03,TMIN,-13
CHM00056046,2012-05-03,TMAX,64
CHM00052889,2007-04-28,TMIN,52
CHM00056080,2009-08-19,TMIN,85
CHM00056080,2009-03-12,TMIN,-102
CHM00056080,2009-08-19,TMAX,122
CHM00052889,2005-12-01,TMIN,-84
CHM00052983,2013-04-22,TMAX,183
CHM00052889,2005-12-01,TMAX,29
CHM00056080,2007-07-05,TMIN,102
CHM00056080,2006-09-07,TMIN,83
CHM00052983,2015-04-28,TMIN,73
CHM00052889,2005-12-27,TMIN,-181
CHM00052889,2005-12-27,TMAX,7
CHM00056080,2011-01-13,TMIN,-193
CHM00056080,2006-09-07,TMAX,155
CHM00056080,2011-01-13,TMAX,5
CHM00056080,2009-03-12,TMAX,-43
CHM00056080,2008-07-12,TMAX,137
CHM00052983,2014-05-19,TMIN,39
CHM00056046,2006-10-03,TMAX,112
CHM00056046,2012-04-24,TMIN,-46
CHM00056046,2006-11-09,TMAX,59
CHM00052889,2007-07-14,TMIN,148
CHM00056080,2011-12-02,TMIN,-128
CHM00056046,2005-11-14,TMIN,-111
CHM00052983,2013-05-26,TMIN,79
CHM00056080,2011-12-02,TMAX,90
CHM00052983,2014-04-29,TMIN,47
CHM00056080,2009-04-23,TMIN,15
CHM00056046,2012-04-24,TMAX,67
CHM00052983,2014-06-21,TMAX,246
CHM00052889,2006-09-25,TMIN,109
CHM00052889,2006-09-25,TMAX,142
CHM00056080,2009-04-23,TMAX,83
CHM00056046,2006-09-07,TMIN,41
CHM00052983,2011-03-20,TMAX,-13
CHM00056046,2006-09-07,TMAX,147
CHM00056046,2005-11-14,TMAX,48
CHM00052983,2012-11-04,TMIN,-89
CHM00052889,2007-07-14,TMAX,304
CHM00052983,2008-09-01,TMIN,79
CHM00052983,2014-08-27,TMAX,271
CHM00052983,2013-04-22,TMIN,95
CHM00056046,2006-11-09,TMIN,-115
CHM00056046,2008-06-29,TMIN,38
CHM00056046,2006-10-03,TMIN,-4
CHM00056046,2011-11-27,TMIN,-132
CHM00052983,2014-08-27,TMIN,87
CHM00056080,2007-11-08,TMIN,-86
CHM00052983,2013-06-08,TMIN,96
CHM00052983,2012-11-04,TMAX,89
CHM00052983,2014-06-21,TMIN,74
CHM00056080,2007-11-08,TMAX,106
CHM00052983,2013-05-23,TMIN,87
CHM00056046,2006-08-22,TMAX,165
CHM00056046,2006-08-22,TMIN,44
CHM00052983,2008-09-01,TMAX,234
CHM00056046,2013-08-23,TMAX,173
CHM00056046,2013-08-23,TMIN,46
CHM00056046,2011-11-27,TMAX,62
CHM00052983,2010-10-01,TMAX,103
CHM00052983,2008-11-12,TMAX,36
CHM00056080,2007-05-15,TMIN,46
CHM00052983,2012-06-17,TMIN,98
CHM00056080,2010-02-20,TMAX,89
CHM00056080,2011-08-21,TMIN,70
CHM00056046,2015-04-16,TMIN,-51
CHM00056046,2013-02-10,TMIN,-214
CHM00052889,2005-10-26,TMAX,82
CHM00052983,2015-12-06,TMIN,-84
CHM00052983,2014-05-18,TMIN,54
CHM00052983,2009-03-23,TMAX,164
CHM00056046,2005-12-25,TMAX,-1
CHM00056046,2005-12-25,TMIN,-180
CHM00056046,2012-12-31,TMIN,-227
CHM00052983,2012-06-17,TMAX,278
CHM00052889,2005-12-17,TMAX,3
CHM00052889,2005-12-17,TMIN,-186
CHM00052889,2008-11-09,TMAX,152
CHM00056046,2013-02-10,TMAX,22
CHM00056080,2011-08-21,TMAX,216
CHM00056046,2005-11-11,TMIN,-127
CHM00056080,2010-02-20,TMIN,-176
CHM00052889,2005-10-26,TMIN,33
CHM00056046,2011-05-06,TMAX,159
CHM00056080,2010-01-02,TMIN,-174
CHM00052983,2009-04-23,TMAX,134
CHM00056046,2012-12-21,TMAX,-23
CHM00056080,2010-01-02,TMAX,33
CHM00056046,2011-05-06,TMIN,-56
CHM00056046,2012-12-21,TMIN,-140
CHM00052983,2006-11-28,TMIN,-81
CHM00052983,2006-11-28,TMAX,-17
CHM00052889,2006-08-21,TMAX,290
CHM00052889,2006-08-21,TMIN,79
CHM00052983,2011-03-01,TMIN,-102
CHM00052983,2011-11-27,TMIN,-32
CHM00052983,2009-03-23,TMIN,-38
CHM00052983,2005-12-27,TMAX,22
CHM00056046,2012-10-30,TMIN,-102
CHM00052983,2011-11-27,TMAX,106
CHM00052983,2005-12-27,TMIN,-145
CHM00052983,2010-05-01,TMAX,246
CHM00056046,2005-11-11,TMAX,51
CHM00056046,2012-12-31,TMAX,-70
CHM00052983,2011-11-22,TMAX,92
CHM00052983,2011-11-22,TMIN,-51
CHM00052983,2008-04-03,TMAX,134
CHM00056046,2011-02-13,TMAX,18
CHM00056046,2011-02-13,TMIN,-230
CHM00056080,2008-04-02,TMIN,-49
CHM00056080,2015-09-22,TMAX,179
CHM00056080,2007-06-08,TMIN,57
CHM00056080,2015-09-22,TMIN,24
CHM00056046,2005-12-02,TMIN,-156
CHM00052889,2007-11-27,TMIN,-39
CHM00052889,2008-11-09,TMIN,11
CHM00052889,2008-07-12,TMAX,266
CHM00052889,2008-07-12,TMIN,186
CHM00056080,2010-07-28,TMAX,284
CHM00056046,2005-12-02,TMAX,4
CHM00052889,2007-11-27,TMAX,95
CHM00056080,2009-12-29,TMAX,35
CHM00052983,2008-04-03,TMIN,-3
CHM00052983,2013-02-20,TMAX,18
CHM00056046,2005-01-18,TMAX,-34
CHM00056080,2009-12-24,TMAX,15
CHM00056080,2009-12-24,TMIN,-169
CHM00052983,2013-05-28,TMAX,122
CHM00056046,2006-11-04,TMAX,68
CHM00056080,2015-09-29,TMIN,68
CHM00052983,2006-10-27,TMAX,120
CHM00056046,2014-09-14,TMAX,155
CHM00052983,2013-02-20,TMIN,-137
CHM00052889,2007-06-01,TMAX,311
CHM00056080,2005-12-02,TMIN,-110
CHM00056080,2005-12-02,TMAX,40
CHM00052889,2005-02-22,TMIN,-111
CHM00052889,2006-08-17,TMAX,292
CHM00056046,2006-11-04,TMIN,-127
CHM00052983,2010-05-01,TMIN,51
CHM00052889,2006-08-17,TMIN,209
CHM00056080,2009-12-29,TMIN,-154
CHM00056046,2005-01-18,TMIN,-144
CHM00052889,2005-02-22,TMAX,97
CHM00056046,2008-04-14,TMIN,-24
CHM00052889,2007-06-01,TMIN,139
CHM00056080,2015-12-04,TMIN,-143
CHM00056080,2005-08-03,TMAX,233
CHM00052983,2012-01-03,TMAX,-46
CHM00056080,2005-08-03,TMIN,46
CHM00056046,2013-08-03,TMIN,6
CHM00056046,2009-12-24,TMAX,-65
CHM00056046,2009-12-24,TMIN,-179
CHM00052983,2014-06-24,TMAX,177
CHM00056046,2011-08-22,TMIN,40
CHM00056046,2013-11-03,TMAX,34
CHM00056046,2011-08-22,TMAX,138
CHM00056046,2014-06-29,TMAX,137
CHM00056080,2007-06-02,TMAX,212
CHM00052889,2008-11-06,TMIN,24
CHM00052889,2005-01-22,TMAX,32
CHM00052983,2009-03-13,TMAX,48
CHM00052983,2009-03-13,TMIN,-100
CHM00056080,2005-11-11,TMIN,-71
CHM00056046,2014-06-29,TMIN,29
CHM00056080,2005-11-11,TMAX,129
CHM00056046,2013-08-03,TMAX,172
CHM00052983,2012-12-22,TMAX,-101
CHM00056046,2014-10-05,TMAX,88
CHM00052889,2005-08-01,TMAX,286
CHM00056080,2015-12-27,TMIN,-191
CHM00052983,2008-01-31,TMAX,-90
CHM00056046,2005-01-23,TMIN,-100
CHM00056046,2005-01-23,TMAX,3
CHM00056046,2007-12-03,TMAX,15
CHM00056046,2014-04-18,TMAX,107
CHM00052889,2008-04-16,TMIN,71
CHM00052889,2008-04-16,TMAX,251
CHM00056080,2015-04-16,TMIN,-30
CHM00056046,2007-12-03,TMIN,-159
CHM00052889,2008-11-06,TMAX,113
CHM00056080,2015-04-16,TMAX,233
CHM00052983,2011-07-01,TMIN,150
CHM00052983,2011-07-01,TMAX,239
CHM00056046,2010-10-15,TMIN,-71
CHM00056046,2010-10-15,TMAX,101
CHM00056080,2006-12-07,TMAX,-29
CHM00056080,2013-03-31,TMAX,132
CHM00056080,2006-12-07,TMIN,-69
CHM00052983,2008-12-05,TMIN,-150
CHM00052983,2005-09-17,TMAX,228
CHM00052983,2005-09-17,TMIN,63
CHM00052983,2008-12-05,TMAX,-6
CHM00052983,2015-03-31,TMAX,186
CHM00056046,2007-07-12,TMIN,35
CHM00052983,2015-03-31,TMIN,92
CHM00052983,2011-03-01,TMAX,34
CHM00056080,2012-09-23,TMAX,178
CHM00056046,2007-07-12,TMAX,141
CHM00056080,2009-12-13,TMAX,75
CHM00052889,2006-07-24,TMIN,106
CHM00056080,2012-09-23,TMIN,68
CHM00056080,2009-12-13,TMIN,-118
CHM00056046,2012-10-30,TMAX,10
CHM00052983,2008-10-07,TMAX,132
CHM00052889,2006-07-24,TMAX,280
CHM00052983,2008-11-06,TMAX,88
CHM00056046,2007-06-01,TMIN,20
CHM00056046,2006-09-29,TMAX,115
CHM00052889,2005-01-22,TMIN,-166
CHM00052983,2010-05-15,TMAX,163
CHM00056080,2007-06-02,TMIN,28
CHM00052983,2009-06-27,TMAX,218
CHM00052983,2010-05-15,TMIN,98
CHM00056080,2013-03-31,TMIN,-24
CHM00056080,2005-01-18,TMIN,-181
CHM00056080,2005-01-18,TMAX,-8
CHM00056046,2009-07-19,TMAX,167
CHM00052983,2006-07-21,TMAX,189
CHM00052983,2010-07-21,TMIN,170
CHM00052983,2012-04-15,TMIN,77
CHM00052983,2012-04-15,TMAX,173
CHM00056080,2005-08-14,TMIN,113
CHM00052983,2011-09-24,TMAX,159
CHM00056046,2009-07-19,TMIN,108
CHM00052983,2010-07-21,TMAX,269
CHM00056046,2007-06-01,TMAX,124
CHM00056046,2006-09-29,TMIN,22
CHM00056080,2005-08-14,TMAX,233
CHM00056046,2014-10-05,TMIN,-70
CHM00056080,2008-04-02,TMAX,75
CHM00052983,2007-12-24,TMIN,-108
CHM00052983,2005-12-06,TMIN,-130
CHM00056080,2015-04-02,TMIN,-43
CHM00056080,2005-02-11,TMIN,-98
CHM00056080,2005-02-11,TMAX,82
CHM00052889,2008-06-13,TMAX,287
CHM00052889,2008-06-13,TMIN,181
CHM00052889,2006-11-24,TMAX,62
CHM00056046,2009-12-29,TMIN,-222
CHM00056080,2013-03-20,TMIN,-75
CHM00052889,2006-11-24,TMIN,-4
CHM00056080,2006-08-21,TMAX,220
CHM00056080,2006-08-21,TMIN,69
CHM00056046,2009-12-29,TMAX,-33
CHM00052983,2005-12-06,TMAX,22
CHM00056046,2013-02-22,TMAX,47
CHM00056046,2013-02-22,TMIN,-189
CHM00056080,2008-08-22,TMIN,67
CHM00056080,2012-04-29,TMIN,-20
CHM00056080,2008-08-22,TMAX,216
CHM00056080,2012-04-29,TMAX,189
CHM00052983,2006-08-10,TMAX,335
CHM00052983,2005-08-24,TMIN,105
CHM00056046,2008-01-25,TMIN,-109
CHM00056080,2010-10-15,TMAX,147
CHM00056080,2012-09-20,TMAX,140
CHM00056046,2006-08-21,TMIN,72
CHM00056080,2008-04-04,TMIN,-18
CHM00052983,2005-08-24,TMAX,271
CHM00052983,2007-05-21,TMAX,163
CHM00056080,2011-08-22,TMIN,73
CHM00056080,2010-10-15,TMIN,-12
CHM00052889,2005-08-03,TMIN,119
CHM00052889,2005-08-03,TMAX,331
CHM00052983,2007-05-07,TMAX,253
CHM00052983,2007-05-07,TMIN,107
CHM00052889,2008-11-13,TMIN,28
CHM00056080,2013-03-20,TMAX,141
CHM00052889,2008-11-13,TMAX,90
CHM00052983,2006-08-10,TMIN,165
CHM00052983,2008-04-08,TMAX,164
CHM00056080,2012-11-05,TMIN,-99
CHM00056080,2012-11-05,TMAX,98
CHM00052983,2005-11-11,TMIN,-33
CHM00052889,2008-12-28,TMIN,-70
CHM00056080,2011-05-23,TMAX,108
CHM00056046,2015-08-03,TMIN,52
CHM00052983,2010-07-17,TMIN,116
CHM00056046,2014-02-27,TMAX,50
CHM00056046,2014-02-27,TMIN,-111
CHM00052889,2006-09-10,TMAX,213
CHM00056046,2012-04-27,TMAX,87
CHM00056080,2013-02-10,TMAX,103
CHM00056080,2008-09-02,TMAX,140
CHM00056080,2008-09-02,TMIN,79
CHM00052889,2006-09-10,TMIN,10
CHM00056046,2005-12-17,TMAX,41
CHM00056046,2014-05-15,TMAX,98
CHM00056046,2005-12-17,TMIN,-200
CHM00056080,2013-02-10,TMIN,-144
CHM00052983,2005-11-11,TMAX,148
CHM00056080,2011-05-23,TMIN,44
CHM00056046,2012-04-27,TMIN,-50
CHM00052889,2008-12-28,TMAX,-1
CHM00052983,2012-09-10,TMAX,190
CHM00052983,2010-04-30,TMIN,40
CHM00052983,2010-04-30,TMAX,219
CHM00056080,2008-02-04,TMIN,-233
CHM00056080,2008-02-04,TMAX,-49
CHM00052983,2011-09-12,TMIN,81
CHM00052983,2010-07-17,TMAX,294
CHM00052983,2006-11-21,TMAX,124
CHM00056080,2013-11-03,TMIN,-17
CHM00056080,2009-07-30,TMAX,203
CHM00052889,2005-12-02,TMAX,38
CHM00052983,2013-01-01,TMAX,-9
CHM00056080,2009-07-30,TMIN,110
CHM00052983,2006-11-21,TMIN,-70
CHM00052983,2011-12-04,TMAX,27
CHM00052983,2011-09-12,TMAX,219
CHM00052983,2011-12-04,TMIN,-81
CHM00052983,2013-01-01,TMIN,-171
CHM00052889,2005-12-02,TMIN,-134
CHM00056046,2008-04-14,TMAX,51
CHM00056046,2008-01-25,TMAX,-21
CHM00056080,2013-11-03,TMAX,60
CHM00056080,2009-04-24,TMAX,132
CHM00056046,2012-04-29,TMIN,0
CHM00052983,2015-03-29,TMIN,-10
CHM00056046,2009-07-05,TMAX,191
CHM00052983,2015-04-07,TMIN,1
CHM00052889,2005-08-08,TMIN,130
CHM00052889,2005-08-08,TMAX,306
CHM00052983,2009-12-08,TMIN,-105
CHM00052983,2009-12-08,TMAX,32
CHM00056046,2009-07-05,TMIN,54
CHM00052983,2015-04-08,TMIN,5
CHM00052983,2015-09-23,TMIN,66
CHM00056080,2010-06-10,TMAX,185
CHM00052889,2006-09-22,TMAX,222
CHM00052889,2006-09-22,TMIN,80
CHM00056046,2012-06-18,TMAX,161
CHM00056080,2012-04-27,TMIN,-50
CHM00052983,2007-07-20,TMAX,226
CHM00052889,2006-01-01,TMAX,24
CHM00052983,2007-07-20,TMIN,129
CHM00056080,2009-04-24,TMIN,7
CHM00056080,2014-11-27,TMAX,45
CHM00052983,2007-12-24,TMAX,42
CHM00052889,2006-11-21,TMIN,-76
CHM00056046,2009-04-21,TMIN,-34
CHM00052889,2006-11-21,TMAX,114
CHM00052889,2008-02-10,TMAX,-19
CHM00056046,2009-04-21,TMAX,109
CHM00052983,2007-11-07,TMAX,134
CHM00052889,2008-02-10,TMIN,-90
CHM00052983,2008-07-07,TMAX,303
CHM00052983,2008-07-07,TMIN,105
CHM00052983,2007-11-07,TMIN,-30
CHM00056080,2011-08-25,TMAX,179
CHM00056080,2007-06-08,TMAX,156
CHM00056080,2015-10-02,TMIN,17
CHM00056080,2011-08-25,TMIN,49
CHM00056080,2010-07-28,TMIN,115
CHM00056046,2012-04-29,TMAX,116
CHM00052983,2012-06-20,TMAX,298
CHM00052983,2012-06-20,TMIN,86
CHM00052889,2006-01-01,TMIN,-129
CHM00056080,2014-03-02,TMAX,45
CHM00056046,2012-05-11,TMAX,129
CHM00052983,2011-12-01,TMAX,47
CHM00056080,2008-08-18,TMIN,70
CHM00056046,2012-06-18,TMIN,23
CHM00056080,2013-01-02,TMIN,-163
CHM00052983,2007-07-18,TMAX,213
CHM00056080,2013-01-02,TMAX,-55
CHM00052983,2010-12-01,TMIN,-90
CHM00052983,2010-12-01,TMAX,83
CHM00052983,2008-10-09,TMAX,133
CHM00056080,2014-07-04,TMAX,233
CHM00056080,2014-07-04,TMIN,26
CHM00056046,2012-05-11,TMIN,9
CHM00056080,2011-08-22,TMAX,128
CHM00056080,2008-04-04,TMAX,122
CHM00056080,2012-09-20,TMIN,71
CHM00056046,2008-04-04,TMAX,30
CHM00056046,2008-04-04,TMIN,-73
CHM00056080,2014-03-02,TMIN,-63
CHM00056046,2009-04-08,TMIN,-25
CHM00056080,2010-06-10,TMIN,24
CHM00056046,2007-08-01,TMIN,4
CHM00052889,2008-12-13,TMIN,-48
CHM00056046,2007-08-01,TMAX,135
CHM00056080,2012-04-27,TMAX,185
CHM00056046,2011-09-10,TMIN,-2
CHM00056046,2012-09-23,TMIN,28
CHM00052889,2008-12-13,TMAX,37
CHM00056046,2006-08-21,TMAX,177
CHM00052983,2006-09-25,TMAX,116
CHM00052983,2012-06-02,TMAX,247
CHM00056046,2012-09-23,TMAX,156
CHM00056046,2011-09-10,TMAX,178
CHM00052983,2012-06-02,TMIN,85
CHM00056046,2009-04-08,TMAX,98
CHM00052983,2007-07-25,TMAX,279
CHM00052983,2006-09-25,TMIN,85
CHM00052983,2007-07-25,TMIN,117
CHM00056080,2008-08-18,TMAX,174
CHM00052889,2005-08-01,TMIN,174
CHM00052889,2006-08-07,TMAX,344
CHM00052889,2006-08-07,TMIN,164
CHM00056080,2009-08-10,TMIN,37
CHM00056080,2009-08-10,TMAX,160
CHM00052983,2009-01-09,TMIN,-164
CHM00056046,2009-08-30,TMAX,170
CHM00056046,2011-08-21,TMIN,65
CHM00052983,2012-05-13,TMAX,108
CHM00056080,2008-12-03,TMIN,-86
CHM00052889,2006-09-20,TMIN,49
CHM00056080,2014-12-15,TMAX,-53
CHM00052983,2012-05-13,TMIN,19
CHM00052889,2006-09-20,TMAX,274
CHM00052889,2005-01-29,TMAX,-18
CHM00056046,2013-09-02,TMAX,118
CHM00056046,2008-08-18,TMAX,154
CHM00052889,2005-01-29,TMIN,-148
CHM00052983,2014-05-27,TMAX,234
CHM00056080,2008-09-25,TMIN,52
CHM00052983,2008-02-06,TMAX,-26
CHM00056046,2010-05-20,TMAX,153
CHM00052983,2008-02-06,TMIN,-196
CHM00056080,2012-12-30,TMIN,-247
CHM00052889,2007-07-06,TMIN,176
CHM00056046,2005-08-08,TMAX,145
CHM00056046,2005-08-08,TMIN,75
CHM00052983,2014-11-29,TMAX,14
CHM00052983,2010-05-14,TMAX,225
CHM00052983,2010-05-14,TMIN,52
CHM00052983,2014-05-27,TMIN,85
CHM00056080,2006-08-07,TMIN,66
CHM00056080,2006-08-07,TMAX,242
CHM00056046,2015-08-24,TMIN,26
CHM00056080,2008-12-03,TMAX,39
CHM00056080,2015-08-21,TMIN,15
CHM00052983,2013-07-30,TMIN,118
CHM00052983,2013-07-30,TMAX,286
CHM00056046,2005-09-03,TMIN,19
CHM00052983,2009-01-09,TMAX,29
CHM00056080,2012-12-30,TMAX,-26
CHM00056046,2009-08-30,TMIN,-29
CHM00056080,2008-09-25,TMAX,95
CHM00056046,2010-05-20,TMIN,16
CHM00052983,2005-12-02,TMIN,-110
CHM00052889,2005-10-22,TMIN,-33
CHM00056080,2014-01-17,TMAX,53
CHM00056080,2009-08-31,TMAX,236
CHM00056080,2009-08-31,TMIN,33
CHM00056046,2010-02-15,TMAX,9
CHM00056046,2010-02-15,TMIN,-91
CHM00056080,2011-04-04,TMAX,174
CHM00056080,2013-05-28,TMAX,67
CHM00052983,2007-11-23,TMIN,-58
CHM00052889,2006-12-10,TMIN,-132
CHM00052889,2006-12-10,TMAX,5
CHM00052983,2007-06-12,TMAX,185
CHM00052983,2010-01-03,TMAX,65
CHM00052889,2008-02-02,TMIN,-150
CHM00056046,2008-09-23,TMIN,52
CHM00056046,2010-01-06,TMIN,-244
CHM00056046,2010-01-06,TMAX,-39
CHM00052889,2005-10-22,TMAX,106
CHM00056080,2014-01-17,TMIN,-186
CHM00052889,2006-10-03,TMIN,101
CHM00052983,2015-10-01,TMIN,-27
CHM00052983,2005-12-02,TMAX,27
CHM00056046,2008-08-18,TMIN,63
CHM00056046,2011-05-08,TMAX,195
CHM00056046,2006-08-07,TMIN,2
CHM00056046,2006-08-07,TMAX,208
CHM00056046,2015-03-16,TMIN,-93
CHM00052983,2011-04-04,TMAX,177
CHM00052983,2011-04-04,TMIN,8
CHM00052983,2008-02-03,TMAX,-2
CHM00056046,2012-10-28,TMAX,59
CHM00052983,2008-06-22,TMAX,218
CHM00056080,2005-08-01,TMAX,211
CHM00056046,2011-05-08,TMIN,-15
CHM00056080,2005-08-01,TMIN,73
CHM00052889,2008-02-02,TMAX,-47
CHM00052983,2015-08-15,TMIN,84
CHM00052983,2015-10-01,TMAX,190
CHM00052889,2006-10-03,TMAX,181
CHM00056046,2011-08-21,TMAX,180
CHM00056046,2008-09-23,TMAX,162
CHM00052889,2007-07-06,TMAX,304
CHM00052983,2009-01-12,TMAX,-14
CHM00056046,2008-10-04,TMAX,81
CHM00056080,2007-12-25,TMIN,-129
CHM00056046,2014-07-04,TMAX,172
CHM00052889,2007-07-29,TMIN,179
CHM00056046,2014-07-04,TMIN,-1
CHM00052889,2007-07-29,TMAX,302
CHM00056046,2007-06-13,TMAX,138
CHM00056080,2011-06-15,TMAX,239
CHM00052983,2012-01-09,TMAX,-6
CHM00052983,2014-06-20,TMAX,193
CHM00052889,2005-12-25,TMIN,-170
CHM00052889,2005-12-25,TMAX,15
CHM00056046,2008-12-26,TMIN,-207
CHM00056080,2008-10-06,TMAX,166
CHM00056046,2013-05-30,TMIN,4
CHM00052983,2006-09-15,TMAX,227
CHM00056080,2008-10-06,TMIN,-8
CHM00056046,2007-06-13,TMIN,-15
CHM00052983,2009-04-07,TMAX,200
CHM00056046,2008-10-04,TMIN,-35
CHM00052983,2008-11-02,TMIN,-22
CHM00056046,2008-12-26,TMAX,0
CHM00056080,2011-03-05,TMIN,-62
CHM00052889,2005-10-18,TMAX,122
CHM00056046,2008-09-02,TMAX,117
CHM00056046,2008-09-02,TMIN,7
CHM00052889,2007-06-29,TMAX,306
CHM00052889,2007-06-29,TMIN,155
CHM00052983,2011-05-30,TMAX,226
CHM00052889,2008-10-09,TMAX,169
CHM00056080,2008-04-14,TMAX,79
CHM00052889,2008-10-09,TMIN,130
CHM00052983,2014-04-07,TMAX,196
CHM00056080,2008-04-14,TMIN,4
CHM00052983,2014-04-07,TMIN,-3
CHM00056080,2007-12-25,TMAX,83
CHM00052983,2008-11-02,TMAX,146
CHM00052983,2007-04-28,TMIN,23
CHM00052983,2007-04-28,TMAX,96
CHM00056080,2007-05-05,TMAX,198
CHM00056046,2015-04-02,TMIN,-95
CHM00056046,2015-04-02,TMAX,105
CHM00056046,2011-08-26,TMAX,153
CHM00056080,2009-08-30,TMAX,230
CHM00052983,2009-08-26,TMAX,236
CHM00056046,2007-06-02,TMIN,21
CHM00056080,2009-08-30,TMIN,15
CHM00056046,2007-11-28,TMAX,-3
CHM00056080,2005-01-23,TMAX,-19
CHM00056046,2007-11-28,TMIN,-182
CHM00056080,2005-01-23,TMIN,-133
CHM00056046,2015-12-04,TMIN,-160
CHM00056046,2015-12-04,TMAX,-7
CHM00056046,2005-09-03,TMAX,131
CHM00056046,2015-08-24,TMAX,134
CHM00052983,2009-01-12,TMIN,-185
CHM00052983,2008-02-03,TMIN,-217
CHM00056080,2008-08-25,TMAX,197
CHM00052889,2005-09-01,TMAX,248
CHM00056080,2008-08-25,TMIN,44
CHM00056046,2007-06-02,TMAX,113
CHM00056046,2015-12-20,TMIN,-217
CHM00052983,2009-07-06,TMIN,153
CHM00052983,2009-04-07,TMIN,0
CHM00056080,2007-05-05,TMIN,-20
CHM00056046,2012-11-09,TMIN,-120
CHM00052983,2012-09-24,TMAX,132
CHM00056080,2006-09-29,TMIN,61
CHM00056046,2012-11-09,TMAX,29
CHM00056080,2006-09-29,TMAX,123
CHM00052983,2012-09-24,TMIN,82
CHM00052889,2005-09-01,TMIN,160
CHM00056046,2011-08-26,TMIN,-15
CHM00056046,2005-08-01,TMAX,187
CHM00056046,2007-05-05,TMIN,-87
CHM00056046,2007-05-05,TMAX,168
CHM00056080,2010-02-10,TMIN,-76
CHM00056080,2010-02-10,TMAX,50
CHM00056080,2011-06-15,TMIN,51
CHM00052983,2005-09-08,TMAX,277
CHM00052983,2009-07-06,TMAX,272
CHM00056046,2005-08-01,TMIN,75
CHM00052983,2010-01-03,TMIN,-104
CHM00056080,2011-04-04,TMIN,-11
CHM00056080,2010-01-06,TMAX,58
CHM00056046,2012-12-24,TMAX,30
CHM00056046,2008-11-17,TMIN,-119
CHM00056080,2009-04-21,TMIN,-19
CHM00056080,2009-04-21,TMAX,166
CHM00056046,2008-11-17,TMAX,13
CHM00056046,2012-12-24,TMIN,-208
CHM00056046,2009-08-31,TMAX,192
CHM00056046,2015-09-22,TMIN,-2
CHM00052983,2010-09-21,TMAX,126
CHM00052983,2010-09-21,TMIN,90
CHM00056046,2011-12-22,TMAX,7
CHM00052983,2011-09-22,TMAX,148
CHM00056046,2011-12-22,TMIN,-194
CHM00052983,2009-04-15,TMAX,229
CHM00052983,2011-09-22,TMIN,44
CHM00052983,2013-08-31,TMIN,100
CHM00052889,2007-07-30,TMIN,177
CHM00056046,2005-08-14,TMIN,45
CHM00052983,2014-09-16,TMAX,124
CHM00056046,2005-08-14,TMAX,203
CHM00056080,2011-09-10,TMIN,54
CHM00052983,2008-01-18,TMIN,-102
CHM00052983,2008-01-31,TMIN,-242
CHM00052983,2008-01-18,TMAX,-33
CHM00052983,2006-11-14,TMIN,-54
CHM00052983,2006-11-14,TMAX,97
CHM00056046,2006-12-07,TMAX,48
CHM00056046,2006-11-21,TMIN,-179
CHM00056046,2006-11-21,TMAX,-25
CHM00056046,2009-12-13,TMAX,58
CHM00056046,2009-12-13,TMIN,-160
CHM00056046,2006-12-07,TMIN,-154
CHM00056046,2005-08-03,TMAX,190
CHM00056080,2014-08-31,TMAX,151
CHM00056046,2005-08-03,TMIN,28
CHM00052983,2010-08-09,TMIN,174
CHM00056080,2015-12-20,TMIN,-203
CHM00056080,2011-09-10,TMAX,186
CHM00056046,2009-08-31,TMIN,-5
CHM00052983,2013-08-31,TMAX,234
CHM00052889,2007-07-30,TMAX,313
CHM00056080,2006-07-24,TMAX,180
CHM00056080,2008-02-08,TMAX,-42
CHM00052983,2014-11-19,TMAX,116
CHM00056046,2010-06-10,TMAX,120
CHM00052983,2007-11-08,TMAX,119
CHM00052983,2007-11-08,TMIN,-34
CHM00052983,2015-04-22,TMAX,197
CHM00052983,2009-03-12,TMAX,-27
CHM00052983,2008-06-05,TMAX,281
CHM00052983,2015-04-22,TMIN,55
CHM00056080,2008-03-17,TMIN,-64
CHM00056080,2008-03-17,TMAX,135
CHM00052983,2014-11-19,TMIN,-56
CHM00052983,2008-06-05,TMIN,108
CHM00052889,2007-05-05,TMIN,116
CHM00052889,2007-05-05,TMAX,285
CHM00056046,2010-05-06,TMIN,5
CHM00056046,2010-05-06,TMAX,164
CHM00056046,2014-06-21,TMAX,122
CHM00056080,2015-08-24,TMIN,14
CHM00056080,2010-02-21,TMIN,-148
CHM00056080,2010-02-21,TMAX,105
CHM00056080,2010-02-15,TMAX,-57
CHM00056080,2010-02-15,TMIN,-156
CHM00056080,2006-07-24,TMIN,34
CHM00056080,2006-08-10,TMIN,114
CHM00052889,2006-08-31,TMAX,251
CHM00052889,2006-08-31,TMIN,158
CHM00052889,2007-12-04,TMAX,64
CHM00052889,2007-12-04,TMIN,-35
CHM00052983,2007-04-25,TMIN,11
CHM00056080,2007-08-01,TMIN,69
CHM00056046,2012-10-28,TMIN,-77
CHM00056080,2007-08-01,TMAX,207
CHM00056080,2015-03-16,TMIN,-46
CHM00052889,2006-11-04,TMIN,-33
CHM00052889,2006-11-04,TMAX,161
CHM00056046,2010-06-10,TMIN,29
CHM00056080,2008-02-08,TMIN,-152
CHM00056046,2014-06-21,TMIN,52
CHM00056080,2006-08-10,TMAX,287
CHM00052983,2010-08-09,TMAX,222
CHM00056046,2009-08-10,TMAX,139
CHM00052983,2007-04-25,TMAX,176
CHM00056080,2011-05-07,TMIN,26
CHM00052983,2008-03-19,TMAX,183
CHM00056046,2010-02-10,TMIN,-56
CHM00056080,2010-05-06,TMIN,25
CHM00056046,2010-02-10,TMAX,44
CHM00056080,2010-05-06,TMAX,145
CHM00056080,2007-07-12,TMAX,179
CHM00052889,2008-02-07,TMIN,-137
CHM00056080,2011-05-07,TMAX,257
CHM00056080,2005-08-08,TMAX,226
CHM00052983,2014-01-02,TMAX,1
CHM00056080,2014-08-31,TMIN,65
CHM00056080,2005-08-08,TMIN,104
CHM00056080,2014-03-30,TMAX,78
CHM00052983,2008-06-29,TMIN,142
CHM00056046,2011-01-08,TMIN,-133
CHM00052983,2008-06-29,TMAX,227
CHM00056080,2007-07-12,TMIN,88
CHM00056080,2006-10-02,TMIN,2
CHM00052983,2011-09-15,TMAX,227
CHM00052983,2015-07-26,TMIN,131
CHM00052889,2005-08-14,TMIN,167
CHM00052889,2005-08-14,TMAX,303
CHM00052983,2014-12-11,TMAX,-23
CHM00052983,2010-07-15,TMAX,291
CHM00056080,2010-01-06,TMIN,-159
CHM00056080,2006-11-21,TMIN,-62
CHM00056080,2006-11-21,TMAX,64
CHM00052983,2010-07-15,TMIN,153
CHM00056046,2011-01-08,TMAX,2
CHM00056046,2013-05-30,TMAX,111
CHM00052983,2009-08-04,TMIN,118
CHM00052983,2009-08-04,TMAX,247
CHM00056046,2010-02-21,TMIN,-189
CHM00052889,2005-01-10,TMAX,18
CHM00052889,2005-01-10,TMIN,-160
CHM00056080,2006-10-02,TMAX,176
CHM00052983,2011-09-15,TMIN,98
CHM00052889,2008-02-07,TMAX,-42
CHM00056046,2010-02-21,TMAX,21
CHM00056046,2014-09-26,TMIN,4
CHM00052889,2007-11-12,TMAX,133
CHM00052889,2008-07-03,TMIN,197
CHM00056080,2005-09-03,TMAX,185
CHM00056080,2005-09-03,TMIN,89
CHM00052889,2008-12-07,TMIN,-58
CHM00056080,2014-10-05,TMAX,169
CHM00052983,2014-12-09,TMAX,-25
CHM00056046,2015-08-21,TMIN,-9
CHM00056046,2006-07-24,TMAX,146
CHM00052983,2006-07-28,TMIN,134
CHM00052889,2006-11-03,TMIN,-29
CHM00056046,2006-07-24,TMIN,1
CHM00052983,2006-07-28,TMAX,277
CHM00056080,2012-11-09,TMAX,74
CHM00056080,2012-11-09,TMIN,-75
CHM00056080,2007-11-28,TMAX,50
CHM00056080,2007-11-28,TMIN,-141
CHM00052889,2006-11-03,TMAX,184
CHM00056046,2009-08-10,TMIN,57
CHM00052983,2008-08-24,TMAX,210
CHM00052889,2008-12-07,TMAX,53
CHM00056080,2010-10-14,TMAX,116
CHM00052983,2010-01-13,TMIN,-169
CHM00052889,2008-07-03,TMAX,337
CHM00052889,2007-11-12,TMIN,10
CHM00052983,2012-11-07,TMAX,67
CHM00052983,2012-12-28,TMAX,-80
CHM00056046,2011-08-25,TMAX,122
CHM00052983,2008-11-08,TMAX,92
CHM00056046,2011-08-25,TMIN,5
CHM00052983,2010-06-01,TMAX,150
CHM00056046,2013-05-12,TMIN,-21
CHM00052983,2007-05-28,TMAX,285
CHM00056080,2014-09-26,TMAX,113
CHM00052889,2007-11-04,TMIN,-4
CHM00052983,2012-06-06,TMAX,215
CHM00052889,2007-11-04,TMAX,150
CHM00052983,2012-06-06,TMIN,122
CHM00052983,2010-01-13,TMAX,20
CHM00052983,2007-05-28,TMIN,108
CHM00056080,2010-10-14,TMIN,-5
CHM00056080,2014-09-26,TMIN,28
CHM00056046,2014-09-26,TMAX,62
CHM00056080,2006-11-04,TMAX,111
CHM00056046,2005-02-11,TMIN,-110
CHM00056046,2012-11-05,TMIN,-121
CHM00056046,2012-11-05,TMAX,73
CHM00056080,2014-06-21,TMAX,189
CHM00056080,2014-06-21,TMIN,20
CHM00056046,2010-05-11,TMAX,131
CHM00056046,2010-05-11,TMIN,-3
CHM00056080,2008-12-06,TMIN,-161
CHM00056080,2008-12-06,TMAX,35
CHM00052983,2011-06-02,TMIN,56
CHM00052983,2014-08-25,TMIN,88
CHM00052983,2014-08-25,TMAX,223
CHM00052983,2010-05-07,TMAX,208
CHM00052983,2010-05-07,TMIN,63
CHM00052983,2009-08-05,TMAX,269
CHM00052983,2008-01-23,TMAX,-93
CHM00052983,2009-08-05,TMIN,108
CHM00052983,2005-01-23,TMAX,-3
CHM00052889,2008-06-18,TMIN,191
CHM00052983,2005-01-23,TMIN,-103
CHM00052889,2008-06-18,TMAX,266
CHM00052983,2009-06-26,TMIN,150
CHM00052983,2011-06-12,TMIN,90
CHM00056046,2006-09-20,TMIN,-58
CHM00056080,2006-11-24,TMAX,52
CHM00056080,2006-11-24,TMIN,-21
CHM00056080,2009-07-05,TMIN,115
CHM00052983,2011-06-02,TMAX,261
CHM00056046,2010-05-21,TMAX,80
CHM00056046,2010-01-13,TMAX,-11
CHM00056080,2007-05-07,TMIN,40
CHM00056080,2007-05-07,TMAX,175
CHM00052983,2008-01-23,TMIN,-179
CHM00052889,2007-07-12,TMIN,169
CHM00052889,2007-07-12,TMAX,214
CHM00052983,2005-11-18,TMAX,1
CHM00056080,2006-09-10,TMAX,148
CHM00056080,2006-09-10,TMIN,15
CHM00056046,2010-01-13,TMIN,-227
CHM00052983,2009-06-26,TMAX,315
CHM00052983,2014-06-03,TMAX,196
CHM00056080,2005-02-04,TMAX,102
CHM00056080,2005-02-04,TMIN,-137
CHM00056046,2008-12-29,TMAX,-27
CHM00056046,2011-06-29,TMIN,52
CHM00056046,2011-06-29,TMAX,171
CHM00052983,2010-11-27,TMIN,-67
CHM00056080,2009-12-22,TMAX,25
CHM00052983,2014-04-30,TMAX,251
CHM00056080,2013-10-13,TMAX,138
CHM00056080,2009-12-22,TMIN,-166
CHM00056046,2012-12-30,TMIN,-212
CHM00056080,2014-12-30,TMAX,53
CHM00056080,2009-03-18,TMAX,142
CHM00056080,2014-12-30,TMIN,-182
CHM00052983,2012-04-27,TMAX,231
CHM00056046,2012-12-30,TMAX,-76
CHM00052983,2005-09-03,TMAX,267
CHM00052983,2012-04-27,TMIN,62
CHM00052889,2008-06-12,TMAX,333
CHM00052983,2014-02-22,TMIN,-71
CHM00056046,2009-01-06,TMAX,-66
CHM00052889,2007-12-23,TMAX,47
CHM00056046,2006-01-04,TMIN,-98
CHM00056046,2011-03-30,TMIN,-34
CHM00056046,2011-03-30,TMAX,70
CHM00056046,2006-08-17,TMAX,210
CHM00056080,2007-07-06,TMAX,224
CHM00056080,2007-07-06,TMIN,83
CHM00056046,2006-08-17,TMIN,71
CHM00056046,2014-06-28,TMAX,124
CHM00056046,2010-07-12,TMAX,161
CHM00056046,2010-05-21,TMIN,5
CHM00052889,2005-12-07,TMAX,17
CHM00052889,2005-12-07,TMIN,-158
CHM00052983,2014-02-22,TMAX,72
CHM00052889,2005-08-25,TMAX,275
CHM00052889,2005-08-25,TMIN,150
CHM00056080,2007-07-18,TMIN,85
CHM00056080,2007-07-18,TMAX,165
CHM00052889,2007-12-23,TMIN,-46
CHM00056046,2006-01-04,TMAX,63
CHM00056046,2010-07-12,TMIN,59
CHM00056046,2008-12-29,TMIN,-184
CHM00052983,2014-02-16,TMAX,-23
CHM00052983,2010-01-09,TMAX,24
CHM00052983,2007-12-17,TMIN,-100
CHM00052983,2009-12-24,TMAX,-11
CHM00056046,2006-07-21,TMIN,83
CHM00056046,2006-07-21,TMAX,213
CHM00056046,2009-01-10,TMAX,-59
CHM00056046,2009-04-24,TMIN,17
CHM00056046,2009-04-24,TMAX,133
CHM00056080,2012-05-11,TMAX,176
CHM00056080,2012-05-11,TMIN,76
CHM00056046,2009-01-10,TMIN,-242
CHM00052983,2014-12-12,TMIN,-150
CHM00056080,2006-07-28,TMIN,68
CHM00056080,2012-01-12,TMIN,-165
CHM00056080,2006-07-28,TMAX,228
CHM00056046,2011-01-02,TMAX,-61
CHM00056046,2011-01-02,TMIN,-144
CHM00056080,2007-06-04,TMIN,18
CHM00056080,2015-04-18,TMIN,-19
CHM00056080,2007-12-04,TMAX,34
CHM00052983,2009-06-29,TMAX,247
CHM00056046,2013-11-02,TMAX,13
CHM00052889,2007-04-30,TMIN,84
CHM00056046,2011-04-05,TMAX,60
CHM00056080,2012-06-18,TMIN,50
CHM00056046,2011-04-05,TMIN,-20
CHM00052983,2009-01-13,TMAX,10
CHM00056080,2007-07-01,TMIN,109
CHM00056080,2007-07-01,TMAX,180
CHM00056080,2012-05-31,TMIN,59
CHM00052983,2012-09-21,TMIN,58
CHM00052983,2014-01-12,TMIN,-154
CHM00052983,2009-01-13,TMIN,-170
CHM00052983,2012-09-21,TMAX,216
CHM00052983,2014-04-18,TMAX,92
CHM00052983,2007-12-17,TMAX,24
CHM00052983,2014-12-12,TMAX,-14
CHM00056046,2013-11-02,TMIN,-100
CHM00056080,2012-05-31,TMAX,155
CHM00052983,2014-01-12,TMAX,-17
CHM00056080,2007-12-04,TMIN,-141
CHM00056080,2007-06-04,TMAX,214
CHM00052983,2008-04-18,TMAX,202
CHM00056046,2013-06-12,TMAX,174
CHM00056080,2010-10-21,TMAX,182
CHM00052889,2007-05-15,TMIN,146
CHM00052983,2010-08-11,TMAX,227
CHM00052983,2010-01-09,TMIN,-92
CHM00052983,2015-04-10,TMIN,12
CHM00052983,2010-08-11,TMIN,162
CHM00056046,2005-02-04,TMAX,-1
CHM00052889,2008-09-26,TMIN,95
CHM00056080,2009-04-14,TMIN,-21
CHM00056046,2005-02-04,TMIN,-185
CHM00052983,2011-06-13,TMAX,251
CHM00056046,2013-06-12,TMIN,-11
CHM00056046,2011-06-27,TMAX,162
CHM00056080,2014-12-29,TMAX,42
CHM00052983,2011-06-12,TMAX,283
CHM00056046,2011-06-27,TMIN,-3
CHM00052889,2008-09-26,TMAX,113
CHM00052889,2007-05-15,TMAX,261
CHM00056080,2014-12-29,TMIN,-185
CHM00056080,2010-10-21,TMIN,-19
CHM00052983,2008-04-18,TMIN,80
CHM00052889,2006-12-12,TMAX,-24
CHM00052983,2006-07-24,TMAX,276
CHM00052983,2006-07-24,TMIN,102
CHM00052889,2006-12-12,TMIN,-117
CHM00056080,2013-10-17,TMIN,-40
CHM00052983,2009-01-02,TMAX,-14
CHM00056080,2012-01-12,TMAX,11
CHM00052983,2014-02-16,TMIN,-74
CHM00052889,2008-07-02,TMIN,188
CHM00056080,2007-11-23,TMIN,-121
CHM00052983,2012-05-28,TMAX,181
CHM00056080,2007-11-23,TMAX,87
CHM00052983,2005-12-17,TMAX,-3
CHM00052983,2005-12-17,TMIN,-154
CHM00056080,2009-07-05,TMAX,203
CHM00052983,2015-12-19,TMIN,-140
CHM00056080,2009-04-14,TMAX,185
CHM00052889,2008-07-02,TMAX,346
CHM00056080,2009-03-18,TMIN,-59
CHM00052889,2008-06-12,TMIN,163
CHM00056080,2012-01-03,TMIN,-177
CHM00056046,2007-05-15,TMIN,11
CHM00056046,2008-02-04,TMIN,-257
CHM00056046,2008-02-04,TMAX,-57
CHM00052889,2006-09-17,TMAX,215
CHM00056080,2010-07-13,TMAX,231
CHM00056080,2011-01-31,TMIN,-211
CHM00056080,2009-01-10,TMAX,15
CHM00052889,2006-09-17,TMIN,102
CHM00052889,2008-06-21,TMAX,278
CHM00056080,2015-07-26,TMIN,51
CHM00052889,2008-06-21,TMIN,217
CHM00056080,2009-01-10,TMIN,-197
CHM00052983,2007-11-18,TMIN,-51
CHM00052983,2007-11-18,TMAX,65
CHM00056080,2015-08-14,TMAX,212
CHM00052983,2015-10-02,TMIN,32
CHM00056080,2011-01-31,TMAX,6
CHM00056046,2007-05-15,TMAX,105
CHM00056046,2015-04-05,TMIN,-71
CHM00056080,2010-07-13,TMIN,62
CHM00056046,2011-06-25,TMAX,125
CHM00056080,2011-12-07,TMAX,-19
CHM00056046,2006-07-28,TMIN,36
CHM00056046,2010-10-03,TMAX,61
CHM00056046,2006-07-28,TMAX,184
CHM00052889,2006-07-21,TMIN,156
CHM00052889,2006-07-21,TMAX,207
CHM00056046,2010-10-03,TMIN,2
CHM00056080,2006-11-28,TMAX,-16
CHM00052889,2008-09-27,TMAX,154
CHM00052983,2007-06-04,TMAX,275
CHM00056046,2011-03-05,TMIN,-102
CHM00056046,2013-10-25,TMIN,-66
CHM00056080,2005-09-17,TMIN,40
CHM00056046,2011-03-05,TMAX,56
CHM00056080,2005-09-17,TMAX,178
CHM00056080,2006-08-17,TMIN,132
CHM00056046,2013-09-08,TMIN,-8
CHM00056046,2011-06-25,TMIN,71
CHM00052983,2007-06-04,TMIN,82
CHM00052983,2009-04-24,TMAX,123
CHM00052889,2005-01-27,TMIN,-113
CHM00056080,2014-06-04,TMIN,105
CHM00056080,2014-06-04,TMAX,199
CHM00056046,2014-08-27,TMIN,3
CHM00052983,2010-01-08,TMIN,-97
CHM00056080,2012-12-21,TMAX,-32
CHM00052983,2011-11-24,TMIN,-37
CHM00056080,2013-01-13,TMIN,-210
CHM00056080,2006-09-03,TMAX,214
CHM00052983,2013-11-05,TMIN,-29
CHM00056080,2006-09-03,TMIN,138
CHM00056080,2013-01-13,TMAX,47
CHM00052983,2010-01-08,TMAX,68
CHM00056046,2007-05-21,TMIN,24
CHM00056046,2007-05-21,TMAX,174
CHM00056080,2007-05-15,TMAX,172
CHM00056080,2012-05-30,TMIN,29
CHM00052983,2008-11-12,TMIN,-10
CHM00052983,2011-05-23,TMIN,70
CHM00052983,2011-05-23,TMAX,186
CHM00056046,2014-08-27,TMAX,158
CHM00056080,2013-05-11,TMIN,-25
CHM00056080,2014-09-25,TMAX,183
CHM00052983,2014-08-07,TMAX,265
CHM00056046,2007-11-12,TMAX,26
CHM00056046,2014-01-17,TMIN,-235
CHM00052889,2005-01-27,TMAX,70
CHM00056046,2007-07-29,TMAX,158
CHM00052983,2009-08-11,TMAX,258
CHM00056046,2007-07-29,TMIN,7
CHM00056080,2007-05-21,TMAX,209
CHM00052983,2009-08-11,TMIN,89
CHM00052983,2013-10-12,TMIN,87
CHM00056080,2005-12-13,TMAX,43
CHM00056046,2007-11-12,TMIN,-60
CHM00056046,2014-01-17,TMAX,-15
CHM00056080,2012-12-24,TMAX,110
CHM00056080,2012-12-24,TMIN,-165
CHM00056080,2015-09-12,TMIN,2
CHM00052983,2007-05-23,TMAX,135
CHM00056080,2005-12-13,TMIN,-178
CHM00056046,2013-10-25,TMAX,64
CHM00056080,2006-11-28,TMIN,-86
CHM00056080,2007-05-21,TMIN,83
CHM00052983,2012-01-07,TMIN,-137
CHM00052983,2012-01-07,TMAX,-15
CHM00056046,2007-06-04,TMIN,-3
CHM00052983,2008-02-10,TMAX,-46
CHM00056046,2008-10-06,TMIN,-48
CHM00052983,2011-12-09,TMAX,-47
CHM00056080,2007-11-04,TMAX,111
CHM00056046,2014-05-27,TMAX,105
CHM00056046,2014-05-27,TMIN,4
CHM00056046,2014-12-27,TMAX,-81
CHM00056046,2013-04-22,TMAX,80
CHM00056080,2010-05-11,TMAX,205
CHM00056080,2005-10-20,TMIN,-26
CHM00056080,2005-10-20,TMAX,33
CHM00052983,2006-08-30,TMIN,154
CHM00056046,2005-10-22,TMAX,11
CHM00056046,2005-10-22,TMIN,-50
CHM00056046,2006-09-03,TMIN,31
CHM00056080,2007-12-03,TMIN,-129
CHM00056080,2007-12-03,TMAX,56
CHM00052983,2010-11-27,TMAX,75
CHM00052983,2014-08-26,TMAX,255
CHM00056080,2012-01-03,TMAX,-63
CHM00052889,2007-05-12,TMAX,260
CHM00052983,2015-09-15,TMIN,44
CHM00056046,2009-01-06,TMIN,-165
CHM00056046,2007-11-23,TMIN,-162
CHM00056046,2008-06-13,TMAX,143
CHM00052983,2007-06-27,TMIN,93
CHM00056080,2010-05-11,TMIN,-5
CHM00056046,2014-03-30,TMIN,-53
CHM00056046,2008-06-13,TMIN,18
CHM00056046,2014-03-30,TMAX,66
CHM00052983,2006-09-07,TMAX,220
CHM00056046,2007-11-23,TMAX,-4
CHM00052983,2005-09-03,TMIN,116
CHM00052889,2007-05-12,TMIN,90
CHM00056046,2006-09-03,TMAX,192
CHM00056046,2014-01-15,TMAX,-22
CHM00052983,2007-06-27,TMAX,293
CHM00052983,2015-08-07,TMIN,133
CHM00052983,2006-08-30,TMAX,250
CHM00056046,2007-06-04,TMAX,166
CHM00052983,2013-02-15,TMIN,-132
CHM00056046,2012-05-08,TMIN,-1
CHM00052983,2010-11-21,TMIN,-70
CHM00052983,2010-11-21,TMAX,57
CHM00056046,2014-12-15,TMAX,-55
CHM00052889,2008-09-27,TMIN,107
CHM00056080,2011-12-07,TMIN,-84
CHM00056080,2011-02-10,TMIN,-158
CHM00056080,2014-09-02,TMAX,174
CHM00056080,2008-07-09,TMAX,243
CHM00056046,2015-10-02,TMAX,159
CHM00056046,2005-03-01,TMAX,-18
CHM00052983,2014-12-20,TMAX,-32
CHM00056080,2008-07-09,TMIN,54
CHM00056046,2012-01-21,TMAX,-22
CHM00056046,2012-01-21,TMIN,-117
CHM00056080,2006-08-17,TMAX,216
CHM00056046,2012-05-08,TMAX,117
CHM00056046,2008-10-06,TMAX,105
CHM00056080,2011-02-10,TMAX,84
CHM00056080,2011-09-15,TMAX,197
CHM00056080,2010-05-14,TMIN,22
CHM00056080,2010-05-14,TMAX,176
CHM00052889,2008-12-08,TMAX,89
CHM00056046,2012-01-12,TMIN,-197
CHM00056046,2007-07-18,TMIN,86
CHM00056046,2007-07-18,TMAX,178
CHM00052889,2008-12-08,TMIN,-64
CHM00056080,2006-01-04,TMAX,-74
CHM00056046,2013-04-22,TMIN,-14
CHM00056080,2006-01-04,TMIN,-139
CHM00056080,2013-03-14,TMAX,140
CHM00056046,2012-01-12,TMAX,-46
CHM00052983,2012-04-29,TMAX,248
CHM00052983,2013-02-15,TMAX,76
CHM00052983,2012-04-29,TMIN,89
CHM00056080,2007-11-04,TMIN,-91
CHM00056080,2011-09-15,TMIN,36
CHM00056046,2005-03-01,TMIN,-102
CHM00056080,2013-03-14,TMIN,-50
CHM00052983,2014-04-01,TMAX,148
CHM00056046,2015-09-12,TMAX,102
CHM00056080,2006-08-31,TMIN,121
CHM00052889,2005-02-04,TMIN,-111
CHM00052889,2007-12-18,TMAX,55
CHM00056046,2012-09-07,TMIN,58
CHM00056080,2011-06-29,TMIN,79
CHM00052889,2006-10-28,TMIN,-13
CHM00052889,2006-09-03,TMAX,253
CHM00056080,2010-05-20,TMAX,140
CHM00056046,2005-02-22,TMAX,25
CHM00056046,2013-04-09,TMIN,-89
CHM00056080,2010-05-20,TMIN,48
CHM00056046,2005-02-22,TMIN,-152
CHM00052983,2006-08-07,TMAX,322
CHM00056080,2009-09-02,TMIN,77
CHM00056080,2011-06-29,TMAX,200
CHM00052889,2006-09-03,TMIN,146
CHM00052983,2012-11-06,TMIN,-42
CHM00052983,2012-11-06,TMAX,74
CHM00052889,2005-02-04,TMAX,30
CHM00052983,2006-08-07,TMIN,142
CHM00052889,2007-12-18,TMIN,-51
CHM00056080,2008-08-15,TMIN,98
CHM00056046,2007-07-30,TMAX,165
CHM00052889,2005-11-22,TMIN,-40
CHM00056046,2007-07-30,TMIN,26
CHM00056046,2009-03-23,TMIN,-94
CHM00052983,2009-03-19,TMAX,208
CHM00056046,2008-02-08,TMAX,19
CHM00056080,2005-12-27,TMAX,52
CHM00056046,2015-09-29,TMIN,19
CHM00056046,2012-06-04,TMAX,99
CHM00056046,2013-04-09,TMAX,39
CHM00052889,2006-10-28,TMAX,171
CHM00056046,2012-06-04,TMIN,20
CHM00052983,2010-06-04,TMAX,232
CHM00052983,2011-08-18,TMIN,125
CHM00056046,2012-09-07,TMAX,150
CHM00052983,2011-08-18,TMAX,160
CHM00052983,2010-06-04,TMIN,79
CHM00056080,2008-08-15,TMAX,163
CHM00056046,2005-09-01,TMAX,143
CHM00056046,2005-09-01,TMIN,82
CHM00052983,2012-05-29,TMAX,223
CHM00052889,2005-09-03,TMAX,295
CHM00052889,2006-11-01,TMAX,164
CHM00052983,2012-06-10,TMAX,262
CHM00052983,2007-04-23,TMAX,104
CHM00052889,2006-11-01,TMIN,-25
CHM00056080,2007-06-13,TMAX,208
CHM00056080,2007-06-13,TMIN,41
CHM00052983,2008-11-04,TMIN,-9
CHM00056046,2006-08-31,TMAX,179
CHM00052983,2008-11-04,TMAX,128
CHM00056080,2006-09-15,TMIN,-6
CHM00056080,2006-09-15,TMAX,187
CHM00052983,2013-02-23,TMAX,66
CHM00052983,2013-02-23,TMIN,-42
CHM00056080,2010-05-23,TMIN,8
CHM00052983,2006-11-12,TMIN,-27
CHM00052983,2006-11-30,TMIN,-103
CHM00056046,2008-09-25,TMAX,178
CHM00056080,2005-03-01,TMAX,-11
CHM00052983,2006-07-30,TMAX,273
CHM00052889,2008-08-20,TMIN,164
CHM00052983,2012-04-19,TMAX,145
CHM00056046,2009-03-18,TMAX,34
CHM00056080,2009-09-02,TMAX,227
CHM00056080,2006-10-28,TMAX,84
CHM00052983,2007-08-02,TMIN,103
CHM00056080,2006-10-28,TMIN,6
CHM00052983,2012-05-29,TMIN,25
CHM00056080,2005-03-01,TMIN,-107
CHM00052889,2005-11-22,TMAX,3
CHM00056080,2005-01-29,TMAX,35
CHM00052889,2005-09-03,TMIN,103
CHM00056046,2013-10-17,TMAX,62
CHM00052983,2007-04-23,TMIN,55
CHM00052983,2007-08-02,TMAX,291
CHM00056046,2009-03-18,TMIN,-100
CHM00052889,2008-08-20,TMAX,279
CHM00056046,2008-09-25,TMIN,38
CHM00052983,2013-10-26,TMIN,6
CHM00056080,2005-01-29,TMIN,-128
CHM00052983,2010-01-30,TMAX,47
CHM00056046,2009-03-23,TMAX,33
CHM00052983,2007-11-05,TMIN,-26
CHM00052983,2014-06-29,TMAX,254
CHM00052889,2008-03-21,TMIN,59
CHM00056080,2005-12-25,TMAX,43
CHM00052889,2008-06-07,TMIN,119
CHM00052889,2008-06-07,TMAX,252
CHM00052889,2008-07-09,TMIN,199
CHM00056080,2009-01-03,TMIN,-176
CHM00056080,2009-01-03,TMAX,9
CHM00056046,2008-06-22,TMIN,43
CHM00056046,2008-06-22,TMAX,137
CHM00052983,2005-10-23,TMIN,-19
CHM00056080,2005-12-25,TMIN,-158
CHM00052983,2005-10-23,TMAX,132
CHM00052983,2009-12-29,TMAX,-1
CHM00052983,2014-06-29,TMIN,82
CHM00052983,2009-12-29,TMIN,-146
CHM00052983,2011-02-11,TMIN,-54
CHM00056046,2013-07-05,TMIN,45
CHM00052983,2011-02-11,TMAX,59
CHM00056046,2013-07-05,TMAX,187
CHM00052889,2008-03-21,TMAX,123
CHM00056046,2005-02-11,TMAX,-9
CHM00056046,2005-01-29,TMAX,-6
CHM00056080,2006-11-04,TMIN,-67
CHM00056080,2008-11-07,TMIN,-100
CHM00056046,2006-08-10,TMIN,31
CHM00056080,2007-07-25,TMIN,37
CHM00056080,2007-07-25,TMAX,236
CHM00056046,2005-01-29,TMIN,-170
CHM00056046,2014-05-28,TMAX,114
CHM00052983,2014-01-03,TMIN,-149
CHM00056046,2010-01-02,TMIN,-221
CHM00056046,2010-01-02,TMAX,-28
CHM00052983,2014-01-03,TMAX,12
CHM00052983,2014-05-14,TMAX,116
CHM00052983,2015-04-04,TMIN,0
CHM00052983,2005-03-06,TMIN,-53
CHM00052983,2005-03-06,TMAX,96
CHM00056080,2010-05-23,TMAX,229
CHM00052889,2008-07-09,TMAX,348
CHM00056046,2011-04-04,TMIN,-51
CHM00056046,2008-03-17,TMIN,-96
CHM00052983,2005-12-13,TMAX,-40
CHM00056046,2010-02-20,TMIN,-211
CHM00056046,2010-02-20,TMAX,10
CHM00052983,2015-12-22,TMIN,-135
CHM00052983,2008-04-13,TMAX,169
CHM00052983,2007-11-05,TMAX,109
CHM00052983,2011-04-03,TMAX,139
CHM00052983,2011-04-03,TMIN,3
CHM00056080,2005-12-27,TMIN,-184
CHM00052983,2012-05-10,TMAX,215
CHM00052983,2012-04-24,TMAX,162
CHM00056046,2009-12-17,TMAX,-17
CHM00052983,2009-03-19,TMIN,8
CHM00056046,2013-10-17,TMIN,-25
CHM00056080,2012-12-31,TMAX,8
CHM00056080,2012-12-31,TMIN,-247
CHM00056046,2009-12-17,TMIN,-190
CHM00052983,2008-04-13,TMIN,0
CHM00052983,2009-04-03,TMIN,36
CHM00052983,2009-04-03,TMAX,141
CHM00056046,2008-02-11,TMIN,-151
CHM00056046,2011-04-04,TMAX,100
CHM00056080,2011-03-30,TMAX,146
CHM00056080,2011-03-30,TMIN,-50
CHM00056046,2008-03-17,TMAX,48
CHM00052983,2006-11-09,TMAX,143
CHM00052983,2006-11-09,TMIN,-6
CHM00056046,2006-08-10,TMAX,221
CHM00056080,2008-11-07,TMAX,74
CHM00056046,2008-02-08,TMIN,-240
CHM00056080,2005-12-17,TMAX,25
CHM00052983,2011-04-27,TMAX,221
CHM00052983,2011-04-27,TMIN,79
CHM00052983,2008-06-17,TMIN,67
CHM00056046,2008-02-11,TMAX,-28
CHM00056080,2013-07-01,TMIN,109
CHM00052983,2012-06-07,TMAX,245
CHM00052983,2008-06-17,TMAX,263
CHM00052983,2012-06-07,TMIN,133
CHM00056080,2005-12-17,TMIN,-184
CHM00052983,2006-11-30,TMAX,19
CHM00056046,2009-08-15,TMAX,145
CHM00056046,2009-08-15,TMIN,17
CHM00056046,2006-12-10,TMIN,-131
CHM00056046,2005-01-27,TMIN,-177
CHM00056080,2005-09-01,TMAX,168
CHM00056080,2005-09-01,TMIN,106
CHM00056046,2005-12-27,TMIN,-235
CHM00052889,2008-06-06,TMAX,249
CHM00056046,2005-12-27,TMAX,-11
CHM00056080,2011-01-28,TMAX,-42
CHM00056046,2005-01-27,TMAX,-12
CHM00052889,2008-06-06,TMIN,135
CHM00052889,2008-12-05,TMIN,-101
CHM00056080,2007-06-01,TMAX,171
CHM00056046,2007-07-25,TMIN,-3
CHM00056080,2007-06-01,TMIN,44
CHM00056046,2011-01-17,TMIN,-166
CHM00056046,2007-07-25,TMAX,183
CHM00056080,2012-08-23,TMIN,40
CHM00052983,2013-04-10,TMAX,138
CHM00052983,2011-12-06,TMAX,-10
CHM00056080,2006-07-21,TMAX,243
CHM00052983,2013-04-10,TMIN,-44
CHM00056046,2005-11-22,TMAX,-27
CHM00056080,2009-03-08,TMAX,82
CHM00052889,2008-08-23,TMAX,280
CHM00056080,2006-09-22,TMAX,156
CHM00056080,2006-09-22,TMIN,42
CHM00052983,2005-10-29,TMIN,-38
CHM00052983,2005-10-29,TMAX,111
CHM00056046,2005-11-22,TMIN,-122
CHM00052983,2008-06-10,TMAX,261
CHM00052983,2006-08-21,TMAX,250
CHM00052983,2006-08-21,TMIN,78
CHM00052983,2011-02-10,TMIN,-72
CHM00052983,2013-10-08,TMIN,32
CHM00052983,2011-02-10,TMAX,68
CHM00052983,2008-06-10,TMIN,90
CHM00052889,2008-08-23,TMIN,143
CHM00056080,2011-01-28,TMIN,-226
CHM00056080,2006-07-21,TMIN,137
CHM00052889,2008-12-05,TMAX,11
CHM00056046,2011-01-17,TMAX,-65
CHM00052983,2014-01-13,TMIN,-161
CHM00056080,2009-07-18,TMAX,258
CHM00056080,2008-09-23,TMAX,198
CHM00056080,2012-08-23,TMAX,217
CHM00056080,2008-09-23,TMIN,71
CHM00052983,2013-11-07,TMIN,-33
CHM00056080,2009-07-18,TMIN,75
CHM00056080,2012-06-18,TMAX,212
CHM00056080,2007-07-30,TMAX,205
CHM00052983,2011-06-24,TMIN,113
CHM00052983,2011-06-24,TMAX,301
CHM00056080,2015-09-13,TMAX,183
CHM00052983,2008-09-24,TMAX,134
CHM00056080,2005-11-22,TMAX,2
CHM00056080,2006-08-31,TMAX,177
CHM00056080,2014-05-31,TMAX,229
CHM00056080,2005-11-22,TMIN,-84
CHM00052889,2007-04-30,TMAX,227
CHM00056046,2014-11-27,TMAX,-6
CHM00056080,2014-11-28,TMAX,106
CHM00056080,2014-11-28,TMIN,-118
CHM00052983,2007-05-14,TMAX,183
CHM00052889,2006-12-07,TMIN,-46
CHM00052889,2006-12-07,TMAX,6
CHM00056046,2007-11-27,TMAX,-15
CHM00056046,2006-09-20,TMAX,174
CHM00056046,2007-11-27,TMIN,-190
CHM00056046,2006-11-24,TMAX,-39
CHM00056046,2006-11-24,TMIN,-110
CHM00056080,2009-12-17,TMAX,32
CHM00056046,2014-12-30,TMIN,-277
CHM00056080,2009-12-17,TMIN,-180
CHM00056080,2009-08-15,TMAX,219
CHM00056080,2011-05-08,TMIN,81
CHM00056046,2006-09-10,TMAX,135
CHM00056046,2006-09-10,TMIN,0
CHM00056046,2009-09-02,TMIN,56
CHM00056080,2009-08-15,TMIN,62
CHM00056046,2009-09-02,TMAX,147
CHM00052983,2007-05-14,TMIN,90
CHM00056080,2011-05-08,TMAX,184
CHM00056046,2008-08-25,TMAX,170
CHM00056046,2008-11-09,TMAX,53
CHM00056046,2008-11-09,TMIN,-122
CHM00052983,2011-12-10,TMAX,-25
CHM00056046,2009-04-14,TMAX,95
CHM00056046,2006-09-22,TMIN,31
CHM00052983,2011-12-10,TMIN,-162
CHM00056046,2009-04-14,TMIN,-52
CHM00056046,2006-09-25,TMIN,52
CHM00052889,2005-01-18,TMIN,-177
CHM00056046,2008-07-09,TMAX,153
CHM00056046,2008-07-09,TMIN,65
CHM00056046,2014-04-29,TMAX,67
CHM00052889,2005-01-18,TMAX,6
CHM00056080,2015-03-29,TMIN,-57
CHM00056046,2014-04-29,TMIN,-60
CHM00056046,2013-10-13,TMIN,-32
CHM00052983,2005-11-05,TMAX,107
CHM00052889,2005-02-11,TMIN,-112
CHM00052889,2005-02-11,TMAX,51
CHM00056046,2008-11-14,TMIN,-96
CHM00056080,2005-02-22,TMIN,-162
CHM00056046,2006-09-22,TMAX,153
CHM00056080,2005-02-22,TMAX,91
CHM00056080,2005-01-27,TMIN,-120
CHM00056080,2005-01-27,TMAX,63
CHM00052889,2005-11-11,TMIN,-53
CHM00052889,2005-11-11,TMAX,140
CHM00056080,2014-01-19,TMAX,-8
CHM00056046,2007-12-04,TMAX,10
CHM00052983,2006-11-12,TMAX,128
CHM00052983,2012-05-03,TMAX,163
CHM00056046,2009-12-22,TMAX,-16
CHM00056080,2013-11-02,TMIN,-78
CHM00056046,2006-08-31,TMIN,65
CHM00056080,2013-11-02,TMAX,29
CHM00052983,2012-08-20,TMAX,255
CHM00052983,2009-01-17,TMAX,40
CHM00056046,2007-12-25,TMIN,-171
CHM00056046,2007-12-25,TMAX,58
CHM00056046,2006-09-25,TMAX,173
CHM00056046,2008-11-14,TMAX,41
CHM00056046,2007-12-04,TMIN,-145
CHM00056080,2007-07-30,TMIN,55
CHM00056046,2009-12-22,TMIN,-169
CHM00056046,2007-07-06,TMIN,83
CHM00052983,2005-10-18,TMAX,75
CHM00056046,2008-11-02,TMAX,18
CHM00056046,2008-11-02,TMIN,-128
CHM00052889,2007-12-03,TMIN,-48
CHM00052889,2007-12-03,TMAX,44
CHM00052983,2008-07-10,TMAX,260
CHM00056046,2008-08-25,TMIN,3
CHM00052983,2005-08-21,TMIN,115
CHM00056046,2006-09-15,TMIN,-46
CHM00052983,2005-08-21,TMAX,251
CHM00056046,2006-09-15,TMAX,143
CHM00056080,2009-04-08,TMIN,-29
CHM00056080,2009-03-08,TMIN,-39
CHM00056046,2014-12-30,TMAX,-56
CHM00056046,2006-12-10,TMAX,-29
CHM00056080,2014-12-27,TMAX,-15
CHM00052983,2015-09-11,TMAX,146
CHM00056080,2013-01-08,TMAX,-60
CHM00052983,2015-04-16,TMIN,39
CHM00052983,2015-04-16,TMAX,237
CHM00052983,2008-07-10,TMIN,129
CHM00056046,2012-10-26,TMAX,59
CHM00052889,2006-01-04,TMAX,-66
CHM00052889,2006-01-04,TMIN,-117
CHM00056046,2012-10-26,TMIN,-107
CHM00052983,2013-08-26,TMIN,156
CHM00056080,2010-05-21,TMIN,23
CHM00056080,2014-01-15,TMAX,47
CHM00052983,2005-10-18,TMIN,56
CHM00056046,2007-07-06,TMAX,153
CHM00056080,2010-05-21,TMAX,89
CHM00056080,2014-09-01,TMAX,124
CHM00056046,2007-11-04,TMAX,49
CHM00056046,2007-11-04,TMIN,-142
CHM00056046,2010-10-14,TMIN,-47
CHM00056046,2010-10-14,TMAX,86
CHM00056046,2011-03-21,TMAX,-31
CHM00052983,2005-09-12,TMAX,157
CHM00056046,2011-03-21,TMIN,-96
CHM00056080,2009-04-08,TMAX,215
CHM00056080,2005-08-16,TMAX,126
CHM00052983,2006-12-01,TMAX,35
CHM00052983,2006-12-01,TMIN,-104
CHM00056046,2005-09-25,TMAX,98
CHM00052983,2006-09-11,TMAX,187
CHM00052983,2008-08-15,TMAX,196
CHM00056046,2006-09-28,TMAX,118
CHM00056046,2006-09-28,TMIN,36
CHM00056080,2008-07-05,TMIN,9
CHM00052983,2008-08-15,TMIN,109
CHM00056080,2014-04-18,TMAX,79
CHM00052983,2013-12-30,TMAX,0
CHM00056080,2010-01-29,TMIN,-147
CHM00056080,2013-03-18,TMAX,102
CHM00056046,2011-08-20,TMIN,89
CHM00056046,2011-08-20,TMAX,154
CHM00056046,2005-12-12,TMIN,-217
CHM00052983,2009-12-10,TMAX,18
CHM00056080,2006-09-09,TMAX,123
CHM00056046,2011-04-25,TMIN,-56
CHM00052983,2006-09-21,TMAX,207
CHM00056046,2005-12-12,TMAX,-20
CHM00056080,2008-07-05,TMAX,207
CHM00052983,2012-04-16,TMAX,164
CHM00052983,2011-01-16,TMAX,-59
CHM00052983,2008-02-01,TMAX,-41
CHM00052983,2008-02-01,TMIN,-207
CHM00052983,2008-11-03,TMAX,137
CHM00056080,2013-03-18,TMIN,-75
CHM00056080,2008-11-05,TMAX,31
CHM00056080,2008-11-05,TMIN,-39
CHM00056080,2014-02-16,TMAX,-73
CHM00052983,2013-08-09,TMIN,114
CHM00056046,2010-01-27,TMAX,-16
CHM00056046,2005-09-25,TMIN,21
CHM00056046,2007-11-14,TMAX,37
CHM00056046,2007-11-14,TMIN,-138
CHM00056046,2010-01-27,TMIN,-238
CHM00052983,2014-09-14,TMIN,80
CHM00056046,2009-04-13,TMIN,-45
CHM00052983,2008-11-03,TMIN,-27
CHM00056046,2009-04-13,TMAX,65
CHM00052983,2011-01-16,TMIN,-190
CHM00056046,2010-06-05,TMAX,117
CHM00056046,2010-06-05,TMIN,-9
CHM00052983,2014-12-07,TMIN,-99
CHM00056046,2012-09-25,TMAX,110
CHM00052983,2014-12-07,TMAX,48
CHM00056080,2008-07-03,TMAX,204
CHM00056080,2008-07-03,TMIN,86
CHM00052983,2005-10-20,TMAX,72
CHM00052983,2013-12-30,TMIN,-162
CHM00052983,2009-07-03,TMAX,264
CHM00052983,2009-07-03,TMIN,114
CHM00052983,2008-10-02,TMAX,220
CHM00056080,2005-01-26,TMIN,-124
CHM00052983,2013-03-30,TMAX,192
CHM00052983,2013-03-30,TMIN,23
CHM00056080,2005-01-26,TMAX,68
CHM00056046,2012-01-04,TMAX,-74
CHM00056046,2012-01-04,TMIN,-276
CHM00056046,2010-08-08,TMAX,218
CHM00056046,2010-08-01,TMIN,54
CHM00056046,2010-08-01,TMAX,225
CHM00056080,2010-01-29,TMAX,72
CHM00052983,2008-10-02,TMIN,85
CHM00056046,2011-04-25,TMAX,91
CHM00056080,2007-07-04,TMAX,188
CHM00056046,2012-09-25,TMIN,20
CHM00056080,2007-07-04,TMIN,100
CHM00052983,2007-04-22,TMIN,31
CHM00052983,2007-04-22,TMAX,218
CHM00056080,2008-04-12,TMAX,65
CHM00052983,2007-05-29,TMAX,255
CHM00056046,2015-08-13,TMIN,22
CHM00052983,2009-12-10,TMIN,-72
CHM00052889,2007-06-28,TMAX,290
CHM00052889,2007-06-28,TMIN,162
CHM00056080,2008-04-12,TMIN,-13
CHM00056080,2014-12-12,TMIN,-206
CHM00056080,2014-12-12,TMAX,0
CHM00052889,2008-09-24,TMIN,135
CHM00056046,2007-05-22,TMIN,28
CHM00056080,2010-07-21,TMAX,247
CHM00052889,2008-09-24,TMAX,168
CHM00056046,2010-08-08,TMIN,76
CHM00052983,2007-12-18,TMIN,-99
CHM00052983,2012-05-05,TMIN,80
CHM00056080,2010-08-04,TMAX,187
CHM00052889,2008-04-11,TMIN,51
CHM00052983,2012-06-18,TMAX,281
CHM00056046,2015-07-31,TMIN,21
CHM00052983,2008-07-11,TMIN,132
CHM00056046,2015-03-18,TMIN,-112
CHM00052983,2008-07-11,TMAX,250
CHM00056080,2012-05-07,TMAX,160
CHM00052983,2012-06-18,TMIN,114
CHM00056080,2012-05-07,TMIN,27
CHM00052983,2008-10-06,TMAX,180
CHM00056046,2007-05-23,TMIN,44
CHM00056046,2006-08-05,TMIN,-2
CHM00052889,2008-11-17,TMIN,4
CHM00052889,2008-11-17,TMAX,52
CHM00056046,2006-08-05,TMAX,190
CHM00052983,2014-03-03,TMAX,51
CHM00052889,2008-04-11,TMAX,166
CHM00056046,2007-05-23,TMAX,99
CHM00056080,2007-07-13,TMAX,165
CHM00056080,2005-12-12,TMAX,51
CHM00052983,2009-04-10,TMAX,225
CHM00056046,2005-12-14,TMAX,-30
CHM00056080,2014-12-28,TMAX,32
CHM00052889,2008-06-15,TMIN,152
CHM00052889,2008-06-15,TMAX,270
CHM00052889,2007-11-11,TMIN,19
CHM00052889,2007-11-11,TMAX,141
CHM00056080,2014-12-28,TMIN,-180
CHM00056046,2015-12-23,TMIN,-178
CHM00052983,2008-09-25,TMAX,110
CHM00056046,2005-12-14,TMIN,-221
CHM00056080,2013-12-20,TMAX,-55
CHM00056080,2013-12-20,TMIN,-143
CHM00052983,2009-08-27,TMAX,255
CHM00052983,2009-08-27,TMIN,95
CHM00056080,2007-07-13,TMIN,42
CHM00056080,2005-12-12,TMIN,-135
CHM00056080,2010-08-04,TMIN,87
CHM00052983,2014-08-28,TMAX,264
CHM00056046,2015-02-26,TMAX,88
CHM00056046,2011-09-18,TMIN,61
CHM00052889,2005-09-04,TMIN,146
CHM00056046,2010-12-09,TMAX,44
CHM00056046,2010-12-09,TMIN,-214
CHM00056046,2007-05-26,TMIN,-1
CHM00056046,2011-09-18,TMAX,159
CHM00056080,2006-09-09,TMIN,40
CHM00052889,2005-12-19,TMAX,-2
CHM00052983,2012-05-05,TMAX,204
CHM00052889,2005-12-19,TMIN,-178
CHM00056046,2009-09-03,TMAX,156
CHM00056046,2011-12-08,TMIN,-106
CHM00056046,2007-05-26,TMAX,92
CHM00052983,2010-02-17,TMIN,-135
CHM00052983,2010-02-17,TMAX,-11
CHM00056046,2007-05-22,TMAX,216
CHM00052983,2006-09-21,TMIN,76
CHM00056046,2013-12-23,TMIN,-174
CHM00056080,2010-07-21,TMIN,99
CHM00052983,2007-12-18,TMAX,42
CHM00056080,2013-02-08,TMAX,-38
CHM00056046,2011-08-15,TMAX,209
CHM00056046,2015-02-26,TMIN,-115
CHM00056046,2007-12-20,TMIN,-142
CHM00056046,2015-12-19,TMAX,-74
CHM00056046,2007-12-20,TMAX,-9
CHM00052983,2008-10-06,TMIN,43
CHM00052889,2005-09-04,TMAX,191
CHM00056080,2011-09-12,TMIN,56
CHM00052983,2014-08-28,TMIN,114
CHM00056046,2013-12-23,TMAX,-15
CHM00056046,2009-09-03,TMIN,73
CHM00056046,2012-06-19,TMIN,44
CHM00052889,2007-07-08,TMAX,329
CHM00056046,2013-05-04,TMIN,-10
CHM00056046,2012-06-19,TMAX,168
CHM00056046,2011-12-08,TMAX,31
CHM00056046,2013-05-04,TMAX,112
CHM00056080,2011-09-12,TMAX,164
CHM00056046,2011-08-15,TMIN,49
CHM00052889,2007-07-08,TMIN,180
CHM00056080,2014-09-27,TMAX,73
CHM00052889,2007-07-05,TMIN,192
CHM00052889,2006-09-04,TMAX,147
CHM00056080,2012-10-23,TMAX,70
CHM00052983,2005-12-08,TMAX,38
CHM00056080,2012-10-23,TMIN,-4
CHM00056080,2007-05-20,TMIN,39
CHM00056080,2007-05-20,TMAX,237
CHM00052983,2005-12-08,TMIN,-110
CHM00056046,2013-07-07,TMIN,63
CHM00056080,2015-09-21,TMIN,15
CHM00052983,2009-09-04,TMAX,209
CHM00052983,2010-12-04,TMIN,-84
CHM00052983,2009-09-04,TMIN,138
CHM00056080,2010-02-09,TMIN,-63
CHM00052983,2010-12-04,TMAX,131
CHM00052983,2009-01-06,TMAX,-20
CHM00056080,2015-09-21,TMAX,195
CHM00052983,2009-12-31,TMAX,22
CHM00052889,2007-07-23,TMIN,172
CHM00056080,2005-12-14,TMAX,23
CHM00052889,2007-07-23,TMAX,288
CHM00052983,2010-02-20,TMIN,-95
CHM00056080,2011-09-24,TMIN,50
CHM00052983,2008-10-05,TMAX,177
CHM00052889,2005-09-20,TMIN,108
CHM00052983,2015-04-02,TMIN,8
CHM00056046,2010-11-25,TMIN,-179
CHM00056046,2010-08-07,TMIN,30
CHM00056046,2006-09-09,TMIN,-21
CHM00056046,2005-09-23,TMAX,136
CHM00056046,2006-09-09,TMAX,136
CHM00052983,2010-02-20,TMAX,127
CHM00052889,2006-08-05,TMIN,121
CHM00052889,2006-08-05,TMAX,333
CHM00052983,2014-09-13,TMAX,177
CHM00056046,2005-09-23,TMIN,6
CHM00056046,2005-01-26,TMIN,-180
CHM00056046,2005-01-26,TMAX,-20
CHM00056080,2012-10-25,TMAX,106
CHM00056080,2012-10-25,TMIN,-29
CHM00056080,2011-09-24,TMAX,101
CHM00052983,2015-09-12,TMIN,29
CHM00056080,2005-12-14,TMIN,-185
CHM00056046,2013-08-08,TMAX,174
CHM00056080,2007-11-03,TMIN,-76
CHM00052889,2007-11-08,TMAX,146
CHM00056046,2015-08-05,TMIN,27
CHM00052983,2011-01-29,TMAX,-60
CHM00052983,2011-01-29,TMIN,-194
CHM00056080,2011-08-18,TMIN,85
CHM00056080,2011-08-18,TMAX,158
CHM00056080,2007-11-03,TMAX,52
CHM00056046,2007-07-13,TMIN,8
CHM00056046,2007-07-13,TMAX,133
CHM00056080,2007-11-14,TMAX,131
CHM00052889,2005-09-14,TMAX,167
CHM00056080,2006-08-15,TMIN,59
CHM00052889,2005-09-14,TMIN,121
CHM00056080,2012-01-04,TMAX,-22
CHM00056080,2007-11-14,TMIN,-88
CHM00056080,2006-08-15,TMAX,235
CHM00052889,2007-11-08,TMIN,0
CHM00056046,2014-12-18,TMIN,-237
CHM00052983,2012-05-11,TMAX,187
CHM00052983,2009-08-20,TMIN,116
CHM00056080,2008-06-17,TMIN,12
CHM00056080,2010-02-09,TMAX,168
CHM00056046,2013-08-08,TMIN,-4
CHM00056046,2005-12-19,TMAX,-5
CHM00052983,2013-05-11,TMIN,45
CHM00052983,2011-06-20,TMIN,109
CHM00052983,2011-06-20,TMAX,275
CHM00056046,2014-12-18,TMAX,-91
CHM00052983,2008-10-05,TMIN,33
CHM00056080,2010-10-19,TMAX,147
CHM00056080,2010-10-19,TMIN,1
CHM00056080,2008-06-17,TMAX,234
CHM00056046,2013-10-08,TMIN,-95
CHM00056046,2010-11-20,TMIN,-166
CHM00052983,2009-08-20,TMAX,200
CHM00056046,2007-07-17,TMIN,72
CHM00056046,2007-07-17,TMAX,203
CHM00056046,2005-12-19,TMIN,-193
CHM00056046,2010-11-20,TMAX,41
CHM00056080,2010-10-20,TMIN,-34
CHM00056080,2015-08-17,TMIN,88
CHM00052983,2007-05-12,TMIN,32
CHM00056046,2013-05-19,TMAX,100
CHM00056046,2010-01-04,TMAX,22
CHM00056080,2010-10-20,TMAX,175
CHM00052983,2015-12-04,TMIN,-89
CHM00056080,2010-01-15,TMAX,73
CHM00056046,2010-01-04,TMIN,-203
CHM00056080,2008-09-27,TMAX,86
CHM00056080,2010-01-15,TMIN,-165
CHM00056080,2008-09-27,TMIN,47
CHM00056046,2010-05-15,TMIN,5
CHM00056080,2009-12-21,TMIN,-192
CHM00056046,2008-09-05,TMIN,-27
CHM00056046,2008-09-05,TMAX,134
CHM00056046,2012-10-29,TMAX,42
CHM00056080,2008-03-14,TMIN,-72
CHM00056080,2008-03-14,TMAX,132
CHM00056046,2012-10-29,TMIN,-61
CHM00056080,2014-07-06,TMIN,109
CHM00052889,2005-11-05,TMIN,-9
CHM00056046,2010-05-23,TMIN,-22
CHM00056080,2007-07-17,TMAX,203
CHM00052983,2006-12-10,TMAX,-22
CHM00052889,2007-07-05,TMAX,261
CHM00056046,2012-01-10,TMAX,-39
CHM00052983,2006-12-10,TMIN,-118
CHM00056046,2005-08-22,TMAX,131
CHM00056046,2012-05-13,TMIN,-3
CHM00052983,2005-09-22,TMIN,61
CHM00056046,2012-01-10,TMIN,-139
CHM00052983,2005-09-22,TMAX,208
CHM00052889,2006-09-04,TMIN,86
CHM00056046,2012-05-13,TMAX,83
CHM00056080,2014-07-06,TMAX,244
CHM00052889,2006-11-25,TMAX,17
CHM00052983,2010-02-01,TMAX,57
CHM00052983,2010-02-01,TMIN,-112
CHM00052889,2006-11-25,TMIN,-22
CHM00056080,2007-07-17,TMIN,142
CHM00056046,2005-08-22,TMIN,38
CHM00056080,2009-12-21,TMAX,63
CHM00052889,2005-11-05,TMAX,119
CHM00056046,2013-02-25,TMAX,57
CHM00052889,2005-09-07,TMIN,81
CHM00056080,2011-05-26,TMIN,8
CHM00056080,2012-05-12,TMAX,146
CHM00052983,2013-04-07,TMAX,149
CHM00056046,2005-10-18,TMIN,-33
CHM00056080,2005-09-16,TMIN,54
CHM00056080,2015-07-31,TMIN,66
CHM00056080,2008-06-22,TMIN,72
CHM00056080,2011-05-26,TMAX,179
CHM00056046,2010-08-07,TMAX,211
CHM00056046,2005-10-23,TMIN,-91
CHM00056046,2005-10-23,TMAX,20
CHM00052889,2005-09-06,TMIN,78
CHM00052889,2005-09-06,TMAX,282
CHM00052983,2007-05-12,TMAX,230
CHM00056046,2010-08-04,TMIN,93
CHM00056046,2010-11-25,TMAX,53
CHM00056080,2008-07-10,TMAX,232
CHM00056080,2008-07-10,TMIN,83
CHM00056080,2005-09-16,TMAX,156
CHM00056046,2005-10-18,TMAX,130
CHM00052983,2015-09-27,TMIN,69
CHM00056046,2010-05-23,TMAX,169
CHM00052983,2006-11-19,TMIN,-50
CHM00052983,2006-11-19,TMAX,87
CHM00052889,2005-09-07,TMAX,283
CHM00052983,2013-04-07,TMIN,4
CHM00056046,2010-05-15,TMAX,143
CHM00052983,2006-09-27,TMAX,168
CHM00056046,2010-08-04,TMAX,195
CHM00056046,2008-07-06,TMIN,-11
CHM00056080,2015-03-04,TMAX,-47
CHM00056046,2014-10-02,TMAX,126
CHM00056046,2014-10-02,TMIN,-46
CHM00056080,2008-06-22,TMAX,173
CHM00056046,2013-02-25,TMIN,-115
CHM00052983,2013-04-26,TMAX,274
CHM00052983,2013-04-26,TMIN,50
CHM00056080,2012-05-12,TMIN,10
CHM00056046,2008-07-06,TMAX,149
CHM00056080,2015-09-09,TMIN,69
CHM00052983,2007-11-25,TMAX,16
CHM00052889,2008-08-25,TMAX,312
CHM00056046,2013-08-06,TMIN,41
CHM00056080,2005-11-04,TMAX,140
CHM00056046,2011-06-02,TMAX,171
CHM00052983,2005-10-28,TMAX,102
CHM00052983,2006-12-09,TMIN,-122
CHM00052983,2006-12-09,TMAX,-15
CHM00056046,2011-06-21,TMAX,187
CHM00052983,2012-09-01,TMAX,169
CHM00056046,2015-04-15,TMIN,-85
CHM00056080,2012-06-19,TMIN,27
CHM00056046,2015-04-15,TMAX,142
CHM00052983,2005-10-22,TMAX,83
CHM00056080,2009-07-07,TMAX,207
CHM00056080,2012-06-19,TMAX,201
CHM00052983,2005-10-22,TMIN,-5
CHM00056080,2011-02-17,TMIN,-104
CHM00056080,2009-07-07,TMIN,125
CHM00056080,2011-11-22,TMAX,74
CHM00052983,2014-07-02,TMIN,103
CHM00056080,2007-06-30,TMIN,84
CHM00056080,2011-11-22,TMIN,-96
CHM00056046,2012-04-30,TMAX,112
CHM00056046,2006-08-29,TMAX,214
CHM00056046,2012-04-30,TMIN,-21
CHM00052889,2008-01-30,TMIN,-178
CHM00056080,2015-07-29,TMIN,56
CHM00052983,2005-08-26,TMAX,248
CHM00052983,2005-08-26,TMIN,86
CHM00056080,2007-05-08,TMAX,169
CHM00056080,2007-05-08,TMIN,39
CHM00056080,2012-10-30,TMIN,-31
CHM00056080,2005-10-23,TMIN,-38
CHM00056080,2013-08-02,TMAX,215
CHM00056080,2014-10-01,TMAX,179
CHM00052889,2007-12-25,TMIN,-30
CHM00056080,2005-10-23,TMAX,94
CHM00052889,2007-12-25,TMAX,55
CHM00056046,2011-06-02,TMIN,21
CHM00056080,2007-06-30,TMAX,196
CHM00056080,2011-02-17,TMAX,-22
CHM00052983,2014-07-02,TMAX,263
CHM00056046,2008-07-05,TMAX,130
CHM00056080,2013-10-08,TMIN,-44
CHM00056080,2013-10-08,TMAX,191
CHM00052983,2005-11-01,TMIN,-31
CHM00052983,2010-02-11,TMAX,-48
CHM00052983,2009-12-25,TMAX,38
CHM00052983,2009-12-25,TMIN,-138
CHM00056080,2005-02-03,TMIN,-148
CHM00056080,2005-02-03,TMAX,80
CHM00056046,2010-10-19,TMIN,-68
CHM00052889,2007-11-18,TMIN,-17
CHM00052889,2007-11-18,TMAX,99
CHM00056046,2008-04-12,TMAX,49
CHM00056046,2008-04-12,TMIN,-30
CHM00052983,2005-09-15,TMAX,181
CHM00052889,2007-07-19,TMAX,225
CHM00056046,2008-04-10,TMIN,-38
CHM00056046,2008-04-10,TMAX,66
CHM00056046,2015-03-04,TMIN,-91
CHM00056080,2011-06-28,TMIN,58
CHM00056080,2011-06-28,TMAX,266
CHM00056046,2010-10-19,TMAX,82
CHM00056046,2008-07-05,TMIN,-20
CHM00052983,2010-02-11,TMIN,-166
CHM00056046,2012-08-28,TMIN,13
CHM00056046,2011-06-21,TMIN,77
CHM00052983,2005-11-01,TMAX,147
CHM00056046,2015-03-04,TMAX,19
CHM00056046,2012-08-28,TMAX,178
CHM00052889,2007-04-26,TMAX,189
CHM00056046,2006-08-29,TMIN,73
CHM00056080,2006-10-01,TMAX,173
CHM00056080,2005-08-09,TMIN,93
CHM00056080,2005-02-05,TMAX,88
CHM00056080,2005-02-05,TMIN,-115
CHM00056080,2006-10-01,TMIN,27
CHM00056080,2013-12-23,TMIN,-187
CHM00052889,2007-04-26,TMIN,112
CHM00052983,2015-09-26,TMIN,49
CHM00056080,2013-12-23,TMAX,22
CHM00056080,2005-08-09,TMAX,234
CHM00056080,2010-02-12,TMAX,61
CHM00056080,2012-09-02,TMIN,34
CHM00052983,2006-08-15,TMIN,129
CHM00056046,2008-03-21,TMIN,-75
CHM00056046,2005-02-05,TMAX,-20
CHM00056046,2005-02-05,TMIN,-133
CHM00056046,2005-12-08,TMAX,16
CHM00056046,2005-12-08,TMIN,-204
CHM00056046,2008-12-04,TMIN,-173
CHM00056046,2008-12-04,TMAX,-48
CHM00052889,2006-10-31,TMAX,156
CHM00052889,2006-10-31,TMIN,6
CHM00052983,2014-04-04,TMIN,0
CHM00052983,2014-04-04,TMAX,155
CHM00052983,2013-02-24,TMAX,123
CHM00052983,2013-02-24,TMIN,-41
CHM00052983,2012-01-19,TMAX,-56
CHM00056046,2013-10-24,TMAX,66
CHM00056080,2012-11-15,TMIN,-50
CHM00056046,2011-01-26,TMAX,7
CHM00056046,2010-10-13,TMAX,97
CHM00056080,2013-06-15,TMIN,104
CHM00056046,2010-10-13,TMIN,-21
CHM00056046,2010-06-07,TMAX,110
CHM00056080,2011-01-16,TMAX,-42
CHM00052983,2008-08-18,TMAX,284
CHM00052983,2008-08-18,TMIN,123
CHM00056046,2011-12-04,TMIN,-112
CHM00056080,2009-07-02,TMAX,162
CHM00056046,2008-11-05,TMAX,7
CHM00056046,2011-12-04,TMAX,36
CHM00056080,2009-07-02,TMIN,51
CHM00056046,2008-11-05,TMIN,-53
CHM00056080,2011-01-17,TMAX,-23
CHM00056046,2008-06-12,TMAX,160
CHM00056080,2006-08-29,TMIN,99
CHM00056080,2006-08-29,TMAX,228
CHM00056080,2005-09-18,TMAX,209
CHM00056080,2005-09-18,TMIN,68
CHM00056046,2008-06-12,TMIN,2
CHM00056046,2008-03-21,TMAX,-10
CHM00056046,2010-06-07,TMIN,30
CHM00056046,2010-08-11,TMIN,88
CHM00056046,2013-10-24,TMIN,-99
CHM00052983,2009-04-21,TMAX,213
CHM00052983,2014-06-28,TMAX,158
CHM00056080,2011-08-15,TMAX,231
CHM00056080,2011-12-30,TMAX,43
CHM00052983,2007-06-06,TMAX,293
CHM00052983,2007-06-06,TMIN,92
CHM00052983,2012-09-05,TMIN,111
CHM00052983,2014-02-20,TMAX,41
CHM00056080,2013-04-24,TMIN,0
CHM00056080,2012-10-30,TMAX,81
CHM00056046,2010-08-11,TMAX,200
CHM00056080,2011-12-30,TMIN,-145
CHM00056080,2007-05-23,TMAX,105
CHM00056080,2013-04-24,TMAX,120
CHM00052889,2008-01-30,TMAX,-80
CHM00052983,2014-02-20,TMIN,-112
CHM00056046,2010-01-08,TMAX,23
CHM00056080,2012-09-02,TMAX,195
CHM00056080,2007-05-23,TMIN,53
CHM00056080,2011-08-15,TMIN,120
CHM00052983,2012-09-05,TMAX,260
CHM00056080,2005-12-08,TMIN,-142
CHM00056080,2012-11-15,TMAX,38
CHM00052983,2006-01-05,TMAX,-82
CHM00056046,2009-04-17,TMIN,1
CHM00056046,2011-01-26,TMIN,-177
CHM00056046,2009-04-17,TMAX,143
CHM00052983,2009-04-21,TMIN,29
CHM00056080,2011-01-17,TMIN,-192
CHM00056080,2015-04-21,TMIN,-37
CHM00052983,2006-08-15,TMAX,305
CHM00056046,2013-07-06,TMAX,210
CHM00056080,2014-03-07,TMAX,17
CHM00056080,2007-07-26,TMAX,223
CHM00056080,2007-07-26,TMIN,48
CHM00056080,2005-12-08,TMAX,53
CHM00056046,2010-01-08,TMIN,-229
CHM00052983,2009-12-28,TMIN,-149
CHM00052983,2009-12-28,TMAX,29
CHM00052983,2008-08-22,TMIN,100
CHM00052983,2008-08-22,TMAX,259
CHM00052983,2014-04-03,TMAX,121
CHM00052983,2014-04-03,TMIN,10
CHM00056046,2010-07-19,TMIN,14
CHM00056080,2005-12-28,TMIN,-171
CHM00056046,2008-03-24,TMAX,0
CHM00056080,2008-06-07,TMIN,41
CHM00052889,2005-08-16,TMIN,116
CHM00052889,2005-08-16,TMAX,184
CHM00052983,2014-04-28,TMAX,178
CHM00056080,2005-10-30,TMIN,-69
CHM00052983,2010-10-04,TMIN,18
CHM00052983,2010-10-04,TMAX,195
CHM00056080,2006-07-25,TMAX,199
CHM00056080,2006-07-25,TMIN,36
CHM00052983,2014-09-02,TMAX,227
CHM00056080,2008-03-16,TMAX,108
CHM00056080,2008-03-16,TMIN,-57
CHM00056080,2012-10-21,TMIN,-12
CHM00056080,2012-10-21,TMAX,103
CHM00056046,2015-07-29,TMIN,24
CHM00056080,2005-12-28,TMAX,79
CHM00056080,2012-09-03,TMAX,202
CHM00056080,2009-08-25,TMIN,94
CHM00056080,2009-08-25,TMAX,147
CHM00052983,2010-11-22,TMIN,-66
CHM00056046,2012-05-16,TMAX,81
CHM00056046,2012-04-18,TMIN,-73
CHM00056080,2011-09-08,TMAX,153
CHM00056080,2006-09-23,TMAX,185
CHM00056080,2006-09-23,TMIN,87
CHM00056046,2012-04-18,TMAX,44
CHM00056046,2015-03-31,TMAX,156
CHM00056080,2011-09-08,TMIN,56
CHM00056046,2011-02-25,TMIN,-141
CHM00056046,2012-05-16,TMIN,16
CHM00056046,2015-03-31,TMIN,-53
CHM00056046,2008-03-24,TMIN,-86
CHM00052983,2007-05-16,TMAX,251
CHM00052983,2007-05-16,TMIN,62
CHM00052983,2014-03-09,TMIN,-53
CHM00052983,2014-03-09,TMAX,116
CHM00052983,2014-04-28,TMIN,44
CHM00052889,2007-04-25,TMIN,81
CHM00052983,2006-09-14,TMIN,39
CHM00052983,2012-08-26,TMIN,86
CHM00056046,2015-08-02,TMIN,57
CHM00052983,2008-08-21,TMAX,229
CHM00056080,2006-08-05,TMIN,41
CHM00056080,2006-08-05,TMAX,255
CHM00056080,2008-06-10,TMAX,208
CHM00056046,2005-01-10,TMIN,-190
CHM00052983,2014-07-04,TMAX,274
CHM00056080,2012-09-03,TMIN,63
CHM00056046,2005-02-03,TMIN,-211
CHM00056046,2005-02-03,TMAX,-10
CHM00056080,2010-07-30,TMIN,98
CHM00056080,2014-04-03,TMAX,30
CHM00052983,2008-11-17,TMAX,28
CHM00052983,2009-04-10,TMIN,47
CHM00056080,2010-07-30,TMAX,295
CHM00052983,2014-07-04,TMIN,100
CHM00052983,2006-09-20,TMIN,72
CHM00052889,2008-08-27,TMIN,140
CHM00056080,2014-04-03,TMIN,-28
CHM00052889,2008-08-27,TMAX,266
CHM00056046,2005-01-10,TMAX,-31
CHM00052983,2012-08-26,TMAX,265
CHM00052889,2006-08-08,TMAX,340
CHM00052889,2006-08-29,TMIN,123
CHM00052983,2006-09-14,TMAX,216
CHM00056080,2009-04-13,TMIN,-23
CHM00052889,2006-08-08,TMIN,193
CHM00056080,2009-04-13,TMAX,173
CHM00056080,2008-07-06,TMIN,23
CHM00052983,2010-11-22,TMAX,88
CHM00056080,2008-07-06,TMAX,222
CHM00052983,2008-07-01,TMAX,308
CHM00052889,2007-04-25,TMAX,197
CHM00052983,2014-03-31,TMAX,132
CHM00052983,2008-07-01,TMIN,87
CHM00052983,2014-03-31,TMIN,-8
CHM00056080,2008-06-10,TMIN,35
CHM00052889,2008-08-25,TMIN,144
CHM00052983,2006-09-20,TMAX,252
CHM00052889,2006-08-29,TMAX,258
CHM00052983,2007-06-01,TMAX,265
CHM00056080,2005-10-30,TMAX,87
CHM00056080,2007-05-26,TMAX,167
CHM00056046,2007-07-04,TMAX,185
CHM00056046,2005-12-28,TMAX,13
CHM00056046,2007-12-17,TMIN,-180
CHM00056046,2005-12-28,TMIN,-223
CHM00056046,2006-09-23,TMIN,32
CHM00056046,2007-12-17,TMAX,-12
CHM00056080,2014-08-01,TMAX,235
CHM00056046,2007-07-04,TMIN,56
CHM00056080,2005-01-20,TMAX,-41
CHM00056080,2005-01-20,TMIN,-173
CHM00052983,2014-05-26,TMIN,57
CHM00056046,2008-09-26,TMAX,167
CHM00056080,2014-08-01,TMIN,93
CHM00056046,2008-09-26,TMIN,43
CHM00052983,2014-05-26,TMAX,230
CHM00056046,2012-05-18,TMIN,-16
CHM00056046,2011-02-25,TMAX,19
CHM00056046,2006-09-23,TMAX,181
CHM00056080,2012-01-08,TMIN,-175
CHM00052983,2009-03-17,TMAX,183
CHM00052983,2011-05-27,TMAX,274
CHM00056046,2010-07-19,TMAX,165
CHM00056046,2013-02-15,TMAX,20
CHM00052889,2007-07-19,TMIN,171
CHM00056080,2010-02-12,TMIN,-137
CHM00056080,2015-08-02,TMIN,121
CHM00056080,2011-03-25,TMIN,-106
CHM00056046,2013-02-15,TMIN,-183
CHM00056080,2011-03-25,TMAX,44
CHM00056046,2015-04-28,TMIN,-44
CHM00056046,2011-06-23,TMAX,155
CHM00052889,2008-11-03,TMAX,166
CHM00056046,2011-06-23,TMIN,45
CHM00056046,2013-05-10,TMIN,-38
CHM00052983,2011-05-27,TMIN,82
CHM00052983,2009-03-17,TMIN,5
CHM00056080,2011-08-20,TMIN,106
CHM00056080,2012-01-08,TMAX,-19
CHM00056080,2011-08-20,TMAX,181
CHM00052889,2008-11-03,TMIN,9
CHM00056080,2014-04-01,TMIN,-46
CHM00056046,2010-07-31,TMIN,58
CHM00056080,2013-08-10,TMIN,69
CHM00056080,2010-01-07,TMIN,-101
CHM00056080,2009-03-19,TMIN,-50
CHM00056046,2012-10-25,TMAX,35
CHM00056080,2008-06-07,TMAX,156
CHM00052889,2008-10-07,TMIN,123
CHM00056080,2009-03-19,TMAX,154
CHM00056046,2012-10-25,TMIN,-31
CHM00052983,2007-12-07,TMIN,-85
CHM00056046,2006-07-25,TMAX,165
CHM00056046,2005-09-16,TMAX,122
CHM00056046,2012-05-17,TMIN,9
CHM00052983,2007-12-07,TMAX,47
CHM00056046,2012-05-17,TMAX,100
CHM00056046,2005-09-16,TMIN,5
CHM00056046,2006-07-25,TMIN,-7
CHM00052983,2008-04-17,TMAX,211
CHM00056080,2007-05-26,TMIN,62
CHM00052889,2008-10-07,TMAX,176
CHM00056080,2010-01-07,TMAX,54
CHM00052983,2007-07-01,TMAX,194
CHM00052889,2007-04-24,TMIN,84
CHM00056080,2012-04-30,TMAX,94
CHM00052889,2008-06-09,TMAX,296
CHM00056046,2010-07-31,TMAX,222
CHM00052889,2008-02-09,TMAX,-38
CHM00056046,2015-04-28,TMAX,98
CHM00052889,2007-04-24,TMAX,164
CHM00052889,2008-02-09,TMIN,-106
CHM00052983,2014-11-30,TMAX,-12
CHM00052889,2008-06-09,TMIN,169
CHM00056080,2009-04-22,TMAX,133
CHM00052983,2007-07-28,TMAX,267
CHM00056080,2012-04-30,TMIN,8
CHM00052983,2013-04-21,TMAX,203
CHM00056046,2012-05-18,TMAX,135
CHM00056080,2009-04-22,TMIN,20
CHM00052983,2013-04-21,TMIN,47
CHM00056080,2005-11-04,TMIN,-18
CHM00052983,2006-08-23,TMAX,238
CHM00052983,2007-07-28,TMIN,97
CHM00056080,2012-01-04,TMIN,-228
CHM00056046,2007-04-26,TMAX,40
CHM00052983,2012-10-30,TMAX,119
CHM00056046,2010-01-09,TMAX,16
CHM00056046,2012-05-30,TMIN,0
CHM00056080,2009-06-27,TMAX,174
CHM00056080,2012-11-06,TMIN,-82
CHM00056046,2012-05-30,TMAX,162
CHM00056080,2012-04-20,TMAX,118
CHM00056046,2014-09-29,TMAX,129
CHM00056046,2011-11-19,TMIN,-155
CHM00056046,2011-11-19,TMAX,23
CHM00056080,2010-08-01,TMAX,273
CHM00056046,2014-09-29,TMIN,-37
CHM00056080,2012-04-20,TMIN,-13
CHM00052983,2014-06-02,TMAX,254
CHM00056080,2008-03-26,TMAX,99
CHM00052983,2010-05-20,TMAX,147
CHM00052983,2006-09-23,TMAX,183
CHM00052983,2006-11-27,TMAX,-13
CHM00056046,2007-07-09,TMIN,94
CHM00052983,2010-02-07,TMAX,56
CHM00056046,2007-07-09,TMAX,161
CHM00056080,2009-03-11,TMIN,-43
CHM00056080,2008-03-21,TMIN,-40
CHM00056080,2012-11-06,TMAX,86
CHM00052983,2011-05-31,TMAX,245
CHM00056046,2005-01-17,TMIN,-222
CHM00056046,2005-01-17,TMAX,-12
CHM00056080,2010-07-20,TMAX,251
CHM00052983,2010-02-02,TMIN,-94
CHM00052983,2011-12-31,TMAX,12
CHM00052983,2010-02-02,TMAX,29
CHM00052983,2011-12-31,TMIN,-128
CHM00056046,2011-11-22,TMIN,-100
CHM00056046,2010-01-09,TMIN,-182
CHM00052983,2010-07-27,TMAX,342
CHM00056046,2011-11-22,TMAX,25
CHM00052983,2011-05-31,TMIN,67
CHM00056080,2009-06-27,TMIN,107
CHM00056080,2009-03-11,TMAX,9
CHM00052983,2010-07-27,TMIN,150
CHM00052983,2010-02-07,TMIN,-66
CHM00052983,2014-08-09,TMAX,287
CHM00052983,2014-08-09,TMIN,94
CHM00056046,2013-12-29,TMAX,-2
CHM00056080,2010-02-04,TMAX,42
CHM00056080,2005-08-20,TMIN,74
CHM00056080,2005-08-20,TMAX,162
CHM00056080,2010-02-04,TMIN,-158
CHM00056080,2011-09-20,TMAX,169
CHM00052983,2015-04-29,TMIN,109
CHM00052983,2014-11-16,TMIN,-67
CHM00052983,2014-11-16,TMAX,68
CHM00056080,2014-12-13,TMAX,54
CHM00052983,2013-03-22,TMAX,150
CHM00056080,2011-09-20,TMIN,48
CHM00056080,2014-12-13,TMIN,-163
CHM00056080,2005-11-29,TMIN,-106
CHM00052889,2005-01-24,TMAX,9
CHM00052983,2015-04-29,TMAX,251
CHM00056080,2005-11-29,TMAX,34
CHM00052889,2007-07-20,TMAX,265
CHM00056046,2010-11-23,TMAX,21
CHM00056046,2010-11-23,TMIN,-92
CHM00052889,2007-07-20,TMIN,175
CHM00056080,2007-04-22,TMIN,2
CHM00056080,2010-11-25,TMAX,88
CHM00056080,2010-11-25,TMIN,-140
CHM00056046,2006-11-19,TMIN,-132
CHM00056080,2007-04-22,TMAX,164
CHM00056046,2006-11-19,TMAX,50
CHM00052983,2010-08-02,TMIN,171
CHM00056080,2008-03-26,TMIN,-78
CHM00056080,2005-09-04,TMIN,73
CHM00052983,2010-08-02,TMAX,317
CHM00056080,2010-08-01,TMIN,120
CHM00056046,2006-12-13,TMIN,-245
CHM00052983,2005-09-18,TMAX,245
CHM00052983,2005-09-18,TMIN,95
CHM00056046,2009-07-01,TMIN,74
CHM00056046,2009-07-01,TMAX,148
CHM00052889,2008-09-28,TMAX,211
CHM00056080,2006-09-04,TMAX,165
CHM00056046,2006-12-13,TMAX,-87
CHM00056080,2006-09-04,TMIN,74
CHM00056080,2005-09-04,TMAX,124
CHM00056046,2006-09-04,TMAX,195
CHM00052983,2014-09-20,TMAX,218
CHM00056080,2015-03-13,TMIN,-61
CHM00056080,2008-10-02,TMAX,166
CHM00056046,2012-04-17,TMAX,20
CHM00052983,2005-12-19,TMAX,1
CHM00052983,2005-12-19,TMIN,-145
CHM00056080,2012-06-02,TMIN,40
CHM00056046,2007-07-19,TMAX,151
CHM00056046,2012-04-17,TMIN,-74
CHM00056080,2006-11-25,TMAX,-12
CHM00056080,2008-10-02,TMIN,57
CHM00056046,2005-02-09,TMIN,-137
CHM00056046,2005-02-09,TMAX,17
CHM00056080,2006-11-25,TMIN,-49
CHM00056046,2007-07-19,TMIN,66
CHM00056080,2012-06-02,TMAX,168
CHM00052889,2007-05-20,TMIN,189
CHM00052983,2014-09-20,TMIN,65
CHM00056080,2011-06-23,TMAX,190
CHM00056046,2010-06-03,TMAX,136
CHM00056046,2014-12-12,TMAX,-6
CHM00056046,2007-04-24,TMAX,121
CHM00052983,2007-04-29,TMAX,182
CHM00056046,2007-04-24,TMIN,-72
CHM00052889,2005-01-26,TMIN,-72
CHM00052983,2009-08-18,TMAX,193
CHM00056046,2015-03-03,TMAX,5
CHM00052889,2007-07-17,TMIN,225
CHM00056080,2011-06-14,TMIN,43
CHM00052983,2010-12-02,TMIN,-83
CHM00056046,2014-12-12,TMIN,-217
CHM00052983,2010-12-02,TMAX,70
CHM00052889,2007-07-17,TMAX,297
CHM00056046,2006-10-26,TMAX,84
CHM00056046,2006-10-26,TMIN,-107
CHM00052983,2012-01-06,TMIN,-137
CHM00052983,2012-01-06,TMAX,-44
CHM00056080,2011-06-14,TMAX,230
CHM00052889,2005-01-26,TMAX,63
CHM00056080,2011-06-23,TMIN,39
CHM00052889,2007-05-20,TMAX,301
CHM00052983,2005-08-30,TMAX,274
CHM00056080,2006-11-19,TMAX,92
CHM00052983,2009-04-05,TMAX,153
CHM00052983,2014-12-10,TMIN,-97
CHM00052983,2007-07-10,TMIN,135
CHM00056080,2008-03-21,TMAX,44
CHM00056046,2010-12-07,TMIN,-205
CHM00052983,2015-08-21,TMIN,83
CHM00052983,2014-12-10,TMAX,-37
CHM00056046,2009-12-28,TMIN,-138
CHM00056046,2010-12-07,TMAX,0
CHM00056046,2009-12-28,TMAX,-22
CHM00056046,2012-12-29,TMAX,-76
CHM00052889,2005-11-24,TMAX,31
CHM00052889,2005-11-24,TMIN,-125
CHM00056046,2012-12-29,TMIN,-164
CHM00056046,2008-07-10,TMIN,50
CHM00056046,2008-07-10,TMAX,142
CHM00056080,2006-11-19,TMIN,-65
CHM00052983,2007-07-10,TMAX,292
CHM00056080,2013-02-16,TMIN,-118
CHM00056080,2010-12-09,TMIN,-184
CHM00056046,2005-10-28,TMIN,-71
CHM00052983,2011-06-18,TMIN,81
CHM00052983,2014-10-04,TMAX,161
CHM00052983,2009-04-05,TMIN,-23
CHM00056046,2005-10-28,TMAX,-17
CHM00052983,2010-11-28,TMAX,70
CHM00052983,2014-07-27,TMIN,140
CHM00052983,2014-07-27,TMAX,302
CHM00056046,2006-09-04,TMIN,56
CHM00052983,2010-10-20,TMAX,205
CHM00052983,2014-09-23,TMAX,164
CHM00052983,2014-11-23,TMIN,-13
CHM00052983,2014-11-23,TMAX,40
CHM00056080,2010-07-20,TMIN,50
CHM00052983,2010-11-28,TMIN,-76
CHM00052983,2007-12-25,TMAX,50
CHM00056080,2010-12-09,TMAX,95
CHM00052983,2011-06-18,TMAX,257
CHM00052983,2010-10-20,TMIN,28
CHM00052889,2005-02-03,TMIN,-104
CHM00052889,2008-09-28,TMIN,114
CHM00052889,2005-01-24,TMIN,-139
CHM00052983,2009-07-13,TMIN,154
CHM00052889,2005-02-09,TMIN,-76
CHM00052983,2014-11-26,TMAX,64
CHM00052983,2010-07-10,TMIN,88
CHM00052889,2005-02-09,TMAX,14
CHM00052983,2014-11-26,TMIN,-45
CHM00052983,2012-04-23,TMAX,162
CHM00052983,2010-07-10,TMAX,266
CHM00052889,2007-12-07,TMAX,55
CHM00056046,2015-07-28,TMIN,27
CHM00056080,2014-04-14,TMAX,178
CHM00052983,2014-08-08,TMAX,195
CHM00056046,2011-09-19,TMIN,64
CHM00056046,2011-09-19,TMAX,166
CHM00052889,2007-12-07,TMIN,-46
CHM00056046,2010-06-04,TMAX,106
CHM00056046,2010-06-04,TMIN,13
CHM00056046,2011-11-28,TMIN,-93
CHM00056080,2006-09-02,TMAX,248
CHM00056080,2005-11-03,TMAX,97
CHM00056080,2005-11-03,TMIN,-37
CHM00052889,2008-06-19,TMIN,144
CHM00052889,2008-06-19,TMAX,302
CHM00052983,2007-05-08,TMAX,245
CHM00056080,2006-12-02,TMIN,-112
CHM00056080,2006-09-02,TMIN,111
CHM00052983,2012-01-18,TMAX,-15
CHM00056080,2013-12-28,TMIN,-168
CHM00056046,2005-08-20,TMIN,65
CHM00056046,2005-08-20,TMAX,112
CHM00056046,2011-09-17,TMAX,147
CHM00056046,2008-01-20,TMAX,-22
CHM00056046,2005-11-24,TMAX,-10
CHM00052983,2012-01-18,TMIN,-114
CHM00056046,2011-09-17,TMIN,52
CHM00056046,2008-01-20,TMIN,-95
CHM00056080,2013-12-28,TMAX,-23
CHM00056046,2005-11-24,TMIN,-186
CHM00052983,2009-07-13,TMAX,276
CHM00056046,2008-11-06,TMAX,-40
CHM00056046,2011-11-28,TMAX,71
CHM00052983,2008-03-21,TMAX,87
CHM00056080,2007-07-03,TMIN,60
CHM00056080,2012-04-17,TMIN,-12
CHM00056046,2006-09-14,TMIN,-53
CHM00056046,2006-09-14,TMAX,121
CHM00056046,2012-06-14,TMAX,143
CHM00052983,2008-03-25,TMAX,151
CHM00056046,2012-06-14,TMIN,27
CHM00052983,2006-07-27,TMAX,296
CHM00052983,2014-01-04,TMAX,43
CHM00052983,2014-01-04,TMIN,-145
CHM00052983,2008-02-07,TMAX,-56
CHM00052983,2008-02-07,TMIN,-197
CHM00052983,2008-03-25,TMIN,-22
CHM00056080,2006-08-01,TMAX,229
CHM00056080,2006-08-01,TMIN,59
CHM00052983,2012-04-26,TMIN,25
CHM00052983,2012-04-26,TMAX,209
CHM00056080,2007-07-03,TMAX,227
CHM00056046,2008-11-06,TMIN,-111
CHM00056080,2005-11-24,TMIN,-147
CHM00056080,2005-11-24,TMAX,38
CHM00052983,2013-09-06,TMIN,67
CHM00052983,2014-03-04,TMIN,-76
CHM00056080,2006-12-09,TMIN,-146
CHM00056080,2006-12-09,TMAX,-43
CHM00056080,2012-01-13,TMIN,-130
CHM00052983,2005-12-28,TMAX,56
CHM00052983,2005-12-28,TMIN,-139
CHM00052983,2014-03-04,TMAX,66
CHM00056080,2012-10-27,TMIN,-57
CHM00056080,2012-09-26,TMAX,175
CHM00056080,2007-04-24,TMAX,105
CHM00056080,2012-04-17,TMAX,91
CHM00056046,2015-03-05,TMAX,10
CHM00056080,2007-04-24,TMIN,-12
CHM00056046,2006-10-31,TMAX,35
CHM00056046,2006-10-31,TMIN,-104
CHM00052983,2005-11-09,TMIN,-26
CHM00052983,2005-11-09,TMAX,109
CHM00056080,2012-01-13,TMAX,-48
CHM00056046,2007-04-22,TMAX,120
CHM00056080,2006-12-02,TMAX,7
CHM00056080,2008-03-19,TMAX,125
CHM00056046,2012-06-05,TMAX,140
CHM00052983,2010-05-05,TMAX,124
CHM00056080,2006-09-14,TMIN,-1
CHM00056080,2014-08-26,TMAX,197
CHM00056046,2012-06-05,TMIN,26
CHM00056046,2011-09-12,TMIN,7
CHM00056046,2015-03-02,TMAX,58
CHM00052983,2008-12-04,TMAX,-50
CHM00056080,2015-03-09,TMIN,-65
CHM00052889,2007-05-26,TMIN,146
CHM00052889,2007-05-26,TMAX,287
CHM00056046,2012-12-27,TMAX,-27
CHM00056046,2012-12-27,TMIN,-236
CHM00056080,2015-03-09,TMAX,96
CHM00056046,2011-09-12,TMAX,90
CHM00056080,2006-09-14,TMAX,149
CHM00052983,2006-07-22,TMAX,187
CHM00056046,2005-09-24,TMIN,39
CHM00056080,2012-09-10,TMAX,149
CHM00056046,2005-09-24,TMAX,120
CHM00056080,2012-09-10,TMIN,100
CHM00056080,2014-03-03,TMIN,-61
CHM00052889,2005-02-03,TMAX,25
CHM00056080,2009-08-24,TMIN,114
CHM00056046,2006-12-02,TMAX,22
CHM00056046,2006-12-02,TMIN,-229
CHM00056080,2014-03-03,TMAX,19
CHM00056046,2013-12-31,TMIN,-220
CHM00056080,2014-11-18,TMAX,70
CHM00052983,2008-12-04,TMIN,-156
CHM00056080,2009-08-24,TMAX,236
CHM00056080,2007-11-13,TMIN,-34
CHM00056080,2011-01-14,TMAX,-34
CHM00056046,2008-06-17,TMIN,-10
CHM00056046,2008-06-17,TMAX,178
CHM00056080,2007-11-13,TMAX,95
CHM00056080,2011-01-14,TMIN,-185
CHM00056046,2007-07-02,TMIN,45
CHM00056046,2007-07-02,TMAX,154
CHM00056080,2014-09-23,TMAX,118
CHM00056080,2010-01-10,TMIN,-132
CHM00052983,2006-07-22,TMIN,130
CHM00056046,2006-08-01,TMAX,170
CHM00056046,2011-12-29,TMIN,-138
CHM00056046,2011-12-29,TMAX,7
CHM00056046,2007-06-05,TMAX,143
CHM00052983,2015-12-05,TMIN,-81
CHM00052983,2014-11-20,TMAX,85
CHM00052983,2014-08-24,TMIN,59
CHM00052889,2007-11-20,TMAX,102
CHM00056080,2011-01-24,TMIN,-193
CHM00056080,2011-01-24,TMAX,24
CHM00052889,2007-11-20,TMIN,-24
CHM00056080,2006-12-13,TMAX,-26
CHM00056080,2006-12-13,TMIN,-202
CHM00056046,2013-03-29,TMAX,57
CHM00052983,2014-08-24,TMAX,239
CHM00056080,2008-03-19,TMIN,-26
CHM00056046,2007-04-22,TMIN,-59
CHM00052983,2009-07-07,TMAX,249
CHM00056046,2008-06-10,TMAX,135
CHM00056080,2012-10-27,TMAX,123
CHM00056080,2010-10-05,TMAX,114
CHM00052889,2005-03-08,TMIN,-25
CHM00052983,2014-01-18,TMAX,12
CHM00056080,2011-05-28,TMIN,84
CHM00056046,2006-08-01,TMIN,11
CHM00056080,2008-09-26,TMAX,84
CHM00056080,2008-09-26,TMIN,37
CHM00056046,2011-09-24,TMIN,47
CHM00056046,2005-11-29,TMIN,-156
CHM00056046,2005-11-29,TMAX,13
CHM00056080,2010-10-05,TMIN,-1
CHM00056046,2011-09-24,TMAX,156
CHM00056080,2013-12-27,TMAX,5
CHM00056080,2013-12-27,TMIN,-187
CHM00052983,2006-07-25,TMIN,104
CHM00052983,2014-01-18,TMIN,-125
CHM00056046,2008-06-10,TMIN,-4
CHM00056046,2007-06-05,TMIN,40
CHM00052889,2005-03-08,TMAX,169
CHM00052983,2014-11-20,TMIN,-53
CHM00052983,2006-07-25,TMAX,312
CHM00056080,2013-12-29,TMAX,-6
CHM00056046,2013-12-27,TMIN,-218
CHM00056080,2010-01-10,TMAX,-10
CHM00056046,2011-09-06,TMIN,55
CHM00056046,2011-01-13,TMIN,-187
CHM00056046,2011-01-13,TMAX,1
CHM00056046,2014-12-13,TMAX,50
CHM00056046,2014-12-13,TMIN,-197
CHM00052983,2014-01-09,TMIN,-173
CHM00052983,2006-11-23,TMIN,-58
CHM00052983,2007-05-24,TMAX,208
CHM00052983,2006-11-23,TMAX,86
CHM00056080,2009-07-16,TMAX,231
CHM00056080,2009-07-16,TMIN,134
CHM00056046,2006-08-08,TMAX,214
CHM00056080,2008-12-07,TMAX,2
CHM00056046,2006-08-08,TMIN,16
CHM00056080,2008-12-07,TMIN,-134
CHM00052889,2005-02-02,TMIN,-143
CHM00056080,2010-08-08,TMAX,249
CHM00056080,2013-04-09,TMIN,-73
CHM00052983,2007-05-24,TMIN,8
CHM00056080,2013-04-09,TMAX,89
CHM00056046,2009-03-19,TMAX,51
CHM00056080,2014-01-03,TMAX,14
CHM00056080,2011-09-19,TMIN,34
CHM00056080,2005-01-12,TMIN,-136
CHM00056080,2005-01-12,TMAX,-31
CHM00056080,2011-09-19,TMAX,79
CHM00056046,2010-02-09,TMIN,-112
CHM00056046,2010-02-09,TMAX,92
CHM00052983,2011-11-29,TMAX,51
CHM00052889,2007-11-09,TMIN,3
CHM00052983,2007-08-03,TMAX,299
CHM00056046,2014-03-05,TMIN,-157
CHM00052983,2014-04-08,TMAX,246
CHM00052983,2007-08-03,TMIN,116
CHM00056046,2014-03-05,TMAX,22
CHM00052889,2006-12-13,TMAX,-41
CHM00052889,2006-12-13,TMIN,-150
CHM00056046,2009-03-19,TMIN,-86
CHM00052983,2014-04-08,TMIN,15
CHM00056080,2010-08-08,TMIN,109
CHM00052983,2015-04-11,TMAX,140
CHM00056080,2011-06-21,TMAX,168
CHM00056046,2007-11-03,TMIN,-109
CHM00052983,2005-11-29,TMAX,11
CHM00056080,2013-08-31,TMAX,200
CHM00056046,2007-11-03,TMAX,8
CHM00056080,2008-06-12,TMIN,42
CHM00052983,2005-12-23,TMIN,-144
CHM00052983,2009-12-19,TMIN,-137
CHM00052983,2005-12-23,TMAX,6
CHM00052983,2013-02-19,TMAX,-9
CHM00052983,2015-03-15,TMIN,-31
CHM00056080,2014-02-27,TMAX,57
CHM00052983,2013-02-19,TMIN,-168
CHM00052889,2008-08-18,TMAX,323
CHM00056080,2014-02-27,TMIN,-63
CHM00056080,2011-11-28,TMIN,-79
CHM00052889,2007-12-01,TMAX,51
CHM00052889,2008-04-13,TMIN,42
CHM00052983,2009-12-19,TMAX,-1
CHM00052983,2012-06-12,TMIN,107
CHM00056080,2013-08-31,TMIN,49
CHM00052983,2012-06-12,TMAX,270
CHM00056080,2013-08-25,TMIN,97
CHM00052983,2012-12-26,TMAX,8
CHM00056046,2007-07-03,TMAX,148
CHM00052983,2013-08-01,TMIN,104
CHM00056046,2007-07-03,TMIN,77
CHM00052889,2008-08-18,TMIN,180
CHM00052983,2015-02-25,TMIN,-38
CHM00052983,2015-02-25,TMAX,13
CHM00056046,2011-09-06,TMAX,120
CHM00052983,2014-01-09,TMAX,-9
CHM00052889,2008-03-26,TMIN,36
CHM00056080,2011-06-21,TMIN,118
CHM00052983,2012-10-23,TMAX,111
CHM00056046,2010-10-17,TMAX,108
CHM00056046,2010-10-17,TMIN,-49
CHM00056046,2005-02-21,TMIN,-116
CHM00056046,2005-02-21,TMAX,-4
CHM00056080,2008-06-12,TMAX,221
CHM00052889,2008-03-26,TMAX,196
CHM00052889,2008-04-13,TMAX,194
CHM00056046,2015-03-13,TMIN,-88
CHM00056046,2014-11-30,TMAX,14
CHM00056046,2012-09-12,TMAX,113
CHM00056080,2010-01-04,TMIN,-166
CHM00056080,2010-11-23,TMIN,-84
CHM00056046,2015-09-25,TMIN,11
CHM00056046,2012-09-12,TMIN,-9
CHM00052983,2014-12-22,TMAX,-8
CHM00052983,2014-12-22,TMIN,-130
CHM00056080,2008-07-01,TMAX,221
CHM00056080,2010-11-23,TMAX,103
CHM00056046,2014-07-27,TMAX,178
CHM00056080,2010-05-01,TMAX,193
CHM00052983,2010-11-20,TMIN,-73
CHM00056080,2005-08-22,TMAX,161
CHM00052983,2010-01-06,TMAX,62
CHM00056080,2005-08-22,TMIN,46
CHM00052983,2010-01-06,TMIN,-100
CHM00056080,2007-05-22,TMAX,125
CHM00056080,2010-01-04,TMAX,65
CHM00056046,2009-12-21,TMIN,-238
CHM00056046,2007-05-20,TMAX,151
CHM00056080,2005-12-19,TMIN,-163
CHM00056080,2010-01-09,TMIN,-133
CHM00056046,2007-04-26,TMIN,-44
CHM00056046,2009-03-11,TMAX,40
CHM00052889,2005-09-20,TMAX,216
CHM00056046,2009-03-11,TMIN,-47
CHM00056080,2014-04-01,TMAX,77
CHM00056080,2010-05-01,TMIN,-25
CHM00056080,2010-01-09,TMAX,70
CHM00056080,2005-02-21,TMIN,-168
CHM00056080,2005-02-21,TMAX,40
CHM00056080,2008-07-01,TMIN,33
CHM00052983,2012-01-16,TMIN,-131
CHM00052983,2005-11-17,TMAX,33
CHM00052983,2012-01-16,TMAX,6
CHM00052983,2009-01-07,TMIN,-150
CHM00052983,2009-01-07,TMAX,-10
CHM00056080,2005-12-19,TMAX,48
CHM00056046,2007-05-20,TMIN,38
CHM00056080,2007-05-22,TMIN,78
CHM00056046,2009-12-21,TMAX,3
CHM00056080,2013-02-13,TMAX,31
CHM00056046,2010-09-22,TMAX,142
CHM00056046,2013-01-02,TMAX,26
CHM00056080,2012-01-10,TMAX,-70
CHM00052983,2015-09-17,TMIN,76
CHM00056046,2010-09-22,TMIN,64
CHM00052983,2009-04-19,TMAX,189
CHM00052983,2009-04-19,TMIN,37
CHM00052889,2006-11-22,TMAX,105
CHM00056080,2012-01-10,TMIN,-124
CHM00052889,2006-11-22,TMIN,-56
CHM00052983,2013-11-08,TMIN,-21
CHM00052983,2012-10-21,TMAX,86
CHM00056046,2014-11-30,TMIN,-160
CHM00052983,2014-06-23,TMAX,249
CHM00052889,2007-11-09,TMAX,139
CHM00052889,2005-02-02,TMAX,50
CHM00052983,2008-09-23,TMIN,104
CHM00056046,2013-01-02,TMIN,-155
CHM00052983,2011-12-03,TMAX,30
CHM00052983,2011-03-03,TMAX,106
CHM00052983,2008-07-03,TMAX,305
CHM00056046,2011-03-01,TMIN,-203
CHM00056046,2011-03-01,TMAX,25
CHM00056046,2006-08-15,TMIN,74
CHM00056046,2010-07-27,TMIN,44
CHM00056046,2006-08-15,TMAX,154
CHM00052983,2012-09-23,TMAX,218
CHM00052983,2012-09-23,TMIN,111
CHM00052983,2010-11-20,TMAX,85
CHM00052983,2015-08-19,TMIN,109
CHM00052983,2015-12-16,TMIN,-160
CHM00056046,2010-02-04,TMAX,-37
CHM00056046,2010-02-04,TMIN,-182
CHM00052983,2007-05-31,TMIN,95
CHM00052983,2007-05-31,TMAX,214
CHM00056046,2010-01-10,TMAX,11
CHM00052983,2011-03-03,TMIN,-91
CHM00056046,2010-01-10,TMIN,-215
CHM00052983,2008-07-03,TMIN,119
CHM00056046,2010-07-27,TMAX,225
CHM00052889,2005-12-12,TMIN,-106
CHM00056046,2012-05-12,TMIN,-25
CHM00052889,2006-12-02,TMAX,14
CHM00056046,2014-08-28,TMAX,165
CHM00056080,2006-09-28,TMAX,118
CHM00056080,2006-09-28,TMIN,65
CHM00056080,2005-02-09,TMIN,-118
CHM00056080,2009-07-01,TMAX,180
CHM00056046,2006-12-06,TMIN,-76
CHM00056080,2006-08-08,TMIN,87
CHM00052983,2010-06-03,TMAX,213
CHM00056080,2005-02-09,TMAX,-35
CHM00056046,2005-02-28,TMAX,30
CHM00052983,2011-01-24,TMIN,-163
CHM00052889,2005-08-04,TMAX,329
CHM00056046,2005-02-28,TMIN,-158
CHM00056046,2005-09-04,TMAX,107
CHM00052889,2005-08-04,TMIN,130
CHM00056046,2005-09-04,TMIN,47
CHM00052983,2012-04-30,TMAX,141
CHM00056046,2006-12-06,TMAX,70
CHM00052983,2012-04-30,TMIN,73
CHM00056080,2006-08-08,TMAX,263
CHM00052983,2010-09-28,TMAX,126
CHM00056046,2011-06-22,TMAX,130
CHM00056046,2011-06-22,TMIN,78
CHM00052983,2010-01-28,TMAX,50
CHM00052983,2013-08-25,TMIN,137
CHM00056046,2011-09-20,TMAX,174
CHM00056046,2011-09-20,TMIN,55
CHM00056046,2005-10-19,TMAX,137
CHM00056046,2010-01-28,TMIN,-167
CHM00056046,2010-01-28,TMAX,-22
CHM00056080,2008-08-24,TMIN,92
CHM00052889,2007-08-02,TMAX,321
CHM00056046,2012-06-01,TMAX,140
CHM00056046,2012-06-01,TMIN,-2
CHM00056080,2008-08-24,TMAX,140
CHM00056080,2005-01-11,TMIN,-141
CHM00056080,2005-01-11,TMAX,-25
CHM00052983,2011-01-24,TMAX,-10
CHM00056080,2009-07-01,TMIN,82
CHM00052889,2007-07-24,TMAX,307
CHM00052983,2007-07-26,TMAX,284
CHM00052983,2007-07-26,TMIN,109
CHM00056046,2008-03-14,TMAX,60
CHM00052983,2014-04-14,TMAX,202
CHM00056080,2011-06-24,TMIN,26
CHM00056080,2011-06-24,TMAX,222
CHM00052889,2007-11-17,TMAX,95
CHM00056080,2007-07-02,TMIN,109
CHM00056080,2007-07-02,TMAX,187
CHM00052983,2009-08-29,TMIN,67
CHM00052889,2007-11-17,TMIN,-5
CHM00056046,2011-02-16,TMIN,-94
CHM00052983,2009-08-29,TMAX,225
CHM00056080,2011-12-29,TMIN,-125
CHM00056080,2011-12-29,TMAX,62
CHM00056080,2008-11-13,TMIN,-24
CHM00056080,2008-11-13,TMAX,55
CHM00052983,2007-04-29,TMIN,31
CHM00056046,2010-06-03,TMIN,-20
CHM00056046,2008-03-14,TMIN,-89
CHM00056080,2009-12-28,TMAX,36
CHM00056046,2011-02-16,TMAX,20
CHM00052889,2006-08-15,TMAX,333
CHM00056080,2015-03-05,TMIN,-124
CHM00056080,2015-03-05,TMAX,47
CHM00052983,2008-07-12,TMAX,203
CHM00052983,2008-07-12,TMIN,139
CHM00056080,2010-07-29,TMAX,280
CHM00056080,2014-01-12,TMAX,-27
CHM00052889,2007-07-24,TMIN,157
CHM00052889,2008-02-05,TMAX,-35
CHM00052983,2010-01-28,TMIN,-113
CHM00056080,2015-02-26,TMIN,-103
CHM00056080,2015-03-02,TMAX,63
CHM00052983,2010-09-24,TMAX,115
CHM00056080,2011-03-02,TMAX,30
CHM00056080,2011-03-02,TMIN,-109
CHM00056046,2006-09-19,TMIN,-78
CHM00056046,2006-09-19,TMAX,149
CHM00052889,2006-08-15,TMIN,151
CHM00056080,2009-12-28,TMIN,-193
CHM00052889,2008-02-05,TMIN,-148
CHM00052889,2007-08-02,TMIN,159
CHM00056046,2014-08-28,TMIN,-3
CHM00056080,2010-06-07,TMIN,58
CHM00052983,2008-10-04,TMIN,39
CHM00056080,2014-10-02,TMAX,188
CHM00056046,2014-02-16,TMAX,-4
CHM00056046,2010-01-14,TMAX,25
CHM00056080,2014-12-18,TMAX,9
CHM00056046,2010-01-14,TMIN,-214
CHM00056046,2010-01-29,TMIN,-180
CHM00056080,2014-10-02,TMIN,-5
CHM00052983,2008-10-04,TMAX,158
CHM00056080,2010-07-15,TMIN,130
CHM00056046,2010-01-29,TMAX,5
CHM00056080,2010-07-15,TMAX,222
CHM00052983,2014-11-21,TMIN,-26
CHM00052983,2014-11-21,TMAX,74
CHM00052889,2008-12-06,TMIN,-85
CHM00056046,2012-04-20,TMAX,41
CHM00052889,2007-11-05,TMIN,5
CHM00052983,2014-11-17,TMAX,67
CHM00056080,2012-04-19,TMAX,91
CHM00056080,2012-04-19,TMIN,-19
CHM00056080,2011-11-28,TMAX,90
CHM00052889,2005-12-12,TMAX,-10
CHM00052983,2008-06-18,TMAX,183
CHM00052889,2006-08-01,TMAX,336
CHM00052889,2006-12-02,TMIN,-125
CHM00052889,2006-08-01,TMIN,118
CHM00052983,2010-06-11,TMIN,91
CHM00056080,2007-06-05,TMIN,76
CHM00056080,2007-04-26,TMAX,89
CHM00056046,2012-04-20,TMIN,-66
CHM00056046,2012-05-12,TMAX,112
CHM00052983,2010-06-11,TMAX,248
CHM00056080,2011-11-19,TMIN,-82
CHM00056080,2011-11-19,TMAX,73
CHM00056080,2013-05-06,TMIN,27
CHM00056080,2007-06-05,TMAX,189
CHM00056080,2006-09-19,TMIN,-13
CHM00056080,2006-09-19,TMAX,194
CHM00056080,2013-10-12,TMIN,-1
CHM00056080,2007-04-26,TMIN,-34
CHM00056046,2013-12-27,TMAX,5
CHM00052889,2008-12-06,TMAX,26
CHM00052889,2007-11-05,TMAX,132
CHM00052983,2008-11-16,TMAX,36
CHM00056080,2014-06-24,TMAX,119
CHM00056080,2005-01-17,TMIN,-174
CHM00056080,2011-05-28,TMAX,161
CHM00052983,2009-08-01,TMAX,255
CHM00052983,2007-11-22,TMIN,-64
CHM00052983,2007-11-22,TMAX,88
CHM00056080,2010-07-29,TMIN,110
CHM00052983,2009-08-09,TMAX,144
CHM00056080,2005-01-17,TMAX,26
CHM00056046,2005-10-19,TMIN,-18
CHM00056080,2011-03-05,TMAX,60
CHM00056080,2015-08-05,TMIN,40
CHM00052983,2008-11-07,TMAX,128
CHM00052983,2008-11-07,TMIN,-31
CHM00056046,2006-11-25,TMAX,-41
CHM00056046,2006-11-25,TMIN,-166
CHM00052889,2005-11-12,TMIN,-27
CHM00052889,2005-11-12,TMAX,112
CHM00056080,2010-12-06,TMAX,14
CHM00052889,2007-12-01,TMIN,7
CHM00052983,2009-04-11,TMIN,67
CHM00052889,2008-04-10,TMIN,87
CHM00052889,2008-04-10,TMAX,211
CHM00056046,2014-05-12,TMAX,152
CHM00056080,2011-12-08,TMAX,6
CHM00056080,2011-12-08,TMIN,-105
CHM00052983,2014-09-03,TMIN,38
CHM00052983,2014-09-03,TMAX,263
CHM00052983,2009-04-11,TMAX,211
CHM00056080,2014-06-24,TMIN,87
CHM00052983,2011-03-23,TMIN,-65
CHM00052983,2011-03-23,TMAX,24
CHM00056046,2014-05-12,TMIN,-9
CHM00052983,2007-07-21,TMAX,214
CHM00056080,2005-10-28,TMIN,-24
CHM00056080,2010-12-06,TMIN,-152
CHM00056080,2010-11-21,TMAX,69
CHM00056080,2005-10-28,TMAX,58
CHM00056080,2010-11-21,TMIN,-133
CHM00052889,2008-04-06,TMIN,81
CHM00056080,2010-05-15,TMAX,191
CHM00052889,2008-04-06,TMAX,259
CHM00052983,2011-04-25,TMAX,248
CHM00052983,2011-04-25,TMIN,55
CHM00052983,2013-10-18,TMAX,152
CHM00052983,2008-08-17,TMIN,101
CHM00052983,2008-08-17,TMAX,289
CHM00052983,2014-11-18,TMIN,-43
CHM00052983,2014-11-18,TMAX,78
CHM00052983,2011-03-24,TMAX,36
CHM00052983,2005-10-31,TMAX,121
CHM00056046,2010-09-28,TMAX,120
CHM00052889,2007-07-03,TMAX,317
CHM00056046,2010-09-28,TMIN,25
CHM00056080,2005-11-01,TMIN,-50
CHM00056080,2009-01-09,TMIN,-237
CHM00056080,2008-11-01,TMIN,-39
CHM00056080,2009-01-09,TMAX,1
CHM00056080,2008-11-01,TMAX,105
CHM00056080,2005-11-01,TMAX,115
CHM00052889,2007-07-03,TMIN,184
CHM00056046,2012-06-20,TMAX,130
CHM00056046,2012-06-20,TMIN,57
CHM00052889,2005-09-21,TMIN,57
CHM00052983,2012-08-30,TMIN,122
CHM00056046,2011-02-15,TMIN,-41
CHM00052889,2006-11-14,TMIN,-57
CHM00052889,2006-11-14,TMAX,100
CHM00056046,2012-08-25,TMIN,45
CHM00056046,2012-08-25,TMAX,159
CHM00056046,2014-06-01,TMIN,1
CHM00052983,2009-07-19,TMAX,220
CHM00056046,2011-02-15,TMAX,44
CHM00052983,2005-10-31,TMIN,-33
CHM00052983,2015-08-27,TMIN,99
CHM00056046,2005-11-10,TMIN,-84
CHM00056046,2005-11-10,TMAX,11
CHM00052983,2012-05-31,TMIN,103
CHM00056080,2008-08-27,TMAX,180
CHM00056046,2014-04-02,TMAX,24
CHM00052983,2012-01-13,TMIN,-135
CHM00056080,2005-11-05,TMIN,-40
CHM00052983,2011-03-24,TMIN,-64
CHM00052983,2012-01-13,TMAX,-36
CHM00056080,2014-12-14,TMIN,-143
CHM00056080,2008-06-09,TMIN,62
CHM00056080,2008-06-09,TMAX,196
CHM00056080,2014-12-14,TMAX,51
CHM00056080,2005-01-22,TMIN,-175
CHM00052889,2005-10-30,TMIN,-67
CHM00052889,2007-08-03,TMAX,334
CHM00052889,2007-08-03,TMIN,176
CHM00056080,2011-09-09,TMIN,27
CHM00056080,2011-09-09,TMAX,165
CHM00056046,2014-04-14,TMAX,96
CHM00052889,2007-07-04,TMIN,186
CHM00056046,2014-04-14,TMIN,-48
CHM00056046,2013-12-24,TMAX,-7
CHM00056046,2010-05-09,TMAX,91
CHM00052889,2005-10-20,TMIN,54
CHM00052889,2005-10-20,TMAX,101
CHM00052889,2007-07-04,TMAX,289
CHM00056046,2010-05-09,TMIN,16
CHM00056046,2009-07-13,TMIN,31
CHM00056046,2009-07-13,TMAX,170
CHM00056080,2005-01-22,TMAX,70
CHM00052983,2013-12-28,TMIN,-137
CHM00052983,2013-12-28,TMAX,-14
CHM00056046,2013-06-16,TMIN,64
CHM00056080,2008-04-13,TMIN,-32
CHM00056080,2008-04-13,TMAX,124
CHM00056080,2005-12-16,TMIN,-184
CHM00056080,2008-08-27,TMIN,75
CHM00052889,2005-09-21,TMAX,196
CHM00052983,2011-08-13,TMIN,172
CHM00056046,2010-08-09,TMAX,244
CHM00056080,2005-12-16,TMAX,62
CHM00056080,2010-05-22,TMAX,169
CHM00052889,2005-10-30,TMAX,123
CHM00056080,2010-05-22,TMIN,3
CHM00056046,2013-12-24,TMIN,-146
CHM00056080,2005-11-05,TMAX,72
CHM00052983,2011-08-13,TMAX,308
CHM00056046,2010-08-09,TMIN,40
CHM00056080,2008-09-05,TMIN,13
CHM00056046,2014-04-02,TMIN,-91
CHM00052983,2012-05-31,TMAX,185
CHM00056080,2014-11-30,TMIN,-105
CHM00056080,2014-11-30,TMAX,54
CHM00052983,2008-01-24,TMAX,-80
CHM00052889,2007-12-09,TMAX,44
CHM00052983,2005-12-18,TMAX,9
CHM00052889,2006-10-26,TMAX,192
CHM00052889,2006-10-26,TMIN,-6
CHM00052983,2005-12-18,TMIN,-141
CHM00056080,2013-07-10,TMIN,66
CHM00052889,2007-07-21,TMAX,230
CHM00056046,2013-02-20,TMIN,-158
CHM00052889,2007-07-21,TMIN,164
CHM00052889,2007-05-24,TMAX,239
CHM00056080,2005-11-10,TMIN,-15
CHM00056046,2013-02-20,TMAX,20
CHM00056080,2005-11-10,TMAX,90
CHM00052889,2007-05-24,TMIN,68
CHM00052889,2006-10-27,TMIN,1
CHM00056080,2015-12-18,TMAX,-61
CHM00056046,2007-05-04,TMAX,133
CHM00052889,2006-10-27,TMAX,148
CHM00052889,2005-11-23,TMIN,-109
CHM00056080,2013-04-22,TMAX,109
CHM00052983,2015-04-12,TMIN,-6
CHM00056080,2008-07-04,TMAX,174
CHM00056080,2009-07-12,TMIN,78
CHM00056080,2013-04-22,TMIN,41
CHM00052889,2005-02-14,TMIN,-49
CHM00052983,2007-07-30,TMAX,277
CHM00052983,2007-07-30,TMIN,111
CHM00052983,2015-03-05,TMIN,-100
CHM00052889,2005-02-14,TMAX,37
CHM00056080,2008-06-19,TMIN,60
CHM00052983,2015-03-05,TMAX,53
CHM00056080,2012-06-12,TMAX,174
CHM00056080,2008-06-19,TMAX,204
CHM00056080,2012-06-12,TMIN,79
CHM00052983,2011-01-15,TMIN,-213
CHM00056046,2007-05-04,TMIN,-106
CHM00056080,2015-12-18,TMIN,-172
CHM00052983,2008-01-24,TMIN,-159
CHM00052983,2011-02-16,TMIN,-95
CHM00056080,2014-03-08,TMAX,64
CHM00056046,2012-12-28,TMAX,20
CHM00052983,2011-01-31,TMIN,-184
CHM00056080,2009-08-13,TMIN,56
CHM00056080,2009-08-13,TMAX,188
CHM00056080,2014-03-08,TMIN,-105
CHM00056046,2011-11-24,TMIN,-136
CHM00052889,2006-12-05,TMIN,-84
CHM00052889,2006-12-05,TMAX,48
CHM00056046,2011-11-24,TMAX,67
CHM00052983,2005-10-21,TMAX,88
CHM00052889,2007-11-07,TMIN,2
CHM00052889,2007-11-07,TMAX,157
CHM00056080,2009-07-09,TMIN,114
CHM00052983,2011-06-15,TMIN,118
CHM00056080,2009-07-09,TMAX,215
CHM00056046,2014-06-01,TMAX,189
CHM00052983,2011-01-31,TMAX,1
CHM00052983,2006-07-20,TMAX,272
CHM00052983,2005-10-21,TMIN,0
CHM00056046,2012-12-28,TMIN,-142
CHM00052983,2011-02-16,TMAX,37
CHM00052983,2011-06-15,TMAX,317
CHM00056080,2007-06-06,TMAX,203
CHM00052983,2011-01-15,TMAX,-45
CHM00056080,2007-06-06,TMIN,33
CHM00052889,2007-12-09,TMIN,-16
CHM00052889,2005-02-10,TMIN,-129
CHM00056046,2011-06-13,TMIN,9
CHM00052983,2012-08-30,TMAX,260
CHM00052889,2005-02-10,TMAX,13
CHM00056080,2006-01-03,TMAX,171
CHM00052889,2005-01-14,TMAX,24
CHM00056080,2005-09-09,TMAX,233
CHM00052889,2005-01-14,TMIN,-172
CHM00056080,2005-09-09,TMIN,3
CHM00056046,2014-08-24,TMIN,2
CHM00056046,2014-08-24,TMAX,155
CHM00056046,2011-06-13,TMAX,103
CHM00056080,2006-01-03,TMIN,-108
CHM00056046,2014-07-30,TMAX,130
CHM00056046,2014-07-30,TMIN,75
CHM00052889,2006-07-22,TMAX,205
CHM00056046,2009-07-09,TMIN,84
CHM00056046,2009-07-09,TMAX,158
CHM00056046,2008-04-18,TMAX,117
CHM00052983,2007-08-01,TMAX,282
CHM00056046,2012-09-18,TMIN,25
CHM00056046,2007-11-18,TMIN,-145
CHM00056046,2007-11-18,TMAX,52
CHM00056080,2013-12-22,TMAX,0
CHM00056080,2010-08-11,TMAX,200
CHM00052983,2007-08-01,TMIN,105
CHM00056046,2010-10-11,TMIN,-11
CHM00056080,2013-12-22,TMIN,-190
CHM00056080,2012-11-03,TMAX,61
CHM00056080,2009-12-12,TMAX,57
CHM00052889,2005-01-20,TMAX,-11
CHM00052889,2005-01-20,TMIN,-83
CHM00052983,2015-04-15,TMIN,16
CHM00056080,2005-10-19,TMAX,67
CHM00052983,2015-04-15,TMAX,237
CHM00056046,2009-08-27,TMIN,67
CHM00056080,2009-01-06,TMIN,-152
CHM00052983,2011-09-10,TMAX,160
CHM00052983,2011-09-10,TMIN,82
CHM00052983,2015-08-02,TMIN,176
CHM00056046,2012-10-24,TMIN,-73
CHM00052983,2005-11-30,TMIN,-99
CHM00052983,2005-11-30,TMAX,10
CHM00056080,2011-03-01,TMAX,102
CHM00056046,2012-10-24,TMAX,50
CHM00056046,2009-12-19,TMAX,-55
CHM00056046,2009-12-19,TMIN,-176
CHM00056046,2013-04-07,TMAX,35
CHM00052983,2014-12-16,TMIN,-161
CHM00052983,2008-01-19,TMAX,-59
CHM00056046,2008-04-18,TMIN,-13
CHM00052983,2014-12-16,TMAX,-17
CHM00056080,2005-10-19,TMIN,26
CHM00056046,2012-09-18,TMAX,154
CHM00056046,2009-08-27,TMAX,159
CHM00052983,2006-09-09,TMAX,150
CHM00056046,2005-07-31,TMIN,94
CHM00056046,2005-07-31,TMAX,196
CHM00056046,2009-04-11,TMIN,-17
CHM00052889,2008-02-06,TMIN,-135
CHM00052889,2008-02-06,TMAX,-17
CHM00052889,2005-02-23,TMIN,-106
CHM00052889,2008-02-04,TMIN,-133
CHM00052889,2008-02-04,TMAX,-46
CHM00056046,2014-05-18,TMAX,146
CHM00056046,2013-12-30,TMAX,-30
CHM00056046,2008-03-22,TMIN,-131
CHM00052983,2009-03-18,TMAX,190
CHM00052983,2009-03-18,TMIN,17
CHM00056046,2005-12-16,TMAX,21
CHM00056046,2008-03-22,TMAX,31
CHM00052983,2012-09-04,TMIN,93
CHM00056046,2008-10-08,TMIN,-54
CHM00056046,2008-10-08,TMAX,52
CHM00056080,2007-08-02,TMIN,33
CHM00052889,2008-06-05,TMAX,303
CHM00056046,2009-04-11,TMAX,40
CHM00052889,2008-06-05,TMIN,170
CHM00052983,2010-12-06,TMAX,15
CHM00056046,2010-10-11,TMAX,81
CHM00056080,2012-09-08,TMAX,207
CHM00052983,2005-10-19,TMAX,97
CHM00052983,2011-11-19,TMIN,-58
CHM00056080,2008-03-24,TMIN,-49
CHM00056080,2008-03-24,TMAX,57
CHM00052889,2007-11-16,TMIN,6
CHM00052889,2007-11-16,TMAX,125
CHM00056080,2012-11-03,TMIN,-91
CHM00056080,2012-09-08,TMIN,63
CHM00056080,2009-12-12,TMIN,-87
CHM00052983,2011-11-19,TMAX,89
CHM00056046,2013-12-30,TMIN,-230
CHM00056046,2005-12-16,TMIN,-208
CHM00052889,2005-02-23,TMAX,109
CHM00056080,2011-12-24,TMIN,-187
CHM00052983,2012-09-04,TMAX,228
CHM00056080,2011-12-24,TMAX,11
CHM00056046,2015-04-21,TMIN,-75
CHM00056080,2013-05-22,TMIN,23
CHM00056080,2009-01-06,TMAX,-25
CHM00052983,2011-03-22,TMAX,-5
CHM00052983,2006-11-15,TMAX,65
CHM00056080,2010-07-19,TMIN,35
CHM00052983,2011-12-27,TMAX,8
CHM00052983,2009-12-17,TMIN,-130
CHM00052983,2013-01-14,TMAX,-4
CHM00052983,2008-03-31,TMAX,61
CHM00052983,2006-11-15,TMIN,-43
CHM00056080,2008-12-04,TMIN,-170
CHM00052889,2005-03-01,TMAX,68
CHM00052889,2007-06-09,TMAX,290
CHM00056080,2015-12-12,TMAX,-29
CHM00052889,2007-06-09,TMIN,150
CHM00056046,2006-01-03,TMIN,-181
CHM00052983,2009-01-10,TMAX,16
CHM00056080,2010-07-19,TMAX,230
CHM00052889,2005-12-31,TMIN,-135
CHM00052983,2009-01-10,TMIN,-154
CHM00052983,2009-12-17,TMAX,15
CHM00056046,2009-04-04,TMIN,-74
CHM00052889,2005-03-01,TMIN,-97
CHM00056080,2015-09-27,TMIN,44
CHM00056080,2009-12-31,TMAX,32
CHM00056080,2008-09-05,TMAX,209
CHM00052889,2006-07-22,TMIN,145
CHM00056080,2005-07-31,TMIN,109
CHM00056046,2005-11-23,TMAX,-11
CHM00056046,2014-09-25,TMIN,8
CHM00056080,2009-12-31,TMIN,-158
CHM00056046,2009-04-04,TMAX,68
CHM00052889,2005-12-31,TMAX,11
CHM00056080,2005-07-31,TMAX,212
CHM00056046,2014-09-25,TMAX,108
CHM00052983,2012-12-30,TMAX,-38
CHM00056046,2011-06-30,TMAX,193
CHM00056046,2011-06-30,TMIN,89
CHM00052983,2010-05-24,TMAX,252
CHM00052983,2012-12-30,TMIN,-204
CHM00056080,2014-05-01,TMAX,126
CHM00052983,2010-05-24,TMIN,127
CHM00056046,2005-11-23,TMIN,-168
CHM00052889,2005-11-23,TMAX,17
CHM00056080,2015-08-15,TMIN,27
CHM00056080,2008-02-02,TMAX,-68
CHM00056080,2011-03-01,TMIN,-129
CHM00056046,2014-08-01,TMIN,28
CHM00052889,2005-11-21,TMIN,-22
CHM00056046,2015-09-09,TMIN,50
CHM00052889,2005-11-21,TMAX,18
CHM00056046,2009-04-19,TMAX,47
CHM00056046,2009-04-19,TMIN,-85
CHM00052983,2007-06-10,TMIN,78
CHM00052983,2007-06-10,TMAX,254
CHM00056046,2008-10-03,TMIN,20
CHM00056046,2008-10-03,TMAX,93
CHM00052889,2006-09-26,TMAX,161
CHM00052889,2006-09-26,TMIN,100
CHM00052983,2005-11-14,TMAX,59
CHM00052983,2005-11-14,TMIN,-54
CHM00052983,2011-03-22,TMIN,-108
CHM00056080,2010-08-11,TMIN,135
CHM00056046,2014-08-01,TMAX,197
CHM00056046,2014-07-01,TMAX,150
CHM00056046,2014-03-07,TMAX,-21
CHM00056080,2013-05-19,TMAX,146
CHM00056046,2006-01-03,TMAX,98
CHM00056080,2005-11-23,TMAX,15
CHM00056080,2008-02-02,TMIN,-219
CHM00056080,2014-08-28,TMIN,24
CHM00056080,2005-11-23,TMIN,-117
CHM00056046,2009-08-05,TMIN,12
CHM00056080,2014-08-28,TMAX,236
CHM00056046,2009-08-05,TMAX,151
CHM00056080,2008-12-04,TMAX,-1
CHM00056046,2009-08-13,TMIN,10
CHM00056080,2008-06-15,TMAX,160
CHM00052889,2006-11-07,TMIN,-41
CHM00056080,2012-01-09,TMIN,-106
CHM00052889,2006-11-07,TMAX,165
CHM00056080,2012-01-09,TMAX,-23
CHM00056046,2009-08-13,TMAX,147
CHM00052983,2010-05-19,TMIN,36
CHM00052983,2010-05-19,TMAX,235
CHM00056080,2008-06-15,TMIN,40
CHM00056080,2013-07-31,TMAX,209
CHM00056080,2008-07-04,TMIN,71
CHM00052889,2005-08-31,TMAX,235
CHM00052889,2008-11-05,TMAX,121
CHM00056080,2012-05-17,TMAX,128
CHM00052889,2008-11-05,TMIN,65
CHM00056046,2015-08-10,TMIN,-5
CHM00056046,2011-03-24,TMIN,-104
CHM00052983,2008-11-01,TMAX,139
CHM00056080,2012-01-18,TMAX,-48
CHM00056080,2015-12-06,TMIN,-145
CHM00056080,2012-01-18,TMIN,-163
CHM00052983,2014-05-31,TMIN,105
CHM00052983,2013-02-16,TMIN,-74
CHM00052983,2008-11-01,TMIN,-3
CHM00056046,2005-11-21,TMAX,5
CHM00052983,2013-02-16,TMAX,28
CHM00056080,2015-12-06,TMAX,80
CHM00052889,2005-09-12,TMIN,100
CHM00052983,2014-01-17,TMAX,49
CHM00056080,2010-08-09,TMAX,245
CHM00052983,2013-03-29,TMIN,27
CHM00056080,2006-10-03,TMIN,28
CHM00056080,2006-10-03,TMAX,133
CHM00052889,2006-09-28,TMAX,220
CHM00052889,2006-09-28,TMIN,93
CHM00056046,2009-12-10,TMAX,70
CHM00056046,2009-12-10,TMIN,-132
CHM00056080,2012-10-22,TMIN,-44
CHM00056046,2010-06-02,TMAX,86
CHM00052889,2005-02-27,TMAX,56
CHM00056080,2005-12-31,TMIN,-98
CHM00056080,2015-04-04,TMAX,39
CHM00052889,2008-10-04,TMIN,85
CHM00056080,2005-12-31,TMAX,67
CHM00052889,2008-10-04,TMAX,190
CHM00056046,2011-03-24,TMAX,7
CHM00056080,2009-03-06,TMAX,37
CHM00056080,2009-03-06,TMIN,-104
CHM00052983,2014-05-31,TMAX,298
CHM00056080,2012-05-17,TMIN,31
CHM00056080,2010-08-09,TMIN,128
CHM00052983,2013-03-29,TMAX,186
CHM00052983,2014-01-17,TMIN,-131
CHM00056046,2013-06-15,TMAX,221
CHM00056080,2009-08-02,TMAX,171
CHM00056080,2009-01-13,TMIN,-200
CHM00052983,2014-07-31,TMAX,250
CHM00056046,2012-06-12,TMAX,153
CHM00056080,2007-07-14,TMAX,203
CHM00052889,2005-02-12,TMIN,-130
CHM00056080,2007-07-14,TMIN,42
CHM00052983,2010-08-04,TMAX,211
CHM00052983,2009-08-10,TMAX,232
CHM00052983,2007-11-11,TMIN,-23
CHM00052983,2007-11-11,TMAX,121
CHM00052983,2009-08-10,TMIN,77
CHM00056046,2005-12-31,TMIN,-196
CHM00056046,2005-12-31,TMAX,38
CHM00056046,2010-05-22,TMAX,127
CHM00056046,2010-05-22,TMIN,-24
CHM00056046,2012-06-12,TMIN,40
CHM00052889,2005-12-24,TMAX,9
CHM00052889,2005-12-24,TMIN,-152
CHM00052983,2015-03-07,TMIN,-16
CHM00052983,2015-03-07,TMAX,113
CHM00056046,2013-06-15,TMIN,75
CHM00052983,2014-08-02,TMAX,314
CHM00056080,2006-10-30,TMIN,-23
CHM00056080,2014-12-22,TMAX,10
CHM00056080,2006-10-30,TMAX,85
CHM00056080,2005-02-10,TMIN,-173
CHM00052889,2005-02-12,TMAX,80
CHM00056080,2005-02-10,TMAX,91
CHM00056080,2012-10-22,TMAX,110
CHM00052983,2014-08-02,TMIN,146
CHM00052889,2005-09-12,TMAX,195
CHM00052889,2005-09-17,TMIN,57
CHM00052983,2008-11-15,TMIN,-10
CHM00052889,2005-09-17,TMAX,251
CHM00052983,2008-11-15,TMAX,56
CHM00052983,2012-11-13,TMIN,-67
CHM00052983,2012-11-13,TMAX,136
CHM00052983,2009-12-16,TMAX,-17
CHM00056080,2014-12-22,TMIN,-158
CHM00056080,2013-07-29,TMAX,218
CHM00056046,2008-08-27,TMAX,154
CHM00056046,2010-01-03,TMAX,28
CHM00056046,2011-12-31,TMAX,9
CHM00052983,2007-06-11,TMIN,121
CHM00052983,2009-07-14,TMIN,160
CHM00052983,2009-07-14,TMAX,236
CHM00052983,2007-06-11,TMAX,237
CHM00056046,2005-08-31,TMIN,86
CHM00056046,2005-08-31,TMAX,145
CHM00056046,2011-12-31,TMIN,-215
CHM00056046,2007-07-05,TMIN,86
CHM00056046,2006-11-20,TMIN,-75
CHM00056046,2006-11-20,TMAX,-3
CHM00052889,2005-03-04,TMIN,-125
CHM00056080,2009-06-26,TMIN,89
CHM00056080,2013-02-21,TMAX,17
CHM00056080,2009-06-26,TMAX,223
CHM00052889,2005-03-04,TMAX,69
CHM00056046,2006-07-30,TMAX,175
CHM00056046,2007-07-14,TMIN,-5
CHM00056046,2007-07-05,TMAX,167
CHM00056046,2007-07-14,TMAX,181
CHM00056080,2015-12-05,TMIN,-136
CHM00052889,2005-12-06,TMIN,-166
CHM00056046,2005-08-13,TMIN,51
CHM00052983,2009-08-07,TMIN,145
CHM00056046,2005-08-13,TMAX,209
CHM00052983,2009-08-07,TMAX,220
CHM00056046,2011-12-21,TMIN,-204
CHM00052889,2005-12-06,TMAX,11
CHM00052983,2006-07-31,TMAX,283
CHM00056046,2015-12-18,TMIN,-196
CHM00052983,2006-07-31,TMIN,141
CHM00052889,2005-09-24,TMAX,208
CHM00052889,2005-09-24,TMIN,119
CHM00056046,2011-12-21,TMAX,40
CHM00056080,2012-10-24,TMIN,-18
CHM00056080,2012-10-24,TMAX,90
CHM00056046,2006-07-30,TMIN,69
CHM00052983,2011-01-03,TMAX,-61
CHM00052983,2008-07-08,TMIN,106
CHM00052889,2006-09-07,TMIN,132
CHM00052983,2011-08-17,TMAX,164
CHM00056046,2007-11-16,TMIN,-105
CHM00056046,2005-11-06,TMAX,9
CHM00052889,2005-02-01,TMAX,-2
CHM00056046,2010-09-21,TMIN,48
CHM00056046,2010-09-21,TMAX,132
CHM00052889,2008-04-14,TMAX,176
CHM00056080,2008-04-08,TMIN,5
CHM00056046,2007-07-10,TMAX,122
CHM00056046,2007-07-10,TMIN,84
CHM00056046,2005-11-06,TMIN,-118
CHM00052983,2008-07-08,TMAX,316
CHM00056046,2012-08-20,TMIN,1
CHM00052889,2005-02-27,TMIN,-98
CHM00056080,2008-04-08,TMAX,121
CHM00056046,2010-06-02,TMIN,5
CHM00056046,2008-08-27,TMIN,44
CHM00056046,2005-11-21,TMIN,-154
CHM00056046,2012-08-20,TMAX,165
CHM00052983,2008-06-13,TMAX,210
CHM00056046,2010-01-03,TMIN,-220
CHM00056080,2012-10-28,TMIN,-7
CHM00052889,2005-02-01,TMIN,-108
CHM00056046,2007-11-16,TMAX,75
CHM00052889,2006-09-07,TMAX,228
CHM00056080,2014-05-15,TMIN,8
CHM00056046,2015-10-01,TMIN,-25
CHM00056046,2006-11-07,TMIN,-150
CHM00056046,2006-11-07,TMAX,63
CHM00056080,2012-12-28,TMIN,-144
CHM00056080,2012-12-28,TMAX,-63
CHM00052983,2012-11-09,TMAX,59
CHM00052889,2008-04-14,TMIN,91
CHM00056080,2013-12-30,TMIN,-193
CHM00056046,2007-11-08,TMAX,51
CHM00052983,2014-02-23,TMIN,-46
CHM00052983,2014-02-23,TMAX,99
CHM00052983,2013-07-29,TMIN,102
CHM00052983,2013-07-29,TMAX,276
CHM00056080,2013-12-30,TMAX,16
CHM00056080,2012-10-28,TMAX,116
CHM00056046,2007-11-08,TMIN,-149
CHM00056046,2005-02-10,TMIN,-174
CHM00056046,2005-02-10,TMAX,5
CHM00056046,2007-06-30,TMAX,172
CHM00056046,2013-10-15,TMAX,103
CHM00052889,2005-09-08,TMAX,295
CHM00052889,2007-05-14,TMAX,246
CHM00056080,2007-11-18,TMIN,-102
CHM00052889,2008-04-01,TMIN,14
CHM00052889,2005-08-13,TMIN,144
CHM00052889,2005-08-13,TMAX,336
CHM00056046,2013-10-15,TMIN,-15
CHM00056080,2011-12-31,TMAX,56
CHM00052983,2012-06-15,TMAX,227
CHM00056080,2006-09-25,TMIN,54
CHM00056080,2008-03-25,TMIN,-58
CHM00056080,2009-12-10,TMAX,129
CHM00056046,2005-08-16,TMAX,131
CHM00056080,2015-09-11,TMAX,99
CHM00056080,2009-12-10,TMIN,-118
CHM00056080,2007-11-18,TMAX,94
CHM00056080,2007-05-04,TMAX,197
CHM00056080,2005-08-17,TMAX,203
CHM00052889,2007-05-14,TMIN,133
CHM00056046,2014-01-18,TMIN,-217
CHM00052889,2006-11-20,TMIN,-64
CHM00056080,2012-04-23,TMIN,26
CHM00052889,2006-11-20,TMAX,109
CHM00056080,2006-09-25,TMAX,93
CHM00056046,2010-02-14,TMIN,-114
CHM00056046,2005-08-16,TMIN,65
CHM00056046,2012-05-10,TMIN,3
CHM00056080,2008-03-25,TMAX,77
CHM00056046,2012-05-10,TMAX,152
CHM00052889,2005-09-08,TMIN,68
CHM00052983,2013-02-25,TMAX,106
CHM00052983,2015-09-22,TMAX,196
CHM00056080,2007-05-04,TMIN,-51
CHM00056046,2012-11-11,TMAX,50
CHM00056046,2012-11-11,TMIN,-162
CHM00056080,2008-06-21,TMAX,155
CHM00056080,2008-06-21,TMIN,92
CHM00056046,2014-01-18,TMAX,34
CHM00056046,2005-11-01,TMAX,17
CHM00052889,2008-04-01,TMAX,107
CHM00056046,2005-11-01,TMIN,-109
CHM00056080,2009-07-15,TMAX,232
CHM00052889,2007-05-29,TMAX,301
CHM00056080,2009-07-15,TMIN,135
CHM00052889,2007-05-29,TMIN,217
CHM00056080,2006-08-11,TMIN,103
CHM00056080,2007-07-10,TMAX,212
CHM00056046,2015-09-27,TMIN,25
CHM00056046,2006-10-30,TMIN,-116
CHM00056080,2011-08-14,TMAX,273
CHM00056080,2007-07-10,TMIN,58
CHM00056046,2006-10-30,TMAX,56
CHM00056080,2011-08-14,TMIN,151
CHM00052889,2007-05-11,TMIN,86
CHM00052889,2007-05-11,TMAX,171
CHM00056080,2009-07-12,TMAX,195
CHM00052983,2012-10-29,TMAX,123
CHM00052889,2005-08-31,TMIN,161
CHM00052983,2013-12-21,TMIN,-152
CHM00056046,2009-07-30,TMAX,170
CHM00056080,2006-08-11,TMAX,245
CHM00056080,2010-06-03,TMAX,181
CHM00056080,2008-06-06,TMAX,159
CHM00056080,2008-06-06,TMIN,34
CHM00056080,2015-04-03,TMIN,-5
CHM00056046,2005-09-09,TMAX,187
CHM00052983,2011-04-29,TMAX,202
CHM00056080,2010-05-09,TMIN,34
CHM00056080,2005-08-17,TMIN,55
CHM00056046,2005-09-09,TMIN,-28
CHM00056046,2013-12-22,TMIN,-209
CHM00056080,2010-05-09,TMAX,126
CHM00052889,2008-04-12,TMAX,139
CHM00052889,2008-04-12,TMIN,53
CHM00056080,2010-06-03,TMIN,36
CHM00056080,2011-12-31,TMIN,-172
CHM00056046,2009-12-31,TMIN,-181
CHM00056046,2014-02-22,TMIN,-174
CHM00056046,2009-07-30,TMIN,93
CHM00056046,2014-02-22,TMAX,13
CHM00056046,2009-12-31,TMAX,-30
CHM00052983,2013-11-04,TMIN,-20
CHM00052983,2007-07-12,TMAX,192
CHM00056080,2007-12-17,TMIN,-134
CHM00056080,2012-05-05,TMIN,68
CHM00056080,2005-11-06,TMAX,97
CHM00056080,2005-11-06,TMIN,-77
CHM00056080,2009-08-20,TMAX,210
CHM00052983,2014-12-30,TMAX,44
CHM00052983,2014-12-30,TMIN,-125
CHM00056080,2009-08-20,TMIN,75
CHM00056080,2015-04-10,TMIN,-20
CHM00052983,2014-12-15,TMAX,-59
CHM00052889,2007-05-28,TMAX,320
CHM00052889,2008-07-05,TMAX,333
CHM00056046,2009-03-13,TMIN,-159
CHM00056046,2009-03-13,TMAX,29
CHM00052983,2011-04-28,TMIN,84
CHM00052889,2008-07-05,TMIN,134
CHM00056046,2011-01-14,TMIN,-200
CHM00056080,2014-02-25,TMIN,-103
CHM00052983,2005-11-13,TMAX,73
CHM00056080,2012-05-05,TMAX,133
CHM00056080,2012-08-25,TMAX,194
CHM00052983,2007-11-19,TMIN,-52
CHM00056080,2009-08-02,TMIN,114
CHM00056046,2007-06-30,TMIN,38
CHM00056080,2015-08-10,TMIN,48
CHM00056080,2009-01-13,TMAX,38
CHM00056080,2013-07-29,TMIN,43
CHM00052889,2005-08-06,TMIN,153
CHM00052889,2005-08-06,TMAX,251
CHM00056080,2011-11-24,TMIN,-80
CHM00052983,2013-11-03,TMIN,-26
CHM00052889,2007-05-28,TMIN,161
CHM00052983,2007-07-06,TMAX,266
CHM00056080,2011-11-24,TMAX,116
CHM00056080,2010-01-13,TMIN,-189
CHM00052983,2007-07-06,TMIN,129
CHM00052983,2007-05-26,TMIN,105
CHM00052983,2007-05-26,TMAX,258
CHM00056080,2012-08-25,TMIN,50
CHM00052983,2007-11-19,TMAX,76
CHM00056080,2010-01-13,TMAX,43
CHM00052983,2013-12-21,TMAX,-16
CHM00056080,2014-02-25,TMAX,119
CHM00056046,2006-08-11,TMAX,224
CHM00056080,2007-12-17,TMAX,8
CHM00056046,2007-12-08,TMAX,-22
CHM00056046,2009-01-03,TMAX,-56
CHM00052983,2013-10-11,TMIN,53
CHM00056046,2007-06-06,TMAX,115
CHM00052983,2014-09-29,TMAX,217
CHM00052983,2014-11-25,TMIN,-65
CHM00052889,2006-08-20,TMAX,200
CHM00052983,2014-11-25,TMAX,110
CHM00056046,2007-06-06,TMIN,33
CHM00056080,2009-03-21,TMAX,83
CHM00056080,2011-08-12,TMAX,275
CHM00056080,2011-08-12,TMIN,76
CHM00056046,2014-08-07,TMAX,158
CHM00056080,2009-03-21,TMIN,-11
CHM00056046,2010-02-14,TMAX,10
CHM00056080,2012-04-23,TMAX,157
CHM00052889,2006-08-20,TMIN,126
CHM00056046,2011-01-14,TMAX,-36
CHM00056046,2007-12-08,TMIN,-106
CHM00056046,2009-01-03,TMIN,-214
CHM00056046,2006-08-11,TMIN,33
CHM00056080,2007-11-25,TMAX,-6
CHM00056080,2007-11-25,TMIN,-115
CHM00056046,2005-08-17,TMAX,167
CHM00052983,2011-04-28,TMAX,291
CHM00056046,2012-08-21,TMIN,51
CHM00056046,2011-01-28,TMAX,-78
CHM00056080,2011-08-24,TMAX,192
CHM00056046,2011-01-28,TMIN,-212
CHM00056080,2010-10-02,TMAX,146
CHM00056046,2009-06-26,TMIN,76
CHM00056046,2005-08-17,TMIN,18
CHM00056080,2011-08-24,TMIN,37
CHM00056080,2014-05-15,TMAX,97
CHM00052983,2011-03-29,TMIN,-20
CHM00056046,2012-08-21,TMAX,126
CHM00052983,2011-03-29,TMAX,147
CHM00056046,2009-06-26,TMAX,181
CHM00056080,2010-10-02,TMIN,21
CHM00052983,2009-12-23,TMIN,-111
CHM00056080,2009-04-15,TMIN,30
CHM00056046,2013-08-10,TMIN,33
CHM00056046,2007-07-20,TMIN,43
CHM00052889,2006-11-09,TMIN,-1
CHM00056080,2007-11-11,TMIN,-49
CHM00056080,2014-04-04,TMAX,95
CHM00052889,2008-08-19,TMIN,184
CHM00056046,2011-09-08,TMAX,109
CHM00052983,2014-03-06,TMIN,-46
CHM00052983,2009-04-14,TMAX,238
CHM00056080,2007-05-24,TMAX,159
CHM00056080,2007-05-24,TMIN,4
CHM00056046,2011-09-08,TMIN,-12
CHM00052983,2009-04-14,TMIN,78
CHM00056046,2009-07-16,TMAX,190
CHM00052983,2014-03-06,TMAX,81
CHM00056080,2010-02-05,TMIN,-158
CHM00056080,2010-02-05,TMAX,77
CHM00052983,2011-09-21,TMAX,120
CHM00056046,2010-10-05,TMAX,80
CHM00056080,2007-11-11,TMAX,102
CHM00052983,2009-04-09,TMAX,178
CHM00052889,2006-07-20,TMAX,279
CHM00056046,2009-01-13,TMIN,-230
CHM00052983,2011-06-25,TMAX,276
CHM00052983,2011-06-25,TMIN,121
CHM00056080,2009-04-17,TMIN,26
CHM00056080,2007-05-16,TMAX,186
CHM00056080,2007-05-16,TMIN,22
CHM00056080,2011-04-25,TMIN,-28
CHM00056080,2010-01-08,TMAX,108
CHM00052889,2005-12-28,TMIN,-175
CHM00052983,2006-09-17,TMAX,154
CHM00056080,2011-04-25,TMAX,178
CHM00056080,2009-04-17,TMAX,194
CHM00056046,2009-01-13,TMAX,-25
CHM00052983,2010-11-17,TMIN,-66
CHM00052983,2010-11-17,TMAX,110
CHM00056080,2005-11-19,TMIN,-195
CHM00052889,2006-07-20,TMIN,192
CHM00056080,2009-01-08,TMAX,-22
CHM00052983,2006-01-01,TMIN,-111
CHM00056046,2007-07-01,TMIN,75
CHM00052983,2010-12-29,TMAX,-65
CHM00056046,2013-03-20,TMIN,-151
CHM00056080,2012-08-28,TMIN,63
CHM00056080,2012-08-28,TMAX,203
CHM00052983,2009-03-15,TMIN,-18
CHM00056080,2006-09-11,TMAX,134
CHM00056080,2006-09-11,TMIN,37
CHM00052983,2009-03-15,TMAX,136
CHM00056046,2005-11-04,TMIN,-105
CHM00052889,2007-07-09,TMAX,335
CHM00056080,2007-07-21,TMAX,173
CHM00052889,2007-07-09,TMIN,204
CHM00056080,2007-07-21,TMIN,84
CHM00056046,2009-04-22,TMAX,109
CHM00056046,2009-04-22,TMIN,-19
CHM00056046,2006-07-22,TMAX,131
CHM00056046,2009-12-16,TMIN,-154
CHM00056046,2009-12-16,TMAX,-41
CHM00056046,2014-04-27,TMAX,79
CHM00052889,2008-03-15,TMIN,63
CHM00052889,2008-03-15,TMAX,171
CHM00056080,2007-08-03,TMIN,44
CHM00056080,2010-02-07,TMAX,152
CHM00056080,2010-02-07,TMIN,-86
CHM00056046,2007-07-01,TMAX,167
CHM00056046,2009-07-16,TMIN,101
CHM00056046,2007-07-20,TMAX,149
CHM00052889,2006-11-09,TMAX,153
CHM00056046,2010-10-05,TMIN,-12
CHM00056046,2014-04-27,TMIN,-28
CHM00056080,2005-11-19,TMAX,-11
CHM00056046,2005-11-04,TMAX,51
CHM00056080,2008-04-01,TMIN,-58
CHM00052889,2008-08-19,TMAX,327
CHM00056046,2012-11-04,TMIN,-152
CHM00056080,2008-04-01,TMAX,45
CHM00056080,2007-08-03,TMAX,244
CHM00056080,2012-05-13,TMIN,6
CHM00056080,2012-05-13,TMAX,109
CHM00052983,2014-09-25,TMAX,214
CHM00056046,2012-11-04,TMAX,41
CHM00056046,2013-02-21,TMAX,-11
CHM00056046,2012-05-28,TMIN,13
CHM00052983,2008-04-07,TMAX,222
CHM00056080,2009-04-02,TMIN,-41
CHM00056046,2007-08-02,TMAX,176
CHM00052889,2006-08-23,TMAX,281
CHM00052889,2006-08-23,TMIN,157
CHM00056080,2007-07-23,TMIN,58
CHM00056046,2008-07-04,TMAX,100
CHM00056080,2007-07-23,TMAX,195
CHM00052889,2007-11-14,TMAX,139
CHM00056046,2008-03-16,TMAX,36
CHM00056046,2008-03-16,TMIN,-68
CHM00052889,2007-11-14,TMIN,12
CHM00052889,2005-02-28,TMIN,-106
CHM00052889,2008-09-03,TMAX,260
CHM00052889,2008-09-03,TMIN,103
CHM00056080,2010-02-14,TMAX,26
CHM00056080,2014-05-27,TMAX,138
CHM00056080,2014-05-27,TMIN,42
CHM00056046,2007-08-02,TMIN,-9
CHM00056080,2009-12-16,TMIN,-147
CHM00052983,2014-03-02,TMAX,69
CHM00052983,2009-01-15,TMAX,51
CHM00056046,2007-08-03,TMAX,187
CHM00056046,2011-06-28,TMAX,196
CHM00056046,2007-08-03,TMIN,17
CHM00056046,2011-06-28,TMIN,7
CHM00056080,2005-02-23,TMAX,74
CHM00056080,2005-08-26,TMAX,192
CHM00056080,2005-08-26,TMIN,35
CHM00052983,2007-11-03,TMAX,75
CHM00052889,2005-12-08,TMAX,46
CHM00052889,2005-12-08,TMIN,-146
CHM00052889,2005-02-05,TMAX,66
CHM00052983,2008-07-09,TMAX,309
CHM00052889,2005-02-05,TMIN,-102
CHM00052983,2008-07-09,TMIN,123
CHM00056046,2006-09-11,TMIN,-36
CHM00052983,2015-03-14,TMIN,-49
CHM00056080,2005-02-23,TMIN,-112
CHM00056080,2014-08-27,TMIN,15
CHM00056080,2008-12-28,TMIN,-163
CHM00056046,2007-05-16,TMAX,99
CHM00056046,2007-05-16,TMIN,12
CHM00056046,2007-07-08,TMIN,90
CHM00056080,2012-09-25,TMIN,3
CHM00052889,2005-11-30,TMIN,-129
CHM00052889,2005-11-30,TMAX,31
CHM00056080,2012-09-25,TMAX,113
CHM00056046,2012-05-28,TMAX,140
CHM00056046,2007-07-08,TMAX,197
CHM00052983,2006-10-28,TMIN,9
CHM00052983,2006-10-28,TMAX,160
CHM00052983,2006-09-30,TMAX,204
CHM00056046,2013-03-20,TMAX,64
CHM00056080,2010-01-08,TMIN,-157
CHM00052983,2008-04-07,TMIN,41
CHM00052983,2013-07-31,TMAX,270
CHM00056046,2011-07-01,TMIN,76
CHM00056046,2011-07-01,TMAX,188
CHM00056080,2009-01-08,TMIN,-203
CHM00056080,2009-04-02,TMAX,134
CHM00056046,2014-11-22,TMIN,-108
CHM00052983,2011-08-25,TMAX,252
CHM00056046,2014-11-22,TMAX,30
CHM00056046,2013-02-13,TMAX,13
CHM00056080,2008-12-28,TMAX,28
CHM00052889,2008-04-03,TMAX,167
CHM00056046,2005-09-06,TMIN,-9
CHM00056080,2009-12-16,TMAX,-19
CHM00056046,2013-03-31,TMAX,90
CHM00056046,2005-09-06,TMAX,105
CHM00056080,2010-02-14,TMIN,-128
CHM00052889,2005-12-28,TMAX,37
CHM00052889,2008-04-03,TMIN,45
CHM00056046,2006-11-08,TMIN,-140
CHM00056080,2012-11-11,TMAX,108
CHM00052983,2014-07-29,TMAX,324
CHM00052983,2010-09-30,TMAX,183
CHM00056080,2012-11-11,TMIN,-115
CHM00052889,2006-09-27,TMAX,201
CHM00052889,2006-09-27,TMIN,112
CHM00052983,2006-09-30,TMIN,34
CHM00056046,2006-11-08,TMAX,73
CHM00056080,2010-07-31,TMIN,106
CHM00056080,2010-07-31,TMAX,272
CHM00056046,2014-07-06,TMAX,201
CHM00052983,2012-09-06,TMIN,104
CHM00052983,2012-09-06,TMAX,235
CHM00056046,2014-12-28,TMAX,-100
CHM00056080,2011-09-18,TMAX,117
CHM00056080,2013-08-01,TMIN,49
CHM00052983,2009-12-22,TMIN,-127
CHM00052983,2006-09-19,TMAX,243
CHM00056080,2014-08-03,TMAX,216
CHM00056046,2010-07-18,TMAX,154
CHM00056046,2007-07-26,TMAX,174
CHM00056046,2007-07-26,TMIN,41
CHM00056046,2008-12-11,TMIN,-158
CHM00056046,2012-01-08,TMAX,-24
CHM00056046,2011-05-31,TMAX,109
CHM00056046,2011-05-31,TMIN,-3
CHM00056046,2012-01-08,TMIN,-148
CHM00056046,2010-02-12,TMAX,53
CHM00052983,2012-09-22,TMAX,197
CHM00056046,2010-02-12,TMIN,-135
CHM00052983,2012-09-22,TMIN,86
CHM00056046,2010-02-05,TMAX,-1
CHM00052983,2005-09-09,TMAX,305
CHM00056080,2008-11-02,TMAX,97
CHM00052983,2005-09-09,TMIN,70
CHM00056080,2008-11-02,TMIN,-60
CHM00052983,2009-08-21,TMAX,211
CHM00052983,2011-03-31,TMAX,85
CHM00056080,2014-11-22,TMAX,77
CHM00052889,2007-05-27,TMIN,151
CHM00052983,2006-09-19,TMIN,44
CHM00056080,2014-11-22,TMIN,-41
CHM00052983,2009-12-22,TMAX,14
CHM00052983,2009-01-03,TMAX,-38
CHM00056080,2011-09-18,TMIN,8
CHM00052983,2009-01-03,TMIN,-119
CHM00056046,2009-04-15,TMIN,-10
CHM00056046,2009-04-15,TMAX,107
CHM00056046,2010-02-05,TMIN,-200
CHM00052983,2014-08-03,TMAX,259
CHM00056080,2006-11-08,TMAX,110
CHM00056080,2006-11-08,TMIN,-71
CHM00056080,2009-01-04,TMIN,-182
CHM00052983,2010-10-03,TMAX,171
CHM00056080,2015-04-15,TMAX,200
CHM00056046,2007-05-08,TMIN,11
CHM00056080,2009-09-03,TMIN,113
CHM00056080,2009-09-03,TMAX,206
CHM00052983,2005-11-03,TMIN,6
CHM00056080,2015-04-28,TMIN,-28
CHM00052983,2005-11-03,TMAX,144
CHM00056046,2005-10-30,TMIN,-138
CHM00056046,2005-08-09,TMAX,183
CHM00052983,2014-09-28,TMAX,204
CHM00056046,2012-09-03,TMAX,143
CHM00056080,2010-05-15,TMIN,73
CHM00056046,2005-08-09,TMIN,93
CHM00056046,2012-09-03,TMIN,-33
CHM00056046,2005-01-20,TMAX,-45
CHM00056046,2005-01-20,TMIN,-136
CHM00056080,2012-04-18,TMAX,124
CHM00056080,2015-04-15,TMIN,-63
CHM00056046,2007-05-08,TMAX,117
CHM00052983,2009-07-10,TMAX,254
CHM00056046,2008-12-11,TMAX,53
CHM00056080,2009-01-04,TMAX,40
CHM00056046,2010-07-18,TMIN,53
CHM00056046,2008-10-02,TMAX,104
CHM00056080,2008-04-10,TMIN,3
CHM00056080,2008-04-10,TMAX,131
CHM00056046,2014-09-27,TMAX,103
CHM00056046,2008-10-02,TMIN,31
CHM00056046,2015-08-15,TMIN,22
CHM00056046,2005-10-30,TMAX,13
CHM00052983,2010-10-03,TMIN,3
CHM00056046,2014-02-25,TMAX,37
CHM00056080,2012-04-18,TMIN,-42
CHM00056080,2006-07-22,TMAX,137
CHM00056046,2009-07-07,TMAX,177
CHM00056046,2009-07-07,TMIN,102
CHM00056080,2006-07-22,TMIN,91
CHM00056080,2011-01-16,TMIN,-209
CHM00056046,2014-02-25,TMIN,-139
CHM00056080,2010-06-11,TMIN,68
CHM00056080,2010-06-11,TMAX,164
CHM00056080,2011-01-07,TMAX,78
CHM00052983,2007-11-12,TMIN,-26
CHM00056046,2007-07-23,TMIN,33
CHM00056046,2007-07-23,TMAX,172
CHM00052983,2006-12-11,TMAX,35
CHM00052889,2006-01-03,TMAX,-24
CHM00056080,2015-12-23,TMIN,-137
CHM00056080,2014-06-22,TMIN,76
CHM00052983,2007-07-17,TMIN,164
CHM00056080,2014-06-22,TMAX,188
CHM00052983,2007-07-17,TMAX,242
CHM00052983,2013-04-09,TMAX,120
CHM00056046,2013-09-01,TMIN,62
CHM00052983,2013-04-09,TMIN,-43
CHM00052983,2008-03-23,TMIN,-25
CHM00056046,2013-11-09,TMAX,69
CHM00056046,2013-11-09,TMIN,-102
CHM00056080,2008-12-27,TMIN,-140
CHM00052983,2007-11-30,TMAX,76
CHM00052983,2007-11-30,TMIN,-76
CHM00052983,2006-12-11,TMIN,-132
CHM00052983,2010-10-06,TMAX,177
CHM00056046,2015-03-12,TMIN,-140
CHM00056046,2014-07-06,TMIN,84
CHM00056046,2006-07-22,TMIN,98
CHM00052983,2014-04-17,TMAX,104
CHM00052983,2012-11-15,TMAX,25
CHM00052983,2006-08-05,TMIN,112
CHM00056046,2006-08-23,TMAX,147
CHM00056046,2006-08-23,TMIN,51
CHM00052983,2014-12-29,TMAX,61
CHM00052983,2006-08-05,TMAX,300
CHM00052983,2012-11-15,TMIN,-33
CHM00052983,2008-06-30,TMAX,260
CHM00056046,2007-12-23,TMAX,9
CHM00056046,2007-12-23,TMIN,-173
CHM00052889,2006-01-03,TMIN,-66
CHM00052983,2007-11-12,TMAX,106
CHM00052983,2011-12-21,TMAX,-33
CHM00056080,2015-09-30,TMAX,172
CHM00052983,2014-04-17,TMIN,73
CHM00056046,2006-09-11,TMAX,118
CHM00052983,2008-03-23,TMAX,128
CHM00056080,2015-12-23,TMAX,7
CHM00052983,2005-01-17,TMAX,-1
CHM00052983,2008-08-20,TMIN,138
CHM00052889,2008-11-02,TMIN,15
CHM00052983,2015-07-27,TMIN,138
CHM00052983,2011-04-26,TMAX,231
CHM00052889,2008-11-02,TMAX,166
CHM00052983,2011-04-26,TMIN,77
CHM00052889,2007-05-27,TMAX,286
CHM00052983,2011-08-21,TMAX,266
CHM00052983,2011-08-21,TMIN,113
CHM00056046,2005-09-18,TMAX,166
CHM00056046,2005-09-18,TMIN,52
CHM00056080,2014-03-05,TMIN,-87
CHM00056080,2014-03-05,TMAX,51
CHM00052983,2010-06-05,TMIN,82
CHM00052983,2010-06-05,TMAX,223
CHM00056080,2011-01-07,TMIN,-173
CHM00052983,2005-01-17,TMIN,-135
CHM00052983,2008-08-20,TMAX,204
CHM00052983,2007-05-20,TMAX,285
CHM00052983,2009-12-18,TMAX,-10
CHM00052889,2006-09-23,TMAX,212
CHM00052889,2006-09-23,TMIN,146
CHM00052983,2010-05-03,TMAX,250
CHM00052983,2007-11-04,TMAX,134
CHM00056080,2006-08-23,TMIN,67
CHM00052983,2007-11-04,TMIN,-41
CHM00052889,2006-07-25,TMAX,316
CHM00052889,2006-07-25,TMIN,100
CHM00056080,2006-08-23,TMAX,160
CHM00052983,2014-12-29,TMIN,-117
CHM00052983,2010-10-13,TMIN,15
CHM00056046,2007-11-11,TMIN,-60
CHM00056046,2007-11-11,TMAX,27
CHM00052983,2009-12-18,TMIN,-135
CHM00056080,2008-12-27,TMAX,54
CHM00052983,2010-10-13,TMAX,148
CHM00052983,2007-05-20,TMIN,112
CHM00056046,2012-11-07,TMAX,43
CHM00056046,2012-11-07,TMIN,-75
CHM00056080,2009-04-15,TMAX,156
CHM00056046,2010-01-07,TMIN,-199
CHM00052983,2009-01-15,TMIN,-148
CHM00052983,2011-11-20,TMIN,-50
CHM00052983,2011-11-20,TMAX,96
CHM00052889,2006-11-30,TMIN,-113
CHM00056046,2008-06-15,TMIN,-9
CHM00056046,2008-06-15,TMAX,127
CHM00052983,2009-08-30,TMAX,259
CHM00056046,2005-02-12,TMAX,4
CHM00056046,2014-12-14,TMAX,73
CHM00056046,2013-01-15,TMIN,-201
CHM00056046,2013-01-15,TMAX,11
CHM00056046,2005-02-12,TMIN,-122
CHM00056080,2012-04-22,TMIN,-42
CHM00056080,2012-04-22,TMAX,190
CHM00052983,2012-01-14,TMAX,-21
CHM00052889,2008-09-25,TMIN,109
CHM00052889,2008-09-25,TMAX,149
CHM00052983,2009-08-30,TMIN,79
CHM00056080,2011-06-30,TMIN,101
CHM00052983,2010-01-02,TMIN,-127
CHM00056080,2011-06-30,TMAX,196
CHM00056046,2014-12-14,TMIN,-127
CHM00052889,2008-01-26,TMIN,-143
CHM00052889,2008-01-26,TMAX,-98
CHM00056080,2013-01-03,TMAX,-12
CHM00052889,2008-03-25,TMIN,29
CHM00052889,2006-09-11,TMAX,229
CHM00052889,2006-09-11,TMIN,95
CHM00056080,2013-01-03,TMIN,-168
CHM00052983,2007-06-08,TMAX,235
CHM00052889,2007-07-26,TMAX,316
CHM00052983,2010-01-02,TMAX,51
CHM00052889,2008-03-25,TMAX,194
CHM00052889,2007-07-26,TMIN,174
CHM00052983,2007-07-02,TMIN,133
CHM00052983,2014-12-25,TMAX,42
CHM00052983,2014-12-25,TMIN,-111
CHM00056046,2008-01-21,TMIN,-106
CHM00056046,2008-01-21,TMAX,-54
CHM00052983,2007-07-02,TMAX,241
CHM00052889,2006-11-30,TMAX,32
CHM00052983,2012-01-14,TMIN,-143
CHM00052983,2012-09-25,TMAX,145
CHM00056046,2012-10-23,TMAX,75
CHM00052983,2013-04-20,TMIN,17
CHM00052983,2006-08-29,TMIN,110
CHM00052983,2006-08-29,TMAX,204
CHM00052889,2005-12-14,TMIN,-184
CHM00056046,2012-05-07,TMAX,114
CHM00056046,2011-09-04,TMIN,66
CHM00056046,2015-12-12,TMIN,-114
CHM00056046,2011-09-04,TMAX,207
CHM00056046,2006-10-28,TMIN,-99
CHM00052889,2008-08-31,TMAX,273
CHM00052983,2015-08-28,TMIN,115
CHM00052983,2012-08-22,TMAX,248
CHM00056046,2011-11-29,TMAX,23
CHM00056046,2011-11-29,TMIN,-80
CHM00056046,2010-05-18,TMAX,118
CHM00056046,2010-05-18,TMIN,-12
CHM00052889,2005-12-14,TMAX,-48
CHM00056046,2005-11-19,TMIN,-174
CHM00056080,2009-04-11,TMIN,4
CHM00056080,2009-04-11,TMAX,118
CHM00056046,2008-04-13,TMIN,-70
CHM00056046,2008-04-13,TMAX,60
CHM00056046,2012-09-02,TMAX,142
CHM00056046,2012-09-02,TMIN,-48
CHM00052983,2009-04-01,TMAX,117
CHM00056046,2008-07-03,TMAX,143
CHM00052983,2010-07-29,TMAX,359
CHM00052983,2013-04-20,TMAX,215
CHM00056046,2007-05-29,TMIN,45
CHM00056046,2008-07-03,TMIN,63
CHM00052983,2009-04-01,TMIN,-20
CHM00052889,2006-10-30,TMIN,17
CHM00052889,2006-10-30,TMAX,140
CHM00052889,2007-05-16,TMAX,285
CHM00052889,2007-05-16,TMIN,127
CHM00056046,2009-12-25,TMAX,-70
CHM00056046,2009-12-25,TMIN,-249
CHM00056046,2005-11-19,TMAX,-9
CHM00052983,2010-07-29,TMIN,174
CHM00056046,2015-12-12,TMAX,48
CHM00056080,2009-12-19,TMIN,-174
CHM00056046,2007-05-29,TMAX,142
CHM00056080,2007-08-02,TMAX,222
CHM00052983,2015-09-29,TMIN,97
CHM00056080,2010-02-03,TMAX,17
CHM00056080,2010-02-03,TMIN,-138
CHM00056046,2010-01-15,TMIN,-179
CHM00056080,2011-12-04,TMIN,-108
CHM00056080,2011-12-04,TMAX,9
CHM00056046,2008-09-27,TMAX,112
CHM00056046,2014-02-21,TMIN,-178
CHM00056046,2008-09-27,TMIN,44
CHM00056080,2005-09-25,TMIN,61
CHM00056080,2005-09-25,TMAX,131
CHM00052983,2014-01-15,TMAX,27
CHM00056080,2009-07-13,TMAX,231
CHM00052983,2010-10-21,TMAX,179
CHM00056080,2009-07-13,TMIN,79
CHM00056080,2009-08-27,TMAX,203
CHM00052983,2006-09-02,TMAX,247
CHM00052983,2010-10-21,TMIN,47
CHM00052983,2009-04-13,TMAX,247
CHM00056046,2010-01-15,TMAX,7
CHM00056046,2008-04-08,TMIN,-41
CHM00052889,2007-05-04,TMIN,84
CHM00056080,2010-09-28,TMAX,99
CHM00052889,2007-05-04,TMAX,293
CHM00056046,2008-04-08,TMAX,81
CHM00056080,2010-09-28,TMIN,52
CHM00056046,2015-12-06,TMIN,-179
CHM00056046,2011-12-02,TMIN,-178
CHM00056046,2011-12-02,TMAX,30
CHM00056080,2013-01-07,TMAX,-8
CHM00056080,2013-01-07,TMIN,-194
CHM00056046,2014-02-21,TMAX,4
CHM00052983,2006-09-02,TMIN,105
CHM00056080,2012-11-07,TMIN,-52
CHM00056080,2012-11-07,TMAX,31
CHM00052983,2009-04-13,TMIN,46
CHM00052889,2006-01-05,TMAX,-82
CHM00052889,2006-01-05,TMIN,-133
CHM00056080,2008-04-16,TMAX,169
CHM00056080,2009-08-27,TMIN,62
CHM00056046,2008-06-09,TMIN,-8
CHM00056080,2011-07-01,TMAX,211
CHM00052983,2013-10-09,TMIN,44
CHM00052983,2013-10-09,TMAX,227
CHM00052889,2005-11-10,TMIN,14
CHM00056046,2015-09-30,TMAX,155
CHM00052889,2005-11-10,TMAX,143
CHM00056080,2009-12-19,TMAX,16
CHM00056046,2014-12-09,TMAX,66
CHM00052983,2014-05-15,TMAX,176
CHM00056046,2011-05-01,TMIN,-3
CHM00052983,2009-12-21,TMIN,-140
CHM00052983,2009-12-21,TMAX,45
CHM00052889,2005-08-22,TMIN,144
CHM00052983,2005-12-03,TMAX,-62
CHM00052889,2005-08-26,TMAX,290
CHM00056046,2011-01-31,TMAX,-24
CHM00056080,2015-08-19,TMAX,159
CHM00056080,2011-07-01,TMIN,109
CHM00056046,2013-12-20,TMIN,-167
CHM00056046,2013-12-20,TMAX,-65
CHM00052889,2005-08-22,TMAX,256
CHM00056046,2008-06-09,TMAX,144
CHM00056080,2008-04-16,TMIN,-44
CHM00056046,2008-12-03,TMIN,-115
CHM00052889,2005-09-18,TMAX,275
CHM00052889,2005-09-18,TMIN,100
CHM00056080,2009-04-19,TMAX,139
CHM00056080,2009-04-19,TMIN,-21
CHM00056046,2005-11-05,TMIN,-80
CHM00052889,2005-08-26,TMIN,116
CHM00056046,2008-12-03,TMAX,-7
CHM00052983,2014-05-15,TMIN,22
CHM00056046,2005-11-05,TMAX,3
CHM00052983,2009-03-20,TMIN,37
CHM00056046,2011-01-31,TMIN,-203
CHM00052983,2009-03-20,TMAX,219
CHM00052983,2013-05-17,TMIN,72
CHM00056046,2011-05-01,TMAX,135
CHM00056080,2007-07-20,TMAX,205
CHM00056080,2007-07-20,TMIN,78
CHM00056046,2012-05-07,TMIN,8
CHM00052983,2008-12-13,TMAX,16
CHM00056046,2006-10-28,TMAX,56
CHM00052983,2011-09-23,TMIN,68
CHM00052983,2007-12-23,TMAX,44
CHM00056046,2005-08-26,TMAX,129
CHM00052983,2007-07-14,TMIN,92
CHM00056046,2005-08-26,TMIN,61
CHM00056080,2014-02-21,TMAX,62
CHM00056080,2011-06-19,TMIN,119
CHM00052983,2011-09-23,TMAX,194
CHM00056080,2014-01-09,TMAX,11
CHM00056080,2013-05-18,TMIN,6
CHM00052983,2015-09-21,TMIN,63
CHM00052983,2015-09-21,TMAX,232
CHM00056080,2014-02-21,TMIN,-119
CHM00052983,2005-12-12,TMAX,-23
CHM00056046,2011-12-30,TMAX,5
CHM00052889,2008-08-31,TMIN,113
CHM00056046,2011-12-30,TMIN,-188
CHM00052983,2013-06-28,TMIN,99
CHM00052983,2013-12-25,TMIN,-114
CHM00052983,2007-07-14,TMAX,264
CHM00056046,2008-01-31,TMIN,-206
CHM00056080,2009-04-04,TMAX,57
CHM00052983,2012-11-16,TMIN,-50
CHM00056080,2009-04-04,TMIN,-21
CHM00056046,2010-02-07,TMIN,-101
CHM00052983,2011-03-05,TMAX,60
CHM00056046,2013-02-08,TMAX,-13
CHM00052983,2012-11-16,TMAX,91
CHM00052983,2009-04-08,TMAX,150
CHM00052983,2009-04-08,TMIN,51
CHM00056046,2013-02-24,TMIN,-144
CHM00056046,2013-02-24,TMAX,75
CHM00052983,2005-11-23,TMAX,16
CHM00056046,2007-05-24,TMAX,78
CHM00056046,2007-05-24,TMIN,24
CHM00052983,2009-08-24,TMAX,232
CHM00056046,2008-01-31,TMAX,-84
CHM00052983,2015-08-14,TMIN,79
CHM00052983,2005-11-23,TMIN,-102
CHM00052983,2013-12-25,TMAX,-35
CHM00052983,2011-03-05,TMIN,-40
CHM00052983,2014-09-22,TMAX,94
CHM00052983,2015-03-14,TMAX,111
CHM00056080,2011-11-29,TMAX,69
CHM00056080,2011-11-29,TMIN,-41
CHM00056046,2009-08-25,TMIN,46
CHM00052889,2007-05-22,TMAX,233
CHM00052889,2007-05-22,TMIN,153
CHM00052983,2005-11-06,TMAX,122
CHM00052983,2005-11-06,TMIN,-29
CHM00052889,2005-02-28,TMAX,89
CHM00056080,2014-08-27,TMAX,207
CHM00056046,2008-11-01,TMIN,-115
CHM00056080,2014-07-30,TMAX,247
CHM00056080,2014-07-30,TMIN,85
CHM00052983,2009-08-22,TMAX,223
CHM00052983,2009-08-22,TMIN,113
CHM00056080,2010-10-11,TMAX,105
CHM00056080,2010-10-11,TMIN,11
CHM00056080,2009-09-04,TMIN,102
CHM00056080,2009-09-04,TMAX,202
CHM00056046,2006-10-01,TMIN,9
CHM00056046,2006-10-01,TMAX,125
CHM00052983,2014-09-22,TMIN,68
CHM00056080,2014-01-09,TMIN,-202
CHM00052889,2008-04-04,TMIN,67
CHM00056046,2008-07-04,TMIN,22
CHM00056046,2007-07-21,TMAX,144
CHM00052889,2008-04-04,TMAX,225
CHM00056046,2010-01-07,TMAX,-22
CHM00056046,2008-12-07,TMAX,-57
CHM00052889,2005-07-31,TMAX,321
CHM00056046,2008-12-07,TMIN,-134
CHM00056080,2010-05-18,TMIN,6
CHM00056046,2007-07-21,TMIN,55
CHM00056046,2009-08-25,TMAX,163
CHM00056080,2011-06-19,TMAX,193
CHM00056046,2012-04-22,TMIN,-46
CHM00052889,2005-12-16,TMIN,-179
CHM00056046,2012-04-22,TMAX,103
CHM00052889,2005-12-16,TMAX,-6
CHM00056080,2010-05-18,TMAX,149
CHM00052889,2005-07-31,TMIN,133
CHM00056046,2010-10-04,TMIN,6
CHM00056046,2006-07-20,TMAX,243
CHM00052983,2015-08-10,TMIN,115
CHM00052983,2009-04-18,TMAX,168
CHM00056080,2007-12-20,TMIN,-141
CHM00056080,2006-07-20,TMIN,134
CHM00056080,2006-07-20,TMAX,268
CHM00052889,2005-08-09,TMAX,315
CHM00052889,2005-08-09,TMIN,156
CHM00052983,2015-12-07,TMIN,-62
CHM00052889,2006-12-06,TMAX,12
CHM00052889,2006-12-06,TMIN,-45
CHM00056046,2012-01-09,TMIN,-134
CHM00056046,2012-01-09,TMAX,-30
CHM00052983,2011-12-29,TMIN,-106
CHM00052983,2008-01-17,TMIN,-147
CHM00052983,2008-01-17,TMAX,-34
CHM00056046,2011-12-24,TMIN,-222
CHM00056046,2009-09-04,TMAX,212
CHM00052983,2011-09-16,TMAX,128
CHM00056046,2010-09-23,TMAX,196
CHM00052983,2015-04-05,TMIN,2
CHM00056046,2006-01-05,TMIN,-179
CHM00052889,2006-07-30,TMIN,196
CHM00052889,2006-07-30,TMAX,320
CHM00056046,2010-09-23,TMIN,28
CHM00056080,2014-04-29,TMAX,140
CHM00052983,2008-04-06,TMAX,231
CHM00056046,2012-10-23,TMIN,-44
CHM00052889,2007-05-08,TMAX,281
CHM00056046,2011-09-09,TMIN,-25
CHM00056046,2009-09-04,TMIN,50
CHM00052889,2007-05-08,TMIN,172
CHM00056046,2008-06-19,TMAX,175
CHM00056046,2011-09-09,TMAX,153
CHM00056080,2005-09-06,TMIN,18
CHM00056080,2005-09-06,TMAX,182
CHM00052983,2014-11-24,TMAX,25
CHM00052889,2005-03-06,TMIN,-97
CHM00056046,2006-01-05,TMAX,41
CHM00052889,2005-03-06,TMAX,116
CHM00056046,2008-06-19,TMIN,20
CHM00056046,2008-11-01,TMAX,26
CHM00052983,2011-12-29,TMAX,46
CHM00056046,2011-12-24,TMAX,-7
CHM00052983,2010-07-13,TMIN,129
CHM00052983,2006-11-01,TMAX,143
CHM00056080,2007-07-08,TMIN,73
CHM00056080,2007-07-08,TMAX,228
CHM00056080,2005-02-12,TMAX,91
CHM00052983,2006-11-01,TMIN,-17
CHM00056046,2005-02-23,TMAX,5
CHM00052983,2006-08-11,TMAX,310
CHM00056046,2005-02-23,TMIN,-131
CHM00056080,2005-02-12,TMIN,-152
CHM00056046,2005-11-30,TMIN,-145
CHM00056046,2005-11-30,TMAX,2
CHM00056080,2006-01-05,TMAX,-54
CHM00056080,2006-01-05,TMIN,-166
CHM00056046,2010-02-07,TMAX,52
CHM00052983,2015-08-14,TMAX,265
CHM00056046,2006-07-20,TMIN,78
CHM00056046,2009-07-02,TMIN,68
CHM00052983,2015-03-09,TMAX,72
CHM00056080,2010-12-07,TMAX,36
CHM00056080,2009-12-25,TMIN,-187
CHM00056046,2010-10-04,TMAX,61
CHM00056046,2014-04-26,TMAX,41
CHM00056046,2015-04-04,TMAX,113
CHM00056080,2007-12-20,TMAX,77
CHM00052983,2010-10-12,TMAX,154
CHM00052983,2010-06-08,TMAX,200
CHM00056080,2010-12-07,TMIN,-190
CHM00052983,2009-07-01,TMAX,282
CHM00056046,2014-04-26,TMIN,-58
CHM00056046,2009-01-09,TMIN,-261
CHM00052983,2010-07-13,TMAX,260
CHM00056080,2007-05-29,TMAX,206
CHM00056080,2007-05-29,TMIN,84
CHM00056080,2013-08-23,TMIN,109
CHM00056046,2009-07-02,TMAX,168
CHM00056080,2005-11-30,TMIN,-122
CHM00056080,2005-11-30,TMAX,9
CHM00056080,2009-12-25,TMAX,31
CHM00056046,2009-01-09,TMAX,-74
CHM00052983,2014-09-29,TMIN,58
CHM00056046,2014-06-12,TMAX,103
CHM00056080,2008-01-14,TMAX,9
CHM00056080,2006-06-21,TMIN,76
CHM00056046,2012-03-09,TMAX,-51
CHM00056046,2006-05-29,TMAX,110
CHM00056046,2006-05-29,TMIN,-5
CHM00056046,2012-03-09,TMIN,-112
CHM00056080,2010-04-16,TMAX,190
CHM00056080,2005-10-09,TMIN,-18
CHM00056080,2005-10-09,TMAX,139
CHM00056080,2009-09-18,TMIN,70
CHM00056080,2009-09-18,TMAX,220
CHM00056080,2006-06-21,TMAX,140
CHM00052983,2005-03-29,TMIN,-8
CHM00052983,2008-01-27,TMAX,-139
CHM00052983,2012-10-10,TMIN,20
CHM00052983,2007-12-30,TMAX,-42
CHM00056046,2015-01-26,TMAX,18
CHM00052983,2007-12-30,TMIN,-160
CHM00052983,2012-10-10,TMAX,157
CHM00052889,2006-04-06,TMAX,181
CHM00056080,2006-02-19,TMIN,-132
CHM00052889,2006-04-06,TMIN,-26
CHM00056046,2006-05-06,TMIN,-19
CHM00052983,2005-03-29,TMAX,100
CHM00056080,2010-04-16,TMIN,-39
CHM00052889,2008-02-23,TMAX,67
CHM00056080,2006-05-06,TMAX,179
CHM00052889,2007-09-09,TMAX,244
CHM00056080,2015-06-10,TMIN,28
CHM00056080,2015-06-10,TMAX,172
CHM00052889,2007-09-09,TMIN,146
CHM00052889,2006-03-07,TMAX,155
CHM00052889,2006-03-07,TMIN,-12
CHM00056080,2010-11-30,TMAX,49
CHM00052983,2009-05-04,TMAX,230
CHM00052983,2009-09-29,TMIN,55
CHM00056046,2008-11-20,TMIN,-127
CHM00052983,2009-09-29,TMAX,228
CHM00052983,2015-05-09,TMIN,29
CHM00056046,2008-11-20,TMAX,42
CHM00056080,2008-01-10,TMIN,-106
CHM00052983,2008-01-29,TMAX,-130
CHM00052983,2011-10-03,TMIN,43
CHM00052983,2011-10-03,TMAX,128
CHM00056046,2008-07-24,TMIN,79
CHM00056046,2008-07-24,TMAX,162
CHM00052889,2008-02-23,TMIN,-20
CHM00052983,2008-01-29,TMIN,-238
CHM00056080,2006-05-06,TMIN,23
CHM00056080,2010-11-30,TMIN,-152
CHM00056080,2005-03-26,TMAX,68
CHM00056046,2006-05-06,TMAX,118
CHM00052983,2007-01-01,TMIN,-115
CHM00052983,2007-01-01,TMAX,-19
CHM00056046,2014-02-09,TMAX,-8
CHM00052983,2014-04-27,TMAX,167
CHM00056080,2012-11-21,TMAX,84
CHM00052983,2014-04-27,TMIN,14
CHM00052889,2008-05-11,TMAX,246
CHM00056080,2005-06-09,TMIN,47
CHM00056046,2010-08-25,TMAX,184
CHM00052983,2009-02-28,TMAX,48
CHM00052983,2013-08-19,TMIN,174
CHM00056080,2010-05-28,TMIN,49
CHM00056046,2009-11-07,TMAX,71
CHM00056080,2009-09-11,TMIN,91
CHM00052889,2007-10-29,TMAX,132
CHM00056080,2009-09-11,TMAX,126
CHM00052983,2011-04-07,TMAX,72
CHM00056046,2009-11-07,TMIN,-108
CHM00056080,2012-03-07,TMIN,-72
CHM00056080,2012-03-07,TMAX,-5
CHM00056046,2009-09-18,TMIN,40
CHM00052983,2011-04-07,TMIN,-21
CHM00056080,2013-02-01,TMAX,90
CHM00056046,2009-09-18,TMAX,173
CHM00056046,2010-08-25,TMIN,34
CHM00056046,2015-07-05,TMIN,2
CHM00052983,2013-04-08,TMAX,91
CHM00052983,2015-01-15,TMAX,30
CHM00056080,2012-10-02,TMAX,104
CHM00056046,2014-06-07,TMAX,167
CHM00056080,2005-03-26,TMIN,-61
CHM00056080,2006-02-19,TMAX,65
CHM00056046,2014-05-20,TMAX,120
CHM00056080,2010-08-20,TMAX,182
CHM00056080,2007-04-17,TMIN,-28
CHM00056080,2007-04-17,TMAX,145
CHM00056046,2008-02-27,TMIN,-157
CHM00056046,2008-02-27,TMAX,-58
CHM00056046,2010-12-26,TMIN,-288
CHM00056046,2014-02-09,TMIN,-117
CHM00056080,2010-08-20,TMIN,70
CHM00052983,2013-01-29,TMIN,-106
CHM00056080,2012-10-02,TMIN,34
CHM00052983,2013-01-29,TMAX,49
CHM00052983,2010-10-09,TMAX,171
CHM00056046,2011-09-27,TMAX,93
CHM00056046,2011-09-27,TMIN,35
CHM00056046,2010-12-26,TMAX,-50
CHM00052889,2008-05-11,TMIN,120
CHM00056080,2010-05-28,TMAX,188
CHM00056080,2008-01-10,TMAX,78
CHM00056080,2005-06-09,TMAX,160
CHM00056046,2015-07-05,TMAX,121
CHM00052889,2005-06-28,TMIN,85
CHM00056046,2005-06-09,TMIN,17
CHM00056046,2015-07-22,TMIN,0
CHM00056080,2010-03-31,TMIN,-26
CHM00056080,2010-03-31,TMAX,39
CHM00052983,2015-01-08,TMAX,30
CHM00056046,2015-11-30,TMAX,37
CHM00056046,2013-04-18,TMIN,-44
CHM00056046,2013-04-18,TMAX,143
CHM00056046,2015-11-30,TMIN,-173
CHM00056080,2014-08-16,TMIN,27
CHM00052889,2006-02-05,TMIN,-131
CHM00052889,2006-02-05,TMAX,2
CHM00056046,2008-05-17,TMIN,-8
CHM00056046,2008-05-17,TMAX,115
CHM00052983,2015-01-22,TMAX,91
CHM00052983,2015-01-22,TMIN,-113
CHM00052983,2006-02-16,TMAX,-50
CHM00052983,2006-02-16,TMIN,-177
CHM00056080,2014-08-16,TMAX,208
CHM00052983,2014-03-11,TMAX,82
CHM00052983,2014-03-21,TMAX,135
CHM00052983,2014-03-21,TMIN,-57
CHM00056080,2006-01-17,TMIN,-100
CHM00056080,2006-01-17,TMAX,49
CHM00056080,2012-02-23,TMAX,63
CHM00056046,2005-03-26,TMIN,-118
CHM00056046,2013-05-14,TMIN,15
CHM00052983,2006-03-25,TMIN,-5
CHM00052983,2009-03-28,TMIN,-9
CHM00052889,2007-01-17,TMIN,-112
CHM00052889,2007-01-17,TMAX,7
CHM00052983,2012-11-19,TMIN,-53
CHM00052889,2008-05-13,TMAX,266
CHM00052889,2008-05-13,TMIN,93
CHM00052983,2012-11-19,TMAX,50
CHM00056046,2009-03-25,TMAX,85
CHM00052889,2005-05-21,TMAX,219
CHM00052889,2005-05-21,TMIN,51
CHM00056046,2009-05-29,TMAX,37
CHM00056046,2009-05-29,TMIN,-26
CHM00052983,2011-04-24,TMIN,23
CHM00052983,2011-04-24,TMAX,217
CHM00052983,2013-09-22,TMAX,171
CHM00056046,2014-10-27,TMAX,70
CHM00056046,2005-03-26,TMAX,5
CHM00052889,2008-07-28,TMAX,317
CHM00052983,2009-01-22,TMAX,-35
CHM00052889,2008-07-28,TMIN,223
CHM00056080,2014-01-07,TMAX,-62
CHM00052983,2007-08-31,TMAX,236
CHM00052983,2007-08-31,TMIN,89
CHM00052983,2009-03-28,TMAX,101
CHM00052983,2006-03-25,TMAX,129
CHM00052983,2014-02-10,TMIN,-164
CHM00056080,2012-02-23,TMIN,-47
CHM00056046,2015-01-26,TMIN,-204
CHM00052983,2012-11-30,TMIN,-93
CHM00052889,2007-08-13,TMIN,149
CHM00052889,2005-06-28,TMAX,284
CHM00052889,2007-03-07,TMAX,67
CHM00052889,2007-03-07,TMIN,-15
CHM00056080,2009-02-24,TMAX,92
CHM00056046,2005-06-09,TMAX,121
CHM00056046,2012-03-12,TMIN,-77
CHM00056046,2012-03-12,TMAX,-4
CHM00056046,2012-05-25,TMIN,32
CHM00056046,2012-05-25,TMAX,123
CHM00056046,2006-06-21,TMAX,122
CHM00056046,2006-06-21,TMIN,44
CHM00056080,2011-05-22,TMAX,158
CHM00052983,2011-07-09,TMAX,177
CHM00052889,2008-03-01,TMAX,115
CHM00056046,2012-09-14,TMIN,-74
CHM00056046,2011-08-10,TMIN,18
CHM00056046,2011-08-10,TMAX,207
CHM00056046,2012-09-14,TMAX,143
CHM00056080,2009-02-06,TMAX,151
CHM00056080,2009-02-06,TMIN,-124
CHM00052889,2008-03-01,TMIN,6
CHM00052983,2012-11-30,TMAX,13
CHM00052983,2006-07-12,TMIN,168
CHM00052889,2007-08-13,TMAX,300
CHM00056046,2007-01-12,TMAX,-23
CHM00056046,2011-11-07,TMAX,-8
CHM00052983,2006-07-12,TMAX,317
CHM00052983,2007-01-14,TMAX,-26
CHM00052983,2007-02-12,TMIN,-41
CHM00052983,2007-02-12,TMAX,60
CHM00056080,2012-07-17,TMIN,122
CHM00052983,2007-01-14,TMIN,-90
CHM00056080,2015-12-28,TMIN,-187
CHM00056080,2011-05-22,TMIN,-22
CHM00056080,2015-12-28,TMAX,23
CHM00052983,2012-08-01,TMAX,255
CHM00052983,2007-03-22,TMAX,95
CHM00056080,2005-06-14,TMAX,218
CHM00056080,2005-06-14,TMIN,44
CHM00056080,2009-02-24,TMIN,-92
CHM00052983,2006-03-01,TMIN,-60
CHM00052983,2006-03-01,TMAX,59
CHM00056046,2013-04-03,TMAX,93
CHM00056080,2012-07-17,TMAX,178
CHM00056046,2013-04-03,TMIN,-93
CHM00056046,2007-01-12,TMIN,-195
CHM00052983,2014-10-15,TMAX,113
CHM00052983,2014-10-15,TMIN,65
CHM00056046,2011-11-07,TMIN,-97
CHM00056046,2009-03-25,TMIN,-115
CHM00056080,2011-04-22,TMAX,94
CHM00056080,2013-02-01,TMIN,-146
CHM00056046,2005-06-22,TMIN,39
CHM00056046,2009-11-23,TMAX,-1
CHM00052983,2011-07-26,TMIN,135
CHM00052983,2014-07-22,TMAX,159
CHM00056046,2009-11-23,TMIN,-208
CHM00052983,2008-07-17,TMIN,110
CHM00052983,2008-07-17,TMAX,295
CHM00056080,2007-08-17,TMIN,98
CHM00056080,2010-06-25,TMIN,97
CHM00056080,2010-06-25,TMAX,213
CHM00052983,2006-04-11,TMAX,23
CHM00052983,2009-11-11,TMAX,-8
CHM00052889,2007-08-07,TMIN,201
CHM00056080,2007-08-17,TMAX,230
CHM00056080,2008-04-22,TMIN,-34
CHM00056080,2006-06-10,TMIN,11
CHM00056080,2006-06-10,TMAX,206
CHM00056080,2010-11-08,TMIN,-103
CHM00056080,2008-04-22,TMAX,44
CHM00052889,2005-10-15,TMIN,-8
CHM00052983,2014-08-19,TMAX,278
CHM00052983,2014-10-11,TMIN,-9
CHM00052889,2007-08-07,TMAX,325
CHM00052983,2011-07-26,TMAX,334
CHM00056046,2015-05-18,TMIN,-14
CHM00052983,2011-07-19,TMAX,312
CHM00056046,2006-02-19,TMIN,-176
CHM00056046,2006-02-19,TMAX,2
CHM00052983,2011-07-19,TMIN,127
CHM00056080,2010-04-08,TMIN,-60
CHM00052983,2012-07-09,TMAX,260
CHM00056046,2007-03-01,TMIN,-134
CHM00056080,2010-04-08,TMAX,160
CHM00052983,2011-11-04,TMAX,95
CHM00052983,2011-11-04,TMIN,30
CHM00052983,2012-07-09,TMIN,124
CHM00056046,2013-04-17,TMIN,-77
CHM00056046,2008-01-28,TMIN,-176
CHM00056046,2007-03-01,TMAX,87
CHM00056080,2012-10-10,TMAX,129
CHM00052983,2008-07-19,TMAX,287
CHM00056080,2005-05-21,TMAX,156
CHM00052983,2008-07-19,TMIN,118
CHM00056080,2005-05-21,TMIN,10
CHM00056080,2012-10-10,TMIN,5
CHM00056080,2011-09-27,TMAX,102
CHM00056080,2011-09-27,TMIN,70
CHM00056080,2008-10-20,TMIN,3
CHM00052983,2006-12-29,TMAX,50
CHM00052983,2014-08-19,TMIN,100
CHM00052889,2008-10-26,TMAX,153
CHM00052889,2008-10-26,TMIN,15
CHM00052983,2014-10-11,TMAX,38
CHM00056046,2008-08-03,TMIN,53
CHM00052889,2005-04-21,TMIN,32
CHM00052889,2007-12-28,TMAX,-4
CHM00052983,2014-09-04,TMIN,81
CHM00056046,2011-07-05,TMAX,186
CHM00056046,2011-07-05,TMIN,95
CHM00052889,2007-12-28,TMIN,-78
CHM00056080,2012-09-30,TMIN,25
CHM00056080,2012-09-30,TMAX,162
CHM00052983,2006-06-21,TMAX,239
CHM00052889,2005-04-21,TMAX,257
CHM00052983,2011-12-15,TMAX,1
CHM00052983,2006-04-07,TMAX,197
CHM00056080,2012-12-13,TMIN,-100
CHM00052983,2006-06-21,TMIN,125
CHM00056080,2008-10-27,TMIN,10
CHM00052983,2010-07-24,TMIN,144
CHM00056046,2007-09-09,TMAX,139
CHM00056046,2006-07-12,TMIN,84
CHM00056046,2006-07-12,TMAX,182
CHM00052983,2009-10-27,TMAX,144
CHM00056046,2012-02-03,TMIN,-216
CHM00052983,2009-04-27,TMAX,164
CHM00056046,2012-08-11,TMIN,69
CHM00056046,2012-07-17,TMAX,169
CHM00056046,2012-08-11,TMAX,223
CHM00056046,2015-05-13,TMIN,-40
CHM00052889,2005-10-15,TMAX,166
CHM00056046,2005-06-22,TMAX,157
CHM00056080,2015-12-01,TMAX,84
CHM00056080,2006-07-12,TMIN,109
CHM00056080,2006-07-12,TMAX,273
CHM00056046,2015-07-19,TMIN,-17
CHM00056046,2010-09-07,TMAX,138
CHM00056046,2010-06-28,TMIN,83
CHM00056080,2006-02-26,TMIN,-77
CHM00056046,2013-04-17,TMAX,103
CHM00056046,2010-09-07,TMIN,-17
CHM00056046,2008-01-28,TMAX,-76
CHM00052889,2008-11-19,TMIN,-42
CHM00052889,2006-04-25,TMIN,65
CHM00052889,2006-04-25,TMAX,199
CHM00052889,2008-11-19,TMAX,75
CHM00056080,2008-10-27,TMAX,95
CHM00056080,2015-09-02,TMIN,94
CHM00052983,2011-01-10,TMAX,-84
CHM00052983,2006-04-07,TMIN,11
CHM00052983,2008-12-15,TMAX,50
CHM00052983,2008-12-15,TMIN,-113
CHM00056046,2008-08-03,TMAX,140
CHM00056080,2014-02-05,TMAX,126
CHM00056080,2010-11-08,TMAX,94
CHM00056080,2008-10-20,TMAX,145
CHM00052983,2005-04-25,TMIN,47
CHM00056080,2010-11-14,TMIN,-107
CHM00052983,2008-09-30,TMIN,69
CHM00052983,2008-09-30,TMAX,224
CHM00056046,2009-02-14,TMAX,58
CHM00056046,2011-01-05,TMIN,-179
CHM00056046,2009-02-14,TMIN,-104
CHM00056046,2010-11-10,TMAX,27
CHM00056046,2011-02-22,TMAX,6
CHM00056080,2007-10-14,TMIN,-4
CHM00056046,2011-02-22,TMIN,-170
CHM00056080,2008-03-29,TMAX,67
CHM00052983,2010-01-20,TMIN,-117
CHM00056080,2010-09-10,TMAX,195
CHM00052983,2010-01-20,TMAX,-33
CHM00052983,2006-03-09,TMAX,134
CHM00052983,2006-03-09,TMIN,-1
CHM00052889,2007-12-29,TMIN,-91
CHM00052889,2007-12-29,TMAX,-6
CHM00056080,2010-09-10,TMIN,51
CHM00056080,2012-05-21,TMAX,149
CHM00056046,2007-03-09,TMAX,40
CHM00052889,2006-12-18,TMAX,10
CHM00052889,2006-12-18,TMIN,-138
CHM00056046,2007-04-17,TMAX,107
CHM00056080,2008-03-29,TMIN,-37
CHM00056046,2010-11-10,TMIN,-140
CHM00056046,2007-04-17,TMIN,-45
CHM00052889,2008-06-03,TMIN,144
CHM00052983,2014-02-10,TMAX,-27
CHM00052983,2009-05-24,TMAX,224
CHM00052983,2007-10-15,TMAX,129
CHM00052983,2015-11-12,TMIN,-15
CHM00052983,2009-05-24,TMIN,69
CHM00052889,2007-10-29,TMIN,17
CHM00052889,2005-05-25,TMIN,94
CHM00052889,2008-06-03,TMAX,301
CHM00056080,2012-11-21,TMIN,-88
CHM00052983,2009-02-28,TMIN,-60
CHM00052889,2005-05-25,TMAX,240
CHM00056080,2010-12-22,TMAX,27
CHM00052983,2010-09-05,TMIN,109
CHM00056080,2007-10-14,TMAX,73
CHM00056046,2011-01-05,TMAX,28
CHM00056080,2005-07-15,TMIN,53
CHM00052983,2010-09-05,TMAX,253
CHM00056080,2005-07-15,TMAX,248
CHM00056080,2014-10-16,TMAX,90
CHM00056080,2012-08-06,TMAX,221
CHM00056080,2012-08-06,TMIN,129
CHM00056080,2010-12-22,TMIN,-181
CHM00056080,2010-11-14,TMAX,59
CHM00056080,2011-04-22,TMIN,-22
CHM00056046,2010-04-16,TMIN,-89
CHM00056046,2010-04-16,TMAX,131
CHM00056080,2015-05-13,TMAX,239
CHM00056080,2008-08-13,TMIN,41
CHM00056080,2008-08-13,TMAX,186
CHM00056046,2009-02-24,TMIN,-115
CHM00056046,2005-07-15,TMIN,32
CHM00056046,2005-07-15,TMAX,187
CHM00056046,2007-03-09,TMIN,-146
CHM00056080,2007-09-26,TMIN,68
CHM00056046,2009-02-24,TMAX,35
CHM00052983,2005-09-26,TMAX,197
CHM00056046,2006-01-17,TMAX,60
CHM00052889,2008-12-24,TMAX,43
CHM00056080,2007-09-26,TMAX,160
CHM00056080,2010-01-20,TMIN,-103
CHM00056080,2012-05-21,TMIN,65
CHM00052889,2008-12-24,TMIN,-76
CHM00056080,2010-01-20,TMAX,-4
CHM00052983,2005-04-25,TMAX,224
CHM00056046,2014-12-03,TMAX,0
CHM00056080,2012-02-03,TMIN,-184
CHM00056046,2012-07-17,TMIN,90
CHM00052983,2013-04-19,TMAX,177
CHM00056080,2012-02-03,TMAX,41
CHM00056046,2011-08-31,TMIN,19
CHM00056080,2006-05-29,TMAX,169
CHM00056080,2015-05-13,TMIN,9
CHM00052983,2006-04-01,TMAX,159
CHM00056080,2007-03-01,TMIN,-93
CHM00052983,2014-02-28,TMAX,52
CHM00056080,2007-03-01,TMAX,161
CHM00056080,2006-05-29,TMIN,8
CHM00056046,2012-08-05,TMIN,54
CHM00056046,2006-01-17,TMIN,-114
CHM00056046,2015-06-10,TMIN,-9
CHM00056080,2012-11-18,TMAX,68
CHM00056046,2015-06-10,TMAX,141
CHM00052983,2009-03-29,TMAX,130
CHM00052983,2009-03-29,TMIN,-15
CHM00056046,2008-05-07,TMAX,146
CHM00056080,2012-11-18,TMIN,-105
CHM00056046,2011-08-31,TMAX,223
CHM00056080,2012-03-09,TMAX,-1
CHM00056046,2008-05-07,TMIN,26
CHM00052889,2006-05-06,TMIN,75
CHM00052889,2006-05-06,TMAX,253
CHM00056080,2012-03-09,TMIN,-103
CHM00056046,2005-05-21,TMAX,122
CHM00056046,2005-05-21,TMIN,11
CHM00052983,2013-10-01,TMIN,41
CHM00056046,2012-08-05,TMAX,204
CHM00052983,2014-11-10,TMAX,71
CHM00056046,2012-02-03,TMAX,-3
CHM00056080,2011-10-31,TMIN,-37
CHM00056046,2011-07-30,TMAX,167
CHM00056046,2011-10-31,TMIN,-102
CHM00056046,2012-07-16,TMIN,90
CHM00052889,2007-10-07,TMAX,95
CHM00052983,2012-01-30,TMAX,15
CHM00056080,2006-03-25,TMAX,97
CHM00056080,2006-03-25,TMIN,-72
CHM00052983,2012-01-30,TMIN,-144
CHM00056046,2012-07-16,TMAX,142
CHM00052889,2007-03-24,TMAX,157
CHM00052983,2012-07-30,TMAX,210
CHM00052889,2007-10-07,TMIN,40
CHM00056046,2009-10-28,TMIN,-68
CHM00052889,2007-03-24,TMIN,61
CHM00056046,2014-11-01,TMIN,-50
CHM00056046,2012-08-06,TMAX,186
CHM00052889,2005-06-09,TMAX,271
CHM00052983,2009-10-22,TMAX,170
CHM00052983,2007-04-17,TMIN,16
CHM00052983,2009-10-22,TMIN,-5
CHM00056046,2014-11-01,TMAX,26
CHM00052983,2007-04-17,TMAX,158
CHM00056046,2012-08-06,TMIN,72
CHM00056080,2008-03-12,TMAX,85
CHM00056080,2008-03-12,TMIN,-26
CHM00056046,2011-10-31,TMAX,73
CHM00056080,2008-03-02,TMAX,49
CHM00056080,2006-01-13,TMAX,-19
CHM00056080,2006-01-13,TMIN,-111
CHM00052983,2008-02-28,TMIN,-71
CHM00052983,2014-07-25,TMIN,106
CHM00052889,2006-10-06,TMAX,167
CHM00056046,2011-03-10,TMAX,-6
CHM00052983,2008-02-29,TMAX,89
CHM00052983,2015-05-13,TMIN,86
CHM00056080,2008-12-17,TMAX,79
CHM00056080,2008-12-17,TMIN,-158
CHM00052889,2006-06-02,TMIN,158
CHM00052889,2006-06-02,TMAX,265
CHM00056046,2011-03-10,TMIN,-81
CHM00052983,2008-02-28,TMAX,53
CHM00056046,2009-10-25,TMIN,-61
CHM00052983,2006-04-29,TMAX,275
CHM00056046,2014-11-13,TMIN,-129
CHM00056046,2014-11-13,TMAX,44
CHM00052983,2006-04-29,TMIN,54
CHM00056046,2009-10-25,TMAX,91
CHM00052983,2007-09-25,TMIN,98
CHM00056046,2007-10-14,TMIN,-8
CHM00056080,2008-03-02,TMIN,-137
CHM00056046,2013-01-19,TMIN,-174
CHM00056080,2013-02-06,TMAX,115
CHM00056046,2013-01-19,TMAX,65
CHM00052889,2008-09-19,TMAX,279
CHM00056046,2008-09-18,TMAX,171
CHM00056080,2009-06-02,TMIN,12
CHM00056080,2005-06-26,TMIN,32
CHM00056080,2009-06-02,TMAX,185
CHM00052983,2006-05-06,TMIN,76
CHM00052983,2006-05-06,TMAX,221
CHM00052983,2014-05-05,TMAX,193
CHM00052983,2013-05-20,TMIN,67
CHM00056046,2014-07-16,TMIN,34
CHM00052983,2010-07-04,TMAX,229
CHM00056046,2007-03-20,TMAX,89
CHM00056046,2014-07-16,TMAX,178
CHM00056080,2010-03-04,TMIN,-58
CHM00056080,2010-03-04,TMAX,117
CHM00056080,2013-12-09,TMIN,-177
CHM00056080,2013-12-09,TMAX,53
CHM00052983,2010-07-07,TMIN,162
CHM00052983,2010-07-07,TMAX,227
CHM00052983,2007-06-18,TMAX,131
CHM00056046,2009-10-28,TMAX,87
CHM00052983,2013-06-04,TMIN,106
CHM00056046,2009-01-23,TMIN,-153
CHM00052983,2013-01-30,TMAX,95
CHM00056046,2008-09-18,TMIN,-2
CHM00052983,2008-02-29,TMIN,-63
CHM00052983,2009-06-09,TMIN,105
CHM00056080,2010-06-30,TMIN,95
CHM00056046,2005-07-25,TMIN,65
CHM00052889,2008-09-19,TMIN,144
CHM00052983,2007-06-18,TMIN,85
CHM00052983,2009-09-23,TMAX,161
CHM00052889,2008-10-13,TMIN,50
CHM00056046,2005-07-25,TMAX,206
CHM00052889,2008-10-13,TMAX,214
CHM00052889,2005-06-09,TMIN,95
CHM00056046,2013-05-07,TMAX,117
CHM00056080,2013-02-06,TMIN,-110
CHM00056080,2015-06-18,TMIN,49
CHM00056080,2005-06-26,TMAX,213
CHM00056080,2007-12-27,TMAX,60
CHM00052983,2009-06-05,TMAX,259
CHM00052983,2012-11-20,TMAX,76
CHM00056080,2013-02-17,TMAX,-19
CHM00056080,2007-12-27,TMIN,-125
CHM00056046,2007-03-20,TMIN,-115
CHM00056080,2010-06-30,TMAX,132
CHM00052983,2009-06-09,TMAX,231
CHM00056046,2011-10-24,TMAX,94
CHM00056046,2011-10-24,TMIN,-75
CHM00052983,2012-11-20,TMIN,-58
CHM00052983,2014-05-05,TMIN,45
CHM00052983,2014-07-25,TMAX,304
CHM00056046,2006-03-25,TMIN,-121
CHM00056046,2006-03-25,TMAX,30
CHM00056080,2010-11-04,TMIN,-58
CHM00056080,2008-07-24,TMIN,78
CHM00056046,2008-12-20,TMIN,-121
CHM00056046,2008-12-20,TMAX,13
CHM00056046,2007-06-21,TMIN,30
CHM00056046,2007-06-21,TMAX,111
CHM00056080,2006-02-16,TMAX,-62
CHM00052983,2008-12-30,TMAX,17
CHM00056080,2015-10-05,TMAX,169
CHM00056046,2005-07-08,TMAX,149
CHM00056046,2005-07-08,TMIN,92
CHM00056080,2006-02-16,TMIN,-129
CHM00056080,2015-10-05,TMIN,31
CHM00056080,2008-07-24,TMAX,239
CHM00052983,2008-12-30,TMIN,-156
CHM00056046,2011-09-01,TMIN,39
CHM00056046,2015-05-30,TMIN,-5
CHM00056080,2005-07-08,TMAX,160
CHM00056046,2015-05-30,TMAX,148
CHM00052983,2012-07-12,TMIN,109
CHM00056046,2013-07-22,TMIN,8
CHM00056080,2005-07-08,TMIN,110
CHM00056046,2013-07-22,TMAX,190
CHM00056080,2010-11-04,TMAX,57
CHM00052983,2006-05-18,TMIN,60
CHM00056046,2006-05-31,TMAX,156
CHM00056046,2006-02-25,TMAX,79
CHM00056080,2015-05-29,TMAX,162
CHM00052889,2007-09-05,TMIN,125
CHM00052983,2014-03-20,TMAX,90
CHM00052889,2005-05-24,TMIN,69
CHM00052889,2007-09-05,TMAX,243
CHM00056046,2008-01-29,TMAX,-48
CHM00056080,2015-05-29,TMIN,38
CHM00056080,2012-06-23,TMAX,209
CHM00056080,2012-06-23,TMIN,37
CHM00056046,2015-06-18,TMAX,152
CHM00052983,2015-10-09,TMAX,175
CHM00052983,2008-11-21,TMAX,12
CHM00056046,2008-06-03,TMIN,-16
CHM00056046,2008-06-03,TMAX,125
CHM00052983,2008-02-22,TMAX,112
CHM00052983,2010-03-14,TMAX,53
CHM00056046,2013-12-18,TMIN,-264
CHM00052983,2008-02-22,TMIN,-53
CHM00056080,2014-11-06,TMIN,-59
CHM00056080,2014-11-06,TMAX,53
CHM00056046,2015-02-10,TMAX,-17
CHM00056046,2006-05-31,TMIN,-15
CHM00056080,2012-02-26,TMIN,-125
CHM00056080,2012-02-26,TMAX,18
CHM00056046,2009-01-23,TMAX,-9
CHM00056080,2011-11-17,TMIN,-30
CHM00052983,2006-02-05,TMAX,13
CHM00056080,2014-06-07,TMAX,147
CHM00052889,2007-03-26,TMIN,72
CHM00052983,2010-04-27,TMIN,39
CHM00052983,2010-04-27,TMAX,197
CHM00052889,2008-05-07,TMIN,116
CHM00056080,2012-11-27,TMAX,26
CHM00052983,2012-02-03,TMIN,-142
CHM00056080,2012-11-27,TMIN,-159
CHM00052983,2006-05-18,TMAX,267
CHM00052983,2012-02-03,TMAX,-10
CHM00052889,2007-03-26,TMAX,196
CHM00056080,2010-03-23,TMIN,-71
CHM00056080,2005-07-25,TMIN,96
CHM00056080,2010-03-23,TMAX,99
CHM00052983,2014-10-22,TMAX,167
CHM00056046,2012-05-27,TMIN,20
CHM00056080,2005-07-25,TMAX,262
CHM00056080,2007-03-17,TMAX,37
CHM00056080,2007-03-17,TMIN,-84
CHM00052889,2007-02-06,TMIN,-40
CHM00056080,2014-05-10,TMAX,85
CHM00052889,2007-02-06,TMAX,77
CHM00052889,2006-10-06,TMIN,77
CHM00056046,2007-10-14,TMAX,51
CHM00052983,2006-02-05,TMIN,-89
CHM00052983,2014-04-06,TMAX,141
CHM00052983,2013-05-01,TMIN,52
CHM00052983,2009-07-25,TMAX,303
CHM00056080,2013-10-02,TMIN,-12
CHM00056080,2011-11-17,TMAX,45
CHM00056080,2008-11-20,TMIN,-92
CHM00056080,2008-11-20,TMAX,65
CHM00056080,2007-06-17,TMIN,69
CHM00056080,2011-06-05,TMIN,61
CHM00056080,2011-06-05,TMAX,163
CHM00056046,2011-09-01,TMAX,220
CHM00052983,2007-12-27,TMAX,24
CHM00056046,2006-02-25,TMIN,-126
CHM00052889,2008-09-30,TMAX,244
CHM00056080,2013-10-02,TMAX,174
CHM00056080,2007-06-17,TMAX,105
CHM00056046,2012-10-10,TMAX,66
CHM00056046,2006-01-13,TMAX,-9
CHM00056046,2006-01-13,TMIN,-164
CHM00052983,2012-07-12,TMAX,266
CHM00056046,2012-10-10,TMIN,-2
CHM00056080,2006-05-01,TMAX,214
CHM00052889,2008-05-07,TMAX,235
CHM00056046,2005-05-25,TMIN,18
CHM00052889,2008-09-30,TMIN,107
CHM00056046,2005-05-25,TMAX,117
CHM00056046,2011-07-30,TMIN,79
CHM00056046,2012-05-27,TMAX,175
CHM00056080,2014-08-12,TMAX,151
CHM00056046,2012-02-23,TMAX,24
CHM00056046,2012-02-23,TMIN,-72
CHM00056046,2005-06-14,TMAX,172
CHM00052983,2014-01-25,TMAX,54
CHM00056046,2009-06-02,TMIN,-48
CHM00056046,2009-06-02,TMAX,87
CHM00052983,2014-01-25,TMIN,-104
CHM00056046,2005-06-14,TMIN,52
CHM00056046,2005-06-27,TMAX,148
CHM00052983,2008-09-16,TMAX,238
CHM00052983,2012-02-25,TMAX,-17
CHM00056080,2010-09-12,TMIN,35
CHM00056080,2015-02-10,TMIN,-114
CHM00056046,2012-09-16,TMIN,2
CHM00056046,2012-11-18,TMAX,76
CHM00056046,2012-11-18,TMIN,-141
CHM00052983,2015-10-12,TMIN,13
CHM00056046,2006-02-05,TMIN,-230
CHM00056046,2006-02-05,TMAX,-33
CHM00056046,2012-09-16,TMAX,89
CHM00052983,2012-02-25,TMIN,-72
CHM00056046,2014-07-18,TMIN,43
CHM00056080,2015-02-10,TMAX,47
CHM00056046,2010-03-23,TMAX,91
CHM00052983,2014-01-08,TMAX,-36
CHM00056046,2010-03-23,TMIN,-51
CHM00052983,2005-03-13,TMIN,-52
CHM00056080,2010-09-12,TMAX,217
CHM00052983,2014-03-16,TMIN,-14
CHM00052983,2012-03-22,TMAX,22
CHM00056080,2006-02-05,TMIN,-132
CHM00056080,2006-02-05,TMAX,49
CHM00056080,2009-07-21,TMAX,191
CHM00052983,2007-09-23,TMAX,209
CHM00056046,2009-02-06,TMIN,-168
CHM00056080,2010-01-22,TMAX,36
CHM00052983,2007-04-02,TMAX,64
CHM00056046,2010-09-10,TMAX,153
CHM00052889,2005-07-25,TMIN,163
CHM00056046,2010-09-10,TMIN,19
CHM00052983,2007-04-02,TMIN,-58
CHM00052889,2005-07-25,TMAX,339
CHM00056080,2009-10-17,TMAX,135
CHM00056080,2011-05-29,TMAX,156
CHM00052983,2014-01-08,TMIN,-159
CHM00056080,2009-10-17,TMIN,-27
CHM00052983,2010-03-29,TMAX,134
CHM00056046,2005-06-27,TMIN,4
CHM00052983,2010-06-13,TMAX,263
CHM00052983,2008-09-16,TMIN,81
CHM00056080,2011-11-15,TMAX,79
CHM00052983,2014-01-30,TMAX,155
CHM00052983,2006-06-10,TMAX,273
CHM00052889,2006-06-21,TMAX,264
CHM00052889,2006-06-21,TMIN,135
CHM00056046,2013-06-22,TMIN,67
CHM00052983,2009-02-03,TMIN,-77
CHM00056046,2011-09-28,TMAX,60
CHM00056080,2009-07-28,TMAX,219
CHM00052889,2007-09-03,TMAX,237
CHM00052889,2007-09-03,TMIN,119
CHM00052983,2015-05-05,TMAX,121
CHM00056046,2009-02-02,TMAX,22
CHM00056046,2007-08-27,TMIN,84
CHM00056080,2006-10-21,TMIN,-11
CHM00056046,2009-02-02,TMIN,-191
CHM00056080,2009-07-28,TMIN,47
CHM00056080,2011-10-31,TMAX,154
CHM00056046,2012-06-30,TMIN,80
CHM00052983,2008-01-06,TMAX,40
CHM00056080,2006-10-21,TMAX,111
CHM00056046,2007-08-27,TMAX,153
CHM00056046,2012-06-30,TMAX,189
CHM00056080,2014-05-23,TMAX,190
CHM00056080,2015-07-22,TMIN,42
CHM00056080,2015-07-22,TMAX,155
CHM00056046,2008-03-02,TMAX,-27
CHM00056080,2010-01-22,TMIN,-169
CHM00056080,2012-03-12,TMAX,49
CHM00056080,2011-10-24,TMIN,18
CHM00056080,2011-11-15,TMIN,-39
CHM00052983,2014-01-30,TMIN,-86
CHM00052983,2014-09-09,TMAX,252
CHM00056046,2014-07-18,TMAX,179
CHM00052889,2006-05-29,TMAX,281
CHM00052889,2006-05-29,TMIN,86
CHM00052983,2006-01-13,TMAX,19
CHM00056046,2006-05-01,TMIN,-50
CHM00056046,2006-05-01,TMAX,160
CHM00052983,2006-01-13,TMIN,-92
CHM00056046,2012-02-10,TMIN,-120
CHM00056046,2011-09-28,TMIN,4
CHM00052983,2009-11-30,TMAX,65
CHM00056046,2008-03-02,TMIN,-212
CHM00056046,2006-04-25,TMIN,-42
CHM00052983,2014-07-14,TMAX,272
CHM00052983,2014-07-14,TMIN,85
CHM00056046,2006-04-25,TMAX,76
CHM00056046,2012-02-10,TMAX,-38
CHM00056046,2014-03-27,TMIN,-45
CHM00056046,2014-03-27,TMAX,59
CHM00056080,2011-10-24,TMAX,146
CHM00052983,2009-02-03,TMAX,97
CHM00056080,2012-03-12,TMIN,-40
CHM00056046,2014-01-27,TMAX,-27
CHM00056046,2010-08-30,TMIN,57
CHM00056080,2014-03-01,TMAX,17
CHM00052983,2007-03-01,TMIN,11
CHM00052983,2007-03-01,TMAX,68
CHM00052983,2014-08-14,TMIN,66
CHM00052983,2014-08-14,TMAX,253
CHM00052983,2013-11-15,TMIN,-56
CHM00052983,2013-11-15,TMAX,85
CHM00056080,2006-04-25,TMAX,135
CHM00056046,2010-12-12,TMIN,-194
CHM00056046,2010-12-12,TMAX,-8
CHM00056046,2009-03-28,TMAX,48
CHM00052983,2015-06-21,TMIN,83
CHM00056080,2005-06-22,TMIN,41
CHM00056046,2012-02-26,TMIN,-85
CHM00056046,2011-05-16,TMIN,-57
CHM00052983,2010-02-24,TMAX,110
CHM00056046,2011-05-16,TMAX,75
CHM00056046,2012-02-26,TMAX,26
CHM00052983,2013-11-14,TMIN,-47
CHM00052983,2012-10-31,TMAX,137
CHM00052983,2007-08-17,TMIN,154
CHM00052889,2007-09-17,TMIN,73
CHM00052889,2007-09-17,TMAX,217
CHM00052983,2007-08-17,TMAX,232
CHM00056046,2013-09-23,TMAX,139
CHM00052889,2008-08-12,TMIN,136
CHM00052983,2014-03-28,TMAX,175
CHM00056046,2013-09-23,TMIN,7
CHM00056080,2006-10-04,TMAX,137
CHM00056080,2006-10-04,TMIN,15
CHM00056046,2011-11-17,TMIN,-109
CHM00056046,2011-11-17,TMAX,4
CHM00056080,2011-04-13,TMAX,208
CHM00056080,2011-04-13,TMIN,-18
CHM00052889,2005-03-16,TMIN,-20
CHM00052889,2005-03-16,TMAX,41
CHM00056080,2008-05-17,TMIN,14
CHM00056080,2008-05-17,TMAX,167
CHM00056046,2007-01-22,TMAX,-51
CHM00056046,2009-05-12,TMIN,34
CHM00052983,2013-11-14,TMAX,69
CHM00052983,2012-12-03,TMIN,-122
CHM00052983,2012-12-03,TMAX,20
CHM00052983,2012-04-11,TMAX,97
CHM00056046,2007-09-01,TMIN,53
CHM00056046,2007-09-01,TMAX,132
CHM00056080,2007-01-12,TMIN,-178
CHM00056080,2006-04-25,TMIN,2
CHM00056046,2013-02-18,TMAX,-23
CHM00056046,2009-05-12,TMAX,148
CHM00056046,2009-03-28,TMIN,-94
CHM00052889,2008-08-12,TMAX,235
CHM00052983,2013-01-30,TMIN,-103
CHM00052983,2007-02-01,TMAX,84
CHM00052983,2008-06-01,TMAX,212
CHM00052983,2010-12-26,TMIN,-164
CHM00056080,2006-02-25,TMIN,-102
CHM00052983,2014-03-16,TMAX,220
CHM00056046,2010-08-20,TMAX,145
CHM00056046,2010-08-20,TMIN,56
CHM00052889,2008-05-26,TMIN,142
CHM00052889,2008-05-26,TMAX,282
CHM00056080,2014-05-22,TMAX,197
CHM00056080,2014-05-22,TMIN,66
CHM00056046,2013-09-17,TMIN,11
CHM00056046,2011-04-22,TMAX,52
CHM00056046,2011-04-22,TMIN,-31
CHM00056080,2009-07-21,TMIN,126
CHM00056046,2010-08-30,TMAX,117
CHM00052983,2005-03-13,TMAX,84
CHM00056046,2010-03-04,TMIN,-105
CHM00056046,2010-03-04,TMAX,70
CHM00056046,2014-11-06,TMAX,5
CHM00056080,2011-05-29,TMIN,60
CHM00056046,2014-01-27,TMIN,-183
CHM00052983,2007-09-23,TMIN,60
CHM00056080,2014-03-01,TMIN,-104
CHM00056046,2009-02-06,TMAX,78
CHM00056080,2006-02-25,TMAX,134
CHM00052983,2007-02-01,TMIN,-126
CHM00052983,2006-12-26,TMIN,-107
CHM00056080,2012-06-30,TMAX,212
CHM00056080,2007-01-12,TMAX,-24
CHM00056080,2008-02-27,TMIN,-123
CHM00056046,2007-01-22,TMIN,-125
CHM00056080,2008-02-27,TMAX,-5
CHM00056046,2008-09-09,TMAX,136
CHM00056080,2005-06-22,TMAX,215
CHM00052983,2006-05-14,TMAX,195
CHM00052983,2006-05-14,TMIN,4
CHM00056046,2008-09-09,TMIN,50
CHM00052983,2014-09-09,TMIN,108
CHM00052889,2005-06-30,TMIN,175
CHM00052983,2012-10-31,TMIN,-39
CHM00052889,2006-03-29,TMIN,-38
CHM00052889,2005-06-30,TMAX,281
CHM00056080,2010-11-13,TMAX,78
CHM00056080,2011-08-10,TMIN,63
CHM00056080,2010-11-13,TMIN,-115
CHM00056080,2011-08-10,TMAX,256
CHM00052889,2006-03-29,TMAX,189
CHM00056046,2013-08-16,TMIN,31
CHM00052983,2010-12-26,TMAX,34
CHM00052983,2006-12-26,TMAX,25
CHM00056080,2012-06-30,TMIN,81
CHM00056046,2013-09-17,TMAX,177
CHM00056046,2007-08-17,TMIN,92
CHM00056046,2007-08-17,TMAX,190
CHM00052983,2014-09-04,TMAX,276
CHM00052889,2006-05-31,TMAX,295
CHM00056046,2009-05-04,TMIN,13
CHM00056046,2009-05-04,TMAX,116
CHM00052983,2013-02-02,TMAX,63
CHM00052983,2013-02-02,TMIN,-82
CHM00056080,2014-05-05,TMIN,-29
CHM00056080,2011-10-03,TMIN,26
CHM00056080,2011-10-03,TMAX,111
CHM00052983,2011-05-11,TMAX,123
CHM00056080,2010-04-20,TMAX,41
CHM00056080,2014-05-05,TMAX,113
CHM00052889,2007-09-21,TMAX,262
CHM00056046,2009-06-13,TMIN,38
CHM00056046,2008-05-13,TMAX,124
CHM00052889,2006-01-14,TMAX,18
CHM00056080,2013-11-15,TMAX,57
CHM00052889,2006-01-14,TMIN,-114
CHM00056080,2010-04-20,TMIN,5
CHM00056046,2008-05-13,TMIN,5
CHM00056046,2009-06-13,TMAX,118
CHM00052889,2006-03-26,TMAX,138
CHM00052983,2013-04-17,TMAX,276
CHM00052889,2007-09-21,TMIN,101
CHM00056046,2011-11-16,TMIN,-112
CHM00052889,2006-05-31,TMIN,79
CHM00052889,2006-01-27,TMIN,-110
CHM00056046,2012-04-02,TMIN,-41
CHM00056046,2010-04-08,TMAX,81
CHM00056080,2007-08-15,TMAX,180
CHM00052983,2012-09-16,TMAX,186
CHM00056080,2007-08-15,TMIN,108
CHM00052983,2007-01-11,TMAX,-54
CHM00052983,2011-08-03,TMIN,92
CHM00052983,2013-04-17,TMIN,35
CHM00052889,2007-01-12,TMIN,-108
CHM00056046,2015-11-27,TMIN,-98
CHM00052889,2007-01-12,TMAX,-4
CHM00056046,2014-03-20,TMAX,18
CHM00052983,2012-09-16,TMIN,80
CHM00052983,2013-05-31,TMAX,215
CHM00056046,2006-10-22,TMIN,-51
CHM00052983,2011-08-03,TMAX,260
CHM00056046,2014-03-20,TMIN,-48
CHM00052983,2007-01-11,TMIN,-138
CHM00056046,2013-05-13,TMIN,20
CHM00056046,2011-11-16,TMAX,5
CHM00052889,2006-01-27,TMAX,72
CHM00056046,2015-01-08,TMAX,-113
CHM00056046,2006-10-22,TMAX,94
CHM00056080,2006-10-18,TMAX,112
CHM00052889,2006-03-26,TMIN,1
CHM00056080,2005-05-05,TMIN,-18
CHM00056046,2012-07-20,TMIN,87
CHM00056080,2007-10-15,TMAX,87
CHM00056046,2015-11-01,TMAX,95
CHM00056046,2015-11-01,TMIN,-112
CHM00056080,2012-02-08,TMAX,4
CHM00052983,2009-06-23,TMAX,290
CHM00056080,2012-02-08,TMIN,-127
CHM00052983,2013-09-24,TMIN,74
CHM00056046,2010-07-06,TMAX,208
CHM00056046,2010-07-06,TMIN,96
CHM00056046,2010-09-15,TMAX,226
CHM00056046,2010-09-15,TMIN,7
CHM00056080,2006-02-04,TMIN,-72
CHM00056080,2006-02-04,TMAX,22
CHM00056046,2013-03-02,TMAX,36
CHM00056046,2009-01-29,TMAX,23
CHM00056046,2009-01-29,TMIN,-170
CHM00052983,2009-07-24,TMAX,309
CHM00052983,2009-07-24,TMIN,126
CHM00056046,2013-03-02,TMIN,-139
CHM00052983,2007-01-24,TMAX,-17
CHM00056080,2015-01-31,TMIN,-179
CHM00056046,2014-07-21,TMAX,191
CHM00052983,2013-03-04,TMAX,134
CHM00056080,2007-10-15,TMIN,13
CHM00056046,2012-04-02,TMAX,109
CHM00052983,2010-07-01,TMIN,109
CHM00056080,2014-10-07,TMIN,35
CHM00056046,2012-07-20,TMAX,163
CHM00052983,2010-07-01,TMAX,233
CHM00052983,2013-04-15,TMAX,183
CHM00056080,2005-05-05,TMAX,132
CHM00056080,2006-10-18,TMIN,19
CHM00052983,2013-03-12,TMAX,122
CHM00056080,2011-07-30,TMAX,174
CHM00056080,2008-11-24,TMIN,-139
CHM00056080,2011-07-15,TMAX,205
CHM00056080,2005-06-02,TMIN,58
CHM00056080,2012-04-02,TMAX,98
CHM00056080,2012-04-02,TMIN,-35
CHM00056080,2011-07-15,TMIN,29
CHM00052983,2007-03-13,TMIN,0
CHM00052889,2005-07-09,TMAX,254
CHM00052889,2005-07-09,TMIN,150
CHM00052983,2007-03-13,TMAX,60
CHM00056080,2005-06-02,TMAX,166
CHM00056080,2011-07-30,TMIN,58
CHM00056046,2005-05-03,TMAX,100
CHM00056046,2005-05-03,TMIN,-19
CHM00056080,2008-11-24,TMAX,24
CHM00056080,2014-10-07,TMAX,161
CHM00056080,2011-02-19,TMIN,-79
CHM00056046,2011-10-10,TMAX,85
CHM00052983,2007-06-24,TMAX,279
CHM00056046,2010-04-08,TMIN,-128
CHM00056080,2014-07-09,TMAX,157
CHM00056046,2005-06-12,TMIN,51
CHM00056046,2013-03-21,TMAX,61
CHM00052983,2014-01-05,TMAX,17
CHM00056080,2014-09-12,TMIN,98
CHM00056046,2013-03-21,TMIN,-150
CHM00056046,2005-06-12,TMAX,151
CHM00052983,2014-01-05,TMIN,-121
CHM00056046,2009-06-18,TMIN,64
CHM00056046,2009-06-18,TMAX,210
CHM00052983,2012-02-01,TMAX,7
CHM00052983,2012-02-01,TMIN,-127
CHM00052983,2014-11-12,TMAX,52
CHM00052889,2006-01-17,TMIN,-111
CHM00052889,2007-12-13,TMAX,48
CHM00052889,2007-01-09,TMAX,21
CHM00052889,2006-01-17,TMAX,15
CHM00052889,2006-03-01,TMIN,-93
CHM00052889,2006-03-01,TMAX,84
CHM00056080,2012-08-13,TMAX,215
CHM00052983,2008-01-16,TMAX,-54
CHM00052889,2007-01-09,TMIN,-119
CHM00056080,2007-08-13,TMAX,222
CHM00056046,2012-03-24,TMAX,35
CHM00056080,2011-11-11,TMAX,74
CHM00056080,2010-08-29,TMAX,196
CHM00056080,2010-08-29,TMIN,84
CHM00056046,2011-01-10,TMIN,-119
CHM00052983,2011-05-17,TMAX,277
CHM00052983,2011-05-17,TMIN,88
CHM00056080,2006-04-11,TMIN,-87
CHM00056080,2006-04-11,TMAX,155
CHM00052983,2010-10-23,TMAX,137
CHM00056046,2011-01-10,TMAX,-59
CHM00052983,2009-11-17,TMIN,-197
CHM00052983,2009-01-26,TMIN,-143
CHM00052983,2009-01-26,TMAX,24
CHM00052983,2009-11-17,TMAX,-37
CHM00056046,2008-05-04,TMAX,131
CHM00056046,2008-05-04,TMIN,-30
CHM00056080,2015-11-17,TMAX,93
CHM00052983,2013-11-25,TMAX,39
CHM00052983,2013-11-25,TMIN,-92
CHM00056046,2006-04-20,TMAX,94
CHM00056046,2012-02-13,TMIN,-122
CHM00056080,2009-06-13,TMIN,31
CHM00056080,2009-06-13,TMAX,199
CHM00056046,2006-04-20,TMIN,-23
CHM00056046,2012-02-13,TMAX,-11
CHM00056080,2015-01-08,TMAX,-21
CHM00056046,2012-03-24,TMIN,-83
CHM00052983,2013-03-04,TMIN,-57
CHM00052983,2010-11-02,TMAX,90
CHM00056080,2007-08-13,TMIN,32
CHM00056046,2006-04-11,TMIN,-11
CHM00056080,2014-10-19,TMAX,103
CHM00056046,2012-02-08,TMAX,79
CHM00056046,2006-04-11,TMAX,103
CHM00052983,2010-06-19,TMAX,245
CHM00056046,2012-02-08,TMIN,-95
CHM00056080,2008-03-27,TMAX,130
CHM00056080,2008-03-27,TMIN,-56
CHM00056080,2006-04-20,TMAX,164
CHM00056080,2006-04-20,TMIN,3
CHM00056080,2010-03-08,TMAX,-2
CHM00056080,2010-03-08,TMIN,-104
CHM00056046,2009-05-08,TMAX,139
CHM00056046,2009-05-08,TMIN,36
CHM00056046,2010-06-25,TMIN,71
CHM00052983,2006-04-22,TMIN,40
CHM00052983,2006-04-22,TMAX,201
CHM00056080,2009-10-12,TMAX,111
CHM00056046,2011-10-10,TMIN,17
CHM00056046,2010-06-25,TMAX,179
CHM00056080,2007-02-18,TMAX,1
CHM00056080,2007-02-18,TMIN,-141
CHM00052983,2007-06-24,TMIN,90
CHM00056046,2010-04-20,TMIN,-14
CHM00052889,2008-03-02,TMIN,-25
CHM00056046,2010-04-20,TMAX,71
CHM00052889,2007-10-13,TMIN,71
CHM00052889,2007-12-13,TMIN,-36
CHM00056080,2009-05-04,TMIN,36
CHM00056080,2009-05-04,TMAX,197
CHM00052983,2006-01-20,TMAX,-17
CHM00056080,2011-11-11,TMIN,-56
CHM00056080,2008-11-21,TMAX,-8
CHM00056080,2015-02-17,TMAX,106
CHM00056080,2015-02-17,TMIN,-145
CHM00052889,2008-03-02,TMAX,131
CHM00056080,2012-08-13,TMIN,135
CHM00052983,2009-11-23,TMAX,61
CHM00052983,2010-08-13,TMAX,232
CHM00052983,2010-08-13,TMIN,148
CHM00052983,2009-11-23,TMIN,-78
CHM00056046,2007-02-12,TMIN,-153
CHM00056046,2007-02-12,TMAX,22
CHM00056080,2009-10-12,TMIN,15
CHM00052889,2005-04-24,TMAX,226
CHM00056080,2007-09-12,TMIN,64
CHM00056080,2007-09-12,TMAX,121
CHM00052889,2007-10-13,TMAX,102
CHM00052983,2008-01-05,TMIN,-127
CHM00052983,2008-01-05,TMAX,34
CHM00052889,2005-04-24,TMIN,31
CHM00056080,2014-09-12,TMAX,175
CHM00056046,2008-10-31,TMIN,-120
CHM00056080,2009-05-08,TMAX,177
CHM00052983,2006-02-25,TMIN,-12
CHM00052889,2006-07-09,TMIN,163
CHM00056080,2009-02-04,TMIN,-159
CHM00056080,2009-02-04,TMAX,116
CHM00056046,2011-10-02,TMIN,-26
CHM00052889,2007-12-10,TMAX,9
CHM00052889,2007-12-10,TMIN,-31
CHM00056080,2011-02-19,TMAX,28
CHM00056046,2014-07-09,TMIN,74
CHM00056046,2014-07-09,TMAX,160
CHM00052983,2006-02-25,TMAX,74
CHM00052983,2012-07-24,TMIN,108
CHM00056080,2005-07-09,TMAX,129
CHM00056080,2005-07-09,TMIN,83
CHM00056046,2011-02-04,TMAX,57
CHM00056046,2011-02-04,TMIN,-185
CHM00052983,2007-03-08,TMIN,-55
CHM00052983,2007-03-08,TMAX,50
CHM00052983,2011-02-21,TMAX,80
CHM00056046,2006-05-18,TMIN,-43
CHM00052983,2011-04-14,TMAX,180
CHM00052983,2005-06-26,TMAX,288
CHM00052983,2012-07-24,TMAX,215
CHM00052889,2006-06-22,TMIN,156
CHM00052889,2006-06-22,TMAX,282
CHM00056046,2011-10-02,TMAX,64
CHM00052983,2013-01-17,TMAX,53
CHM00056046,2014-01-07,TMAX,-52
CHM00056046,2007-01-09,TMAX,-9
CHM00056046,2007-01-09,TMIN,-276
CHM00052889,2006-02-04,TMIN,-82
CHM00052889,2006-02-04,TMAX,23
CHM00052983,2007-12-31,TMAX,-33
CHM00056046,2009-10-02,TMAX,126
CHM00056046,2014-10-28,TMAX,66
CHM00056080,2006-01-14,TMAX,15
CHM00056080,2006-01-14,TMIN,-137
CHM00056046,2008-09-16,TMAX,86
CHM00056046,2014-01-07,TMIN,-181
CHM00056046,2009-10-02,TMIN,-10
CHM00056046,2008-09-19,TMAX,156
CHM00056046,2008-09-19,TMIN,35
CHM00052983,2014-10-31,TMAX,58
CHM00056046,2011-04-06,TMAX,79
CHM00056046,2011-04-06,TMIN,-47
CHM00052983,2014-10-31,TMIN,1
CHM00052983,2007-12-31,TMIN,-165
CHM00056046,2014-04-19,TMAX,121
CHM00056046,2014-04-19,TMIN,-63
CHM00056046,2006-05-18,TMAX,145
CHM00056080,2007-01-09,TMAX,40
CHM00056080,2007-01-09,TMIN,-210
CHM00056080,2009-09-14,TMAX,162
CHM00056080,2006-12-20,TMAX,30
CHM00056046,2011-06-05,TMIN,9
CHM00056080,2015-01-27,TMIN,-100
CHM00056080,2015-01-27,TMAX,49
CHM00052983,2010-12-23,TMAX,-22
CHM00056046,2011-06-05,TMAX,76
CHM00052983,2006-03-07,TMAX,119
CHM00056046,2005-04-20,TMIN,-59
CHM00052889,2007-06-15,TMIN,150
CHM00056046,2007-03-24,TMAX,43
CHM00056080,2005-06-16,TMIN,93
CHM00052983,2011-12-16,TMAX,-7
CHM00052983,2010-12-23,TMIN,-132
CHM00052983,2007-02-21,TMAX,79
CHM00056080,2011-05-04,TMAX,196
CHM00056080,2010-08-31,TMIN,43
CHM00056080,2010-08-31,TMAX,182
CHM00056080,2008-02-14,TMIN,-246
CHM00056046,2007-03-24,TMIN,-101
CHM00056080,2009-01-29,TMAX,91
CHM00052983,2006-06-25,TMIN,107
CHM00052889,2007-02-12,TMIN,-15
CHM00052889,2007-02-12,TMAX,104
CHM00052983,2014-08-11,TMAX,202
CHM00052983,2013-01-17,TMIN,-141
CHM00056046,2005-04-20,TMAX,96
CHM00056080,2005-05-11,TMIN,4
CHM00056080,2009-09-14,TMIN,60
CHM00056080,2010-07-09,TMIN,77
CHM00056080,2010-07-09,TMAX,152
CHM00052983,2013-11-23,TMAX,-20
CHM00052983,2014-05-25,TMAX,178
CHM00052983,2014-05-25,TMIN,79
CHM00052889,2006-02-17,TMAX,-15
CHM00056046,2009-09-16,TMAX,163
CHM00052889,2006-02-17,TMIN,-133
CHM00052983,2005-06-26,TMIN,87
CHM00056080,2008-06-25,TMAX,211
CHM00056046,2009-09-16,TMIN,49
CHM00056080,2015-03-22,TMIN,-31
CHM00056080,2008-12-09,TMAX,83
CHM00056080,2008-12-09,TMIN,-160
CHM00056046,2006-01-27,TMAX,-28
CHM00056046,2006-01-27,TMIN,-155
CHM00056080,2005-05-11,TMAX,193
CHM00052889,2007-06-15,TMAX,288
CHM00052983,2007-03-07,TMAX,24
CHM00052889,2008-09-15,TMIN,157
CHM00052889,2008-09-15,TMAX,250
CHM00056080,2006-12-20,TMIN,-185
CHM00052983,2011-07-06,TMAX,241
CHM00056046,2008-09-16,TMIN,34
CHM00056046,2007-09-26,TMIN,10
CHM00056080,2010-11-16,TMAX,71
CHM00056080,2011-11-07,TMIN,-32
CHM00052983,2006-03-16,TMIN,-39
CHM00056046,2008-09-14,TMAX,131
CHM00056046,2011-12-18,TMAX,-25
CHM00056046,2011-12-18,TMIN,-220
CHM00056046,2015-06-16,TMIN,26
CHM00052983,2006-03-16,TMAX,109
CHM00056046,2012-10-12,TMAX,53
CHM00052983,2009-10-30,TMAX,103
CHM00056046,2011-10-03,TMIN,-15
CHM00056046,2011-10-03,TMAX,18
CHM00056046,2012-10-12,TMIN,-12
CHM00052983,2014-10-08,TMAX,209
CHM00056080,2013-11-12,TMIN,-67
CHM00056080,2008-05-20,TMIN,51
CHM00056046,2006-03-26,TMAX,55
CHM00056046,2007-09-12,TMIN,41
CHM00052889,2008-01-28,TMAX,-97
CHM00052889,2008-01-28,TMIN,-178
CHM00056046,2006-03-26,TMIN,-57
CHM00052889,2007-04-03,TMAX,150
CHM00052889,2007-04-03,TMIN,13
CHM00056046,2007-09-12,TMAX,111
CHM00052983,2008-05-01,TMAX,276
CHM00056046,2015-11-06,TMIN,-66
CHM00056046,2009-09-14,TMIN,58
CHM00052983,2013-01-05,TMAX,-41
CHM00056046,2008-10-31,TMAX,19
CHM00056080,2009-05-08,TMIN,88
CHM00056046,2009-09-14,TMAX,145
CHM00056080,2011-06-18,TMIN,49
CHM00056080,2006-04-01,TMAX,129
CHM00056046,2006-02-04,TMIN,-71
CHM00056080,2011-06-18,TMAX,243
CHM00056046,2006-02-04,TMAX,25
CHM00056080,2011-01-06,TMIN,-138
CHM00056080,2015-01-31,TMAX,-21
CHM00056046,2005-06-02,TMIN,10
CHM00056046,2005-06-02,TMAX,102
CHM00056080,2014-05-29,TMIN,67
CHM00056046,2008-09-14,TMIN,-5
CHM00056080,2005-05-03,TMAX,200
CHM00056080,2005-05-03,TMIN,15
CHM00056046,2014-07-21,TMIN,94
CHM00052983,2006-12-18,TMAX,16
CHM00056080,2011-11-07,TMAX,28
CHM00052889,2007-09-04,TMAX,240
CHM00052983,2006-12-18,TMIN,-128
CHM00052983,2008-05-01,TMIN,96
CHM00056080,2011-01-06,TMAX,25
CHM00056080,2014-05-29,TMAX,168
CHM00056080,2006-04-01,TMIN,-61
CHM00056046,2007-10-15,TMIN,-22
CHM00056080,2008-05-20,TMAX,169
CHM00052889,2006-04-11,TMIN,-32
CHM00052889,2006-04-11,TMAX,101
CHM00052983,2007-12-13,TMAX,30
CHM00056046,2012-11-26,TMIN,-200
CHM00056046,2012-11-26,TMAX,-41
CHM00052983,2010-12-15,TMAX,-122
CHM00052983,2008-01-09,TMIN,-103
CHM00052983,2013-12-15,TMIN,-130
CHM00056046,2006-04-01,TMIN,-69
CHM00056080,2013-01-31,TMAX,73
CHM00056080,2008-06-25,TMIN,29
CHM00052983,2013-09-17,TMIN,138
CHM00056046,2005-07-09,TMAX,140
CHM00056046,2005-07-09,TMIN,51
CHM00056080,2010-09-15,TMAX,250
CHM00056080,2010-09-15,TMIN,109
CHM00052983,2013-12-15,TMAX,0
CHM00056046,2006-04-01,TMAX,84
CHM00056046,2015-03-23,TMIN,-100
CHM00052889,2006-07-09,TMAX,247
CHM00056046,2005-03-23,TMAX,11
CHM00056046,2005-03-23,TMIN,-71
CHM00056080,2010-11-16,TMIN,-128
CHM00052889,2008-06-24,TMIN,210
CHM00056046,2007-10-15,TMAX,34
CHM00052889,2008-06-24,TMAX,273
CHM00052983,2008-01-09,TMAX,57
CHM00052983,2014-10-29,TMIN,5
CHM00056046,2005-05-11,TMAX,102
CHM00056080,2006-05-18,TMIN,-1
CHM00052983,2014-10-29,TMAX,151
CHM00056046,2007-12-14,TMAX,24
CHM00056046,2007-12-14,TMIN,-165
CHM00056046,2005-05-11,TMIN,2
CHM00052889,2007-09-04,TMIN,119
CHM00052983,2007-10-30,TMIN,-23
CHM00052983,2007-10-30,TMAX,91
CHM00056046,2006-01-14,TMAX,-11
CHM00056046,2006-01-14,TMIN,-176
CHM00056080,2006-05-18,TMAX,184
CHM00056080,2010-08-25,TMAX,197
CHM00052983,2008-10-14,TMAX,170
CHM00052983,2008-10-14,TMIN,30
CHM00056080,2010-08-25,TMIN,52
CHM00052983,2007-09-09,TMAX,203
CHM00052983,2007-09-09,TMIN,93
CHM00056080,2006-03-26,TMAX,79
CHM00056080,2006-03-26,TMIN,-50
CHM00056046,2013-11-15,TMAX,-3
CHM00056046,2011-05-29,TMIN,45
CHM00056046,2011-05-29,TMAX,128
CHM00056080,2012-12-09,TMIN,-158
CHM00056080,2012-12-09,TMAX,64
CHM00052983,2009-05-16,TMIN,52
CHM00052889,2006-06-10,TMAX,302
CHM00052889,2008-10-25,TMIN,30
CHM00056080,2009-05-25,TMIN,33
CHM00056046,2008-08-13,TMIN,14
CHM00056080,2009-05-25,TMAX,190
CHM00056080,2010-08-30,TMIN,93
CHM00052889,2008-09-09,TMAX,166
CHM00056046,2015-06-25,TMIN,63
CHM00052889,2008-10-17,TMAX,149
CHM00052983,2008-02-19,TMIN,-120
CHM00052889,2006-06-10,TMIN,77
CHM00056046,2008-08-13,TMAX,181
CHM00052889,2007-03-01,TMIN,45
CHM00056080,2012-04-11,TMAX,134
CHM00052889,2008-10-17,TMIN,89
CHM00052983,2008-02-19,TMAX,35
CHM00056046,2009-07-25,TMAX,151
CHM00052983,2010-09-19,TMIN,165
CHM00056046,2005-03-29,TMIN,-61
CHM00056046,2005-03-29,TMAX,43
CHM00052983,2015-01-24,TMAX,63
CHM00052983,2010-10-29,TMAX,118
CHM00056080,2012-04-11,TMIN,-26
CHM00052889,2008-09-09,TMIN,119
CHM00056080,2007-01-01,TMAX,-21
CHM00056080,2007-01-01,TMIN,-148
CHM00052889,2008-10-25,TMAX,133
CHM00056046,2015-12-01,TMAX,8
CHM00056080,2010-12-27,TMIN,-222
CHM00052983,2013-07-12,TMIN,144
CHM00052983,2015-10-05,TMAX,216
CHM00056080,2013-04-15,TMAX,110
CHM00052983,2006-12-22,TMAX,19
CHM00052983,2015-10-05,TMIN,67
CHM00056080,2015-07-19,TMIN,17
CHM00056080,2010-08-30,TMAX,145
CHM00052983,2012-06-23,TMAX,296
CHM00052889,2007-08-25,TMAX,320
CHM00052983,2012-06-23,TMIN,109
CHM00056080,2012-11-28,TMIN,-152
CHM00056080,2007-03-07,TMAX,12
CHM00056046,2008-12-23,TMAX,4
CHM00056080,2010-04-27,TMIN,-59
CHM00056080,2010-04-27,TMAX,164
CHM00056080,2012-03-01,TMIN,-94
CHM00056080,2012-03-01,TMAX,11
CHM00056046,2008-12-23,TMIN,-167
CHM00052983,2012-07-11,TMAX,196
CHM00056080,2007-03-07,TMIN,-90
CHM00052983,2010-09-19,TMAX,291
CHM00056080,2006-12-18,TMAX,12
CHM00052889,2007-03-01,TMAX,124
CHM00056046,2009-07-25,TMIN,86
CHM00056080,2006-07-07,TMAX,210
CHM00052983,2015-02-03,TMAX,17
CHM00056080,2011-01-15,TMAX,-12
CHM00056046,2015-02-23,TMAX,54
CHM00056080,2014-06-16,TMAX,198
CHM00052983,2012-09-28,TMAX,180
CHM00056080,2010-07-01,TMAX,177
CHM00052889,2008-05-17,TMIN,145
CHM00056080,2010-07-01,TMIN,89
CHM00056080,2005-06-12,TMIN,63
CHM00056080,2015-11-27,TMIN,-128
CHM00052889,2008-05-17,TMAX,252
CHM00056080,2009-02-22,TMIN,-127
CHM00056080,2009-02-22,TMAX,41
CHM00056080,2015-11-27,TMAX,65
CHM00052983,2006-06-05,TMAX,237
CHM00056080,2006-10-19,TMIN,-24
CHM00056080,2006-10-19,TMAX,154
CHM00056080,2005-06-12,TMAX,207
CHM00056080,2011-01-15,TMIN,-244
CHM00052983,2006-06-05,TMIN,136
CHM00052983,2010-03-16,TMAX,148
CHM00056080,2013-04-14,TMIN,-65
CHM00056080,2006-07-07,TMIN,57
CHM00056046,2015-12-01,TMIN,-172
CHM00052889,2006-07-12,TMAX,340
CHM00052983,2013-11-26,TMAX,39
CHM00056080,2006-12-18,TMIN,-182
CHM00056046,2008-10-19,TMAX,47
CHM00056046,2008-10-19,TMIN,-23
CHM00052983,2009-11-27,TMIN,-66
CHM00052983,2009-11-27,TMAX,21
CHM00052983,2006-01-31,TMAX,52
CHM00052983,2006-01-31,TMIN,-93
CHM00052889,2006-04-20,TMAX,213
CHM00052889,2006-04-20,TMIN,59
CHM00056046,2007-08-15,TMAX,176
CHM00052983,2008-04-21,TMIN,-26
CHM00056046,2007-08-10,TMIN,73
CHM00056046,2014-05-16,TMIN,-2
CHM00056046,2014-05-16,TMAX,101
CHM00052983,2015-02-03,TMIN,-100
CHM00056080,2013-04-14,TMAX,162
CHM00056046,2007-01-01,TMIN,-134
CHM00056046,2007-01-01,TMAX,9
CHM00052983,2008-04-21,TMAX,33
CHM00056046,2007-08-10,TMAX,180
CHM00056046,2007-06-24,TMAX,120
CHM00056046,2007-06-24,TMIN,12
CHM00056046,2007-08-15,TMIN,86
CHM00052889,2006-07-12,TMIN,141
CHM00056080,2006-03-07,TMIN,-28
CHM00056046,2014-12-05,TMAX,71
CHM00056046,2014-12-05,TMIN,-177
CHM00052983,2012-04-08,TMAX,195
CHM00052889,2006-10-05,TMIN,62
CHM00056080,2015-05-18,TMIN,8
CHM00052983,2010-10-25,TMAX,-2
CHM00056046,2012-12-09,TMAX,10
CHM00056046,2012-12-09,TMIN,-155
CHM00052889,2006-10-05,TMAX,200
CHM00056080,2012-12-13,TMAX,75
CHM00052983,2012-04-08,TMIN,0
CHM00056046,2011-07-15,TMIN,9
CHM00056046,2009-09-11,TMIN,74
CHM00056046,2009-09-11,TMAX,191
CHM00052983,2006-05-16,TMIN,56
CHM00056046,2015-09-05,TMIN,32
CHM00056046,2010-03-25,TMIN,-64
CHM00052889,2007-04-17,TMIN,54
CHM00052983,2006-05-16,TMAX,249
CHM00056080,2009-06-18,TMIN,115
CHM00052889,2007-04-17,TMAX,194
CHM00056080,2009-06-18,TMAX,252
CHM00056046,2010-03-25,TMAX,46
CHM00056046,2010-06-28,TMAX,176
CHM00056046,2010-06-19,TMAX,144
CHM00052889,2006-03-10,TMAX,141
CHM00056080,2013-06-06,TMIN,43
CHM00052889,2006-03-10,TMIN,0
CHM00056080,2007-08-10,TMIN,109
CHM00056046,2011-03-15,TMAX,-20
CHM00056080,2015-02-23,TMAX,93
CHM00056046,2011-07-15,TMAX,130
CHM00056046,2011-03-15,TMIN,-234
CHM00052889,2008-11-23,TMIN,-35
CHM00056080,2009-11-23,TMAX,87
CHM00052983,2013-10-21,TMIN,-18
CHM00056080,2009-11-23,TMIN,-158
CHM00056046,2007-09-09,TMIN,49
CHM00052983,2010-07-24,TMAX,254
CHM00056046,2006-06-10,TMIN,-10
CHM00056046,2008-02-13,TMAX,-75
CHM00052889,2008-11-23,TMAX,78
CHM00056046,2007-03-07,TMAX,2
CHM00056046,2007-03-07,TMIN,-113
CHM00056046,2008-02-13,TMIN,-142
CHM00056046,2006-06-10,TMAX,151
CHM00056046,2011-02-06,TMIN,-140
CHM00056046,2011-02-06,TMAX,47
CHM00052889,2005-05-11,TMAX,292
CHM00052889,2005-05-11,TMIN,71
CHM00052889,2007-02-18,TMAX,79
CHM00052889,2007-02-18,TMIN,-34
CHM00056080,2007-08-10,TMAX,184
CHM00052983,2010-03-16,TMIN,-51
CHM00056046,2011-08-07,TMAX,171
CHM00052983,2011-02-02,TMIN,-147
CHM00052983,2015-07-07,TMIN,107
CHM00056080,2009-02-02,TMAX,49
CHM00056080,2009-02-02,TMIN,-105
CHM00056046,2010-03-31,TMIN,-54
CHM00056046,2010-03-31,TMAX,16
CHM00052983,2008-01-28,TMIN,-243
CHM00052889,2008-05-05,TMAX,313
CHM00052983,2008-01-28,TMAX,-120
CHM00052889,2007-09-15,TMAX,268
CHM00056080,2008-05-07,TMAX,163
CHM00056080,2008-05-07,TMIN,7
CHM00056080,2012-11-28,TMAX,54
CHM00052889,2007-08-25,TMIN,195
CHM00056046,2013-01-26,TMAX,-54
CHM00056080,2015-06-21,TMIN,23
CHM00056080,2007-09-09,TMAX,168
CHM00056080,2007-09-09,TMIN,64
CHM00056080,2010-12-27,TMAX,25
CHM00052983,2009-07-22,TMIN,118
CHM00052983,2009-07-22,TMAX,272
CHM00052983,2008-10-25,TMIN,2
CHM00052983,2008-10-25,TMAX,113
CHM00056080,2006-03-07,TMAX,56
CHM00056046,2006-12-18,TMIN,-184
CHM00052983,2011-02-02,TMAX,46
CHM00056046,2006-12-18,TMAX,-56
CHM00052983,2007-03-17,TMIN,-51
CHM00056046,2010-06-19,TMIN,52
CHM00056080,2014-06-27,TMAX,178
CHM00056046,2011-08-07,TMIN,-1
CHM00056080,2015-07-05,TMAX,165
CHM00052983,2013-06-01,TMIN,80
CHM00052889,2007-09-15,TMIN,104
CHM00052983,2010-11-30,TMAX,76
CHM00052889,2005-05-23,TMIN,64
CHM00056080,2012-03-24,TMIN,-83
CHM00052889,2005-05-23,TMAX,195
CHM00052983,2009-10-18,TMAX,148
CHM00056046,2015-11-29,TMAX,36
CHM00056080,2005-03-29,TMIN,-8
CHM00056080,2005-03-29,TMAX,30
CHM00056046,2015-11-29,TMIN,-188
CHM00056080,2012-08-11,TMAX,237
CHM00056080,2012-08-11,TMIN,151
CHM00052983,2015-11-05,TMAX,48
CHM00056046,2006-03-07,TMAX,12
CHM00052889,2008-05-05,TMIN,116
CHM00052983,2007-03-17,TMAX,58
CHM00056080,2006-02-26,TMAX,89
CHM00056080,2012-03-24,TMAX,82
CHM00056046,2006-03-07,TMIN,-123
CHM00056046,2015-06-21,TMIN,8
CHM00056046,2013-04-27,TMAX,134
CHM00056080,2009-02-14,TMAX,77
CHM00056046,2006-03-01,TMIN,-98
CHM00056046,2006-03-01,TMAX,-7
CHM00052889,2007-01-01,TMIN,-79
CHM00052889,2007-01-01,TMAX,-17
CHM00056080,2012-02-13,TMIN,-95
CHM00056080,2012-02-13,TMAX,23
CHM00056080,2015-11-29,TMAX,109
CHM00052983,2012-02-23,TMAX,21
CHM00056080,2015-11-29,TMIN,-127
CHM00056080,2009-09-08,TMAX,215
CHM00056080,2009-09-08,TMIN,90
CHM00056046,2007-04-07,TMIN,-70
CHM00056080,2009-12-01,TMAX,35
CHM00052983,2012-02-23,TMIN,-50
CHM00052983,2012-05-21,TMAX,145
CHM00056046,2015-02-17,TMAX,39
CHM00056046,2015-02-17,TMIN,-208
CHM00052889,2007-03-20,TMAX,170
CHM00056080,2009-02-18,TMIN,-91
CHM00056080,2009-02-18,TMAX,48
CHM00052983,2012-12-12,TMIN,-68
CHM00052983,2012-06-25,TMIN,126
CHM00052983,2012-12-12,TMAX,53
CHM00056080,2012-11-26,TMAX,14
CHM00056080,2007-08-07,TMAX,245
CHM00056080,2012-11-26,TMIN,-182
CHM00052889,2005-07-15,TMAX,358
CHM00052889,2005-04-20,TMAX,247
CHM00052889,2005-04-20,TMIN,7
CHM00052889,2005-03-23,TMAX,120
CHM00052983,2009-10-03,TMIN,52
CHM00052889,2005-03-23,TMIN,-11
CHM00052983,2013-12-17,TMIN,-132
CHM00052983,2012-06-27,TMAX,199
CHM00052889,2007-03-20,TMIN,-4
CHM00052983,2012-06-27,TMIN,150
CHM00052983,2009-10-03,TMAX,182
CHM00056080,2014-01-29,TMIN,-154
CHM00056080,2011-10-10,TMIN,47
CHM00056080,2011-10-10,TMAX,148
CHM00056080,2014-01-29,TMAX,95
CHM00052889,2005-03-29,TMIN,-9
CHM00052889,2005-03-29,TMAX,138
CHM00056046,2012-09-30,TMIN,-35
CHM00056046,2012-09-30,TMAX,143
CHM00056080,2012-07-20,TMIN,112
CHM00056080,2012-07-20,TMAX,191
CHM00056046,2011-11-11,TMAX,77
CHM00056046,2011-11-11,TMIN,-92
CHM00052889,2005-07-15,TMIN,125
CHM00056046,2014-04-22,TMAX,80
CHM00052983,2007-04-08,TMAX,123
CHM00056080,2007-08-07,TMIN,113
CHM00052983,2009-10-06,TMIN,79
CHM00056080,2011-10-17,TMAX,143
CHM00056080,2011-10-17,TMIN,-57
CHM00056046,2010-03-08,TMIN,-111
CHM00056046,2009-01-01,TMIN,-185
CHM00056046,2014-10-07,TMAX,111
CHM00056046,2014-10-07,TMIN,2
CHM00056080,2012-01-25,TMAX,25
CHM00056080,2012-01-25,TMIN,-222
CHM00052983,2014-01-06,TMIN,-104
CHM00052983,2012-07-06,TMAX,182
CHM00052983,2012-12-18,TMAX,44
CHM00052983,2009-03-27,TMIN,-10
CHM00056046,2009-01-01,TMAX,-21
CHM00052983,2009-03-27,TMAX,48
CHM00052983,2006-02-04,TMAX,-12
CHM00056046,2007-02-18,TMAX,-43
CHM00052983,2012-12-18,TMIN,-117
CHM00052983,2006-05-29,TMAX,258
CHM00056046,2007-02-18,TMIN,-212
CHM00056046,2012-09-29,TMAX,117
CHM00056046,2012-09-29,TMIN,-4
CHM00052983,2008-05-25,TMAX,193
CHM00056080,2008-11-21,TMIN,-85
CHM00056046,2010-03-08,TMAX,-17
CHM00056080,2015-05-22,TMAX,152
CHM00056046,2014-06-15,TMAX,77
CHM00056080,2014-03-25,TMAX,122
CHM00052983,2009-10-06,TMAX,119
CHM00056046,2015-10-12,TMIN,-63
CHM00056080,2008-08-03,TMAX,220
CHM00052983,2009-05-16,TMAX,189
CHM00056080,2008-08-03,TMIN,76
CHM00056080,2006-04-06,TMAX,114
CHM00056046,2014-04-22,TMIN,-30
CHM00052889,2005-05-03,TMAX,295
CHM00052889,2005-05-03,TMIN,97
CHM00052983,2012-06-25,TMAX,274
CHM00056080,2007-02-12,TMIN,-106
CHM00056080,2007-02-12,TMAX,36
CHM00056080,2006-04-06,TMIN,-43
CHM00056080,2015-01-13,TMIN,-196
CHM00056046,2008-12-22,TMIN,-133
CHM00056080,2015-01-13,TMAX,44
CHM00056046,2008-12-22,TMAX,68
CHM00056080,2012-07-15,TMAX,207
CHM00056046,2009-05-25,TMIN,36
CHM00056080,2012-07-15,TMIN,60
CHM00056046,2009-05-25,TMAX,168
CHM00056080,2007-12-16,TMIN,-89
CHM00056080,2014-03-25,TMIN,-77
CHM00056080,2007-12-16,TMAX,27
CHM00052889,2006-06-30,TMAX,326
CHM00052983,2007-04-08,TMIN,10
CHM00056046,2015-11-17,TMAX,32
CHM00052983,2007-06-15,TMAX,198
CHM00056080,2009-11-07,TMIN,-67
CHM00052983,2007-06-15,TMIN,126
CHM00056080,2008-10-31,TMIN,6
CHM00056080,2008-10-31,TMAX,115
CHM00056046,2014-10-16,TMAX,115
CHM00052983,2010-03-12,TMIN,-19
CHM00056080,2007-01-22,TMIN,-141
CHM00052889,2005-04-22,TMIN,68
CHM00056046,2015-11-20,TMIN,-115
CHM00052889,2008-07-20,TMAX,312
CHM00056080,2015-11-30,TMAX,128
CHM00052983,2010-03-12,TMAX,193
CHM00056080,2015-11-30,TMIN,-123
CHM00056046,2013-04-16,TMIN,-92
CHM00052889,2005-04-22,TMAX,221
CHM00052983,2011-06-17,TMAX,239
CHM00056080,2015-10-12,TMIN,-41
CHM00056080,2015-10-12,TMAX,136
CHM00056046,2010-07-22,TMAX,207
CHM00052889,2007-08-17,TMIN,193
CHM00052983,2014-01-06,TMAX,-18
CHM00052889,2007-08-17,TMAX,269
CHM00056080,2007-01-22,TMAX,4
CHM00056046,2010-07-22,TMIN,56
CHM00056080,2006-03-01,TMAX,40
CHM00056080,2006-03-01,TMIN,-114
CHM00052983,2010-08-14,TMAX,250
CHM00056046,2012-03-07,TMIN,-62
CHM00056046,2012-03-07,TMAX,51
CHM00052983,2013-11-26,TMIN,-86
CHM00056046,2011-01-18,TMAX,-39
CHM00056046,2013-04-27,TMIN,-33
CHM00056080,2009-02-14,TMIN,-105
CHM00056046,2011-01-18,TMIN,-176
CHM00056046,2008-04-22,TMIN,-79
CHM00056046,2008-04-22,TMAX,69
CHM00052983,2013-09-16,TMIN,127
CHM00052983,2007-10-04,TMAX,139
CHM00052983,2011-04-17,TMAX,197
CHM00056046,2011-10-17,TMAX,81
CHM00056046,2011-10-17,TMIN,-42
CHM00056080,2006-10-11,TMAX,122
CHM00056046,2012-04-11,TMIN,-83
CHM00056046,2012-07-15,TMAX,136
CHM00056046,2012-04-11,TMAX,72
CHM00056080,2011-07-05,TMAX,145
CHM00056080,2011-07-05,TMIN,101
CHM00056046,2012-07-15,TMIN,63
CHM00056080,2006-10-11,TMIN,-3
CHM00056080,2009-11-07,TMAX,152
CHM00056080,2009-01-30,TMAX,106
CHM00052889,2008-07-20,TMIN,185
CHM00056046,2013-04-16,TMAX,80
CHM00056080,2010-09-07,TMAX,168
CHM00056080,2011-04-20,TMIN,26
CHM00056080,2015-06-16,TMIN,83
CHM00052983,2007-10-11,TMIN,46
CHM00056080,2011-04-20,TMAX,136
CHM00052889,2008-08-11,TMAX,251
CHM00056046,2014-02-05,TMIN,-115
CHM00056046,2012-01-25,TMAX,-5
CHM00056046,2012-01-25,TMIN,-228
CHM00056046,2014-02-05,TMAX,50
CHM00056080,2010-09-07,TMIN,28
CHM00056046,2014-06-26,TMAX,155
CHM00056046,2015-06-03,TMAX,130
CHM00056046,2015-06-03,TMIN,17
CHM00052889,2005-05-31,TMAX,218
CHM00056080,2008-02-13,TMAX,-83
CHM00056080,2008-02-13,TMIN,-183
CHM00052983,2013-12-17,TMAX,10
CHM00052889,2005-05-31,TMIN,133
CHM00052983,2007-09-28,TMIN,66
CHM00052983,2007-10-11,TMAX,79
CHM00052983,2007-09-28,TMAX,119
CHM00052983,2013-12-01,TMIN,-79
CHM00052889,2008-08-11,TMIN,156
CHM00056046,2013-08-19,TMAX,227
CHM00052983,2013-12-01,TMAX,80
CHM00056080,2015-06-25,TMIN,85
CHM00056046,2007-08-13,TMAX,159
CHM00056046,2013-08-19,TMIN,34
CHM00056046,2006-04-06,TMAX,31
CHM00052983,2014-06-26,TMAX,253
CHM00056046,2009-09-08,TMAX,211
CHM00056046,2009-09-08,TMIN,44
CHM00052983,2014-06-26,TMIN,116
CHM00056046,2007-08-13,TMIN,-1
CHM00056046,2006-04-06,TMIN,-123
CHM00056046,2014-04-24,TMAX,76
CHM00056080,2009-01-30,TMIN,-132
CHM00052983,2012-05-23,TMAX,120
CHM00056046,2010-04-27,TMIN,-77
CHM00056046,2010-04-27,TMAX,106
CHM00052983,2012-06-24,TMIN,121
CHM00056046,2010-01-22,TMIN,-183
CHM00056046,2007-08-07,TMAX,197
CHM00056046,2007-08-07,TMIN,54
CHM00056046,2012-03-01,TMIN,-114
CHM00052983,2012-06-24,TMAX,253
CHM00056080,2009-12-01,TMIN,-109
CHM00056046,2012-03-01,TMAX,-29
CHM00056046,2010-01-22,TMAX,-15
CHM00056046,2007-04-07,TMAX,81
CHM00052889,2005-05-15,TMAX,228
CHM00056046,2008-01-29,TMIN,-224
CHM00056046,2007-01-17,TMAX,-45
CHM00052983,2011-11-02,TMAX,118
CHM00056080,2013-07-17,TMAX,138
CHM00056046,2005-10-15,TMIN,-14
CHM00052983,2006-03-24,TMAX,90
CHM00052983,2006-01-12,TMAX,1
CHM00052983,2006-01-12,TMIN,-105
CHM00056046,2005-10-15,TMAX,91
CHM00052983,2006-03-24,TMIN,0
CHM00056046,2008-01-27,TMIN,-229
CHM00056046,2005-05-28,TMAX,111
CHM00056080,2006-02-27,TMIN,-82
CHM00052983,2011-11-17,TMIN,-36
CHM00056046,2005-05-28,TMIN,7
CHM00056046,2015-12-31,TMAX,-10
CHM00056046,2010-12-11,TMAX,-5
CHM00056046,2010-12-11,TMIN,-206
CHM00052983,2012-09-30,TMIN,21
CHM00052983,2009-11-22,TMAX,101
CHM00052983,2014-07-23,TMAX,179
CHM00052983,2009-11-22,TMIN,-114
CHM00056080,2006-05-24,TMIN,39
CHM00052983,2012-09-30,TMAX,196
CHM00052983,2011-11-17,TMAX,81
CHM00056080,2005-03-16,TMAX,29
CHM00052983,2014-07-17,TMIN,143
CHM00052983,2013-01-25,TMAX,29
CHM00056046,2006-12-29,TMAX,-37
CHM00052983,2012-12-06,TMAX,45
CHM00052983,2012-12-06,TMIN,-105
CHM00056080,2006-07-05,TMAX,231
CHM00056080,2006-07-05,TMIN,84
CHM00052983,2006-07-13,TMIN,187
CHM00052983,2006-07-13,TMAX,268
CHM00052983,2008-03-09,TMAX,129
CHM00052983,2008-03-09,TMIN,-22
CHM00052983,2014-07-07,TMAX,224
CHM00052983,2013-07-26,TMIN,148
CHM00056046,2006-12-29,TMIN,-197
CHM00056046,2005-06-20,TMIN,19
CHM00056080,2012-10-18,TMIN,-10
CHM00056080,2005-03-16,TMIN,-35
CHM00056080,2012-10-18,TMAX,92
CHM00052983,2014-10-18,TMAX,130
CHM00052889,2006-04-19,TMAX,237
CHM00052889,2006-04-19,TMIN,40
CHM00052983,2014-10-18,TMIN,48
CHM00052983,2005-03-30,TMIN,8
CHM00052983,2005-03-30,TMAX,153
CHM00052983,2013-01-25,TMIN,-128
CHM00056080,2010-12-13,TMAX,53
CHM00056080,2014-05-21,TMIN,32
CHM00056046,2014-03-26,TMAX,63
CHM00056046,2007-10-31,TMIN,-64
CHM00056080,2005-06-20,TMIN,56
CHM00052983,2006-01-17,TMIN,-97
CHM00056080,2005-01-03,TMAX,90
CHM00056080,2011-03-28,TMIN,-125
CHM00052983,2012-01-31,TMIN,-146
CHM00056080,2013-04-18,TMAX,221
CHM00056080,2011-03-28,TMAX,119
CHM00056046,2008-03-04,TMIN,-153
CHM00056046,2008-03-04,TMAX,10
CHM00052983,2012-01-31,TMAX,32
CHM00052983,2006-01-17,TMAX,13
CHM00056080,2005-01-03,TMIN,-131
CHM00052983,2006-02-06,TMAX,5
CHM00052983,2015-01-06,TMAX,22
CHM00052889,2007-12-14,TMAX,34
CHM00052889,2007-12-14,TMIN,-53
CHM00056046,2006-05-24,TMIN,6
CHM00056080,2010-12-26,TMIN,-234
CHM00056080,2009-05-02,TMIN,-12
CHM00052889,2006-06-11,TMIN,102
CHM00052889,2006-06-11,TMAX,330
CHM00056046,2006-05-24,TMAX,118
CHM00056080,2013-07-22,TMIN,48
CHM00056046,2015-12-31,TMIN,-204
CHM00056080,2012-07-28,TMAX,220
CHM00052983,2014-03-19,TMAX,118
CHM00056080,2010-07-08,TMIN,120
CHM00056046,2014-03-26,TMIN,-78
CHM00056080,2006-05-24,TMAX,168
CHM00056080,2008-10-13,TMIN,-34
CHM00056046,2006-01-21,TMIN,-185
CHM00056046,2008-01-27,TMAX,-52
CHM00056046,2007-10-31,TMAX,37
CHM00056046,2006-01-21,TMAX,53
CHM00056080,2008-10-13,TMAX,162
CHM00056080,2010-12-13,TMIN,-178
CHM00056046,2010-12-21,TMIN,-243
CHM00052983,2012-12-10,TMAX,57
CHM00056046,2010-12-21,TMAX,-35
CHM00056046,2010-03-29,TMAX,71
CHM00056046,2010-03-29,TMIN,-96
CHM00052983,2013-03-06,TMAX,150
CHM00056046,2011-04-23,TMIN,-25
CHM00056046,2011-04-23,TMAX,63
CHM00056080,2010-07-08,TMAX,195
CHM00056046,2013-09-18,TMAX,151
CHM00056046,2013-09-18,TMIN,22
CHM00056080,2007-03-22,TMAX,99
CHM00056080,2007-03-22,TMIN,-8
CHM00056080,2013-04-18,TMIN,-19
CHM00056080,2005-06-20,TMAX,159
CHM00056080,2012-07-28,TMIN,116
CHM00056046,2012-05-19,TMIN,-26
CHM00052983,2008-10-30,TMAX,143
CHM00056080,2013-12-04,TMAX,47
CHM00052983,2015-02-01,TMAX,-4
CHM00052983,2015-02-01,TMIN,-130
CHM00056046,2008-04-29,TMIN,-40
CHM00052983,2011-08-10,TMIN,128
CHM00056080,2014-10-31,TMAX,25
CHM00056046,2008-04-29,TMAX,64
CHM00052983,2011-08-10,TMAX,314
CHM00056046,2009-11-16,TMAX,19
CHM00056046,2010-09-09,TMIN,-26
CHM00056046,2009-11-16,TMIN,-57
CHM00052983,2007-09-17,TMIN,23
CHM00052983,2007-09-17,TMAX,184
CHM00052983,2015-09-01,TMIN,131
CHM00052983,2012-07-03,TMAX,199
CHM00056046,2009-03-02,TMAX,-42
CHM00056080,2012-02-09,TMIN,-129
CHM00056046,2011-07-22,TMIN,12
CHM00056080,2012-02-09,TMAX,-73
CHM00056046,2011-01-11,TMAX,-88
CHM00056046,2010-09-09,TMAX,146
CHM00052983,2008-08-13,TMIN,75
CHM00052983,2008-08-13,TMAX,241
CHM00056080,2013-12-04,TMIN,-123
CHM00056046,2011-07-22,TMAX,207
CHM00052889,2008-07-23,TMAX,339
CHM00056080,2015-06-06,TMIN,41
CHM00052889,2006-01-26,TMAX,62
CHM00056046,2006-07-05,TMAX,198
CHM00056080,2007-01-14,TMIN,-147
CHM00052889,2006-01-26,TMIN,-146
CHM00056046,2006-07-05,TMIN,53
CHM00056046,2008-10-20,TMIN,-79
CHM00052889,2006-10-07,TMIN,54
CHM00052983,2012-12-10,TMIN,-110
CHM00052889,2006-10-07,TMAX,200
CHM00056080,2013-12-03,TMAX,88
CHM00056046,2014-01-08,TMIN,-225
CHM00056046,2014-06-16,TMAX,126
CHM00056080,2013-12-03,TMIN,-154
CHM00052983,2010-04-04,TMIN,-1
CHM00056080,2007-04-12,TMAX,126
CHM00056046,2009-01-02,TMIN,-151
CHM00056046,2009-01-02,TMAX,-63
CHM00056080,2007-04-12,TMIN,-39
CHM00056046,2008-10-27,TMIN,-21
CHM00052889,2008-07-23,TMIN,191
CHM00056080,2014-11-08,TMAX,113
CHM00056080,2014-11-08,TMIN,-73
CHM00052983,2010-04-04,TMAX,187
CHM00056080,2015-06-06,TMAX,176
CHM00052889,2005-05-08,TMIN,55
CHM00052983,2014-07-17,TMAX,287
CHM00056046,2009-03-02,TMIN,-204
CHM00052983,2007-12-11,TMAX,6
CHM00052983,2007-01-02,TMIN,-104
CHM00056080,2010-11-03,TMIN,-76
CHM00056080,2010-11-03,TMAX,95
CHM00052983,2007-01-02,TMAX,-39
CHM00056080,2006-01-21,TMAX,36
CHM00056080,2012-01-30,TMAX,24
CHM00056046,2012-03-22,TMAX,27
CHM00052983,2013-11-30,TMAX,55
CHM00056080,2014-09-19,TMAX,209
CHM00056080,2014-09-19,TMIN,16
CHM00056080,2012-01-30,TMIN,-154
CHM00056046,2012-03-22,TMIN,-46
CHM00052983,2013-11-30,TMIN,-78
CHM00056046,2014-05-26,TMIN,19
CHM00056046,2014-05-26,TMAX,108
CHM00052983,2015-02-18,TMIN,-47
CHM00052983,2010-07-25,TMIN,160
CHM00052983,2010-07-25,TMAX,256
CHM00052983,2015-02-18,TMAX,94
CHM00056046,2012-05-19,TMAX,186
CHM00056080,2006-02-27,TMAX,3
CHM00056046,2005-06-20,TMAX,119
CHM00052983,2014-06-14,TMIN,83
CHM00056046,2011-01-11,TMIN,-273
CHM00052983,2011-05-19,TMAX,233
CHM00056080,2007-10-31,TMAX,100
CHM00056080,2014-04-24,TMAX,137
CHM00056046,2011-06-07,TMIN,-9
CHM00056046,2011-06-07,TMAX,153
CHM00056046,2010-08-18,TMIN,77
CHM00056046,2013-09-25,TMIN,14
CHM00052983,2011-03-07,TMAX,99
CHM00056046,2007-08-31,TMAX,155
CHM00056046,2007-08-31,TMIN,47
CHM00056046,2015-11-08,TMIN,-116
CHM00052983,2012-02-15,TMAX,-27
CHM00056080,2014-05-21,TMAX,185
CHM00052983,2007-02-17,TMAX,52
CHM00052983,2007-02-17,TMIN,-80
CHM00052983,2014-06-14,TMAX,229
CHM00056046,2010-08-18,TMAX,156
CHM00056080,2011-03-08,TMIN,-116
CHM00056080,2011-03-08,TMAX,92
CHM00056080,2013-04-28,TMAX,99
CHM00056046,2009-11-30,TMAX,17
CHM00056046,2009-11-30,TMIN,-90
CHM00052983,2007-12-11,TMIN,-68
CHM00052983,2011-03-07,TMIN,-65
CHM00056080,2007-10-31,TMIN,-49
CHM00056080,2006-01-21,TMIN,-144
CHM00052983,2008-05-28,TMIN,41
CHM00052983,2007-01-17,TMIN,-166
CHM00052889,2005-05-08,TMAX,272
CHM00056080,2008-08-11,TMAX,144
CHM00056046,2013-06-23,TMIN,73
CHM00052983,2010-07-02,TMAX,182
CHM00052983,2013-02-26,TMAX,121
CHM00052983,2013-02-26,TMIN,-36
CHM00056080,2010-03-29,TMIN,-4
CHM00056080,2014-09-08,TMAX,124
CHM00056046,2010-09-12,TMAX,195
CHM00052889,2008-09-08,TMIN,140
CHM00052889,2008-09-08,TMAX,207
CHM00056080,2008-08-11,TMIN,52
CHM00052889,2008-02-25,TMIN,-38
CHM00056046,2006-04-12,TMIN,-51
CHM00056080,2009-03-02,TMIN,-139
CHM00052889,2008-02-25,TMAX,27
CHM00056080,2014-11-01,TMAX,46
CHM00056046,2006-04-12,TMAX,64
CHM00056046,2009-10-31,TMIN,-49
CHM00056046,2009-10-31,TMAX,35
CHM00052983,2013-05-21,TMIN,94
CHM00052889,2008-08-03,TMAX,315
CHM00052889,2008-08-03,TMIN,166
CHM00056080,2009-03-02,TMAX,3
CHM00056080,2010-03-29,TMAX,110
CHM00052983,2006-02-19,TMAX,51
CHM00052983,2006-02-19,TMIN,-129
CHM00052983,2013-05-12,TMIN,69
CHM00052983,2014-11-03,TMIN,-40
CHM00052983,2011-03-27,TMAX,78
CHM00056080,2012-03-20,TMIN,-57
CHM00056080,2012-03-20,TMAX,159
CHM00056080,2009-05-17,TMIN,1
CHM00056080,2009-05-17,TMAX,89
CHM00052889,2005-05-02,TMAX,278
CHM00056046,2007-12-15,TMIN,-190
CHM00056046,2007-12-15,TMAX,40
CHM00052889,2005-05-02,TMIN,130
CHM00056046,2007-01-24,TMIN,-263
CHM00052889,2008-03-05,TMIN,34
CHM00052889,2005-06-14,TMIN,122
CHM00056080,2006-04-12,TMIN,-105
CHM00056080,2006-04-12,TMAX,-20
CHM00052889,2008-03-05,TMAX,98
CHM00052983,2011-04-09,TMAX,175
CHM00056080,2006-04-19,TMAX,167
CHM00056080,2006-04-19,TMIN,-42
CHM00052983,2011-04-09,TMIN,-18
CHM00052889,2006-02-22,TMAX,65
CHM00052983,2011-01-06,TMAX,-48
CHM00052889,2008-04-26,TMIN,93
CHM00056046,2010-09-12,TMIN,20
CHM00056046,2010-11-29,TMIN,-168
CHM00052889,2008-04-26,TMAX,219
CHM00052983,2009-01-21,TMIN,-117
CHM00052983,2009-02-04,TMAX,71
CHM00052983,2012-07-19,TMIN,144
CHM00056046,2005-07-22,TMAX,176
CHM00056046,2014-01-26,TMAX,14
CHM00056046,2010-07-01,TMAX,193
CHM00052983,2011-01-18,TMAX,-61
CHM00052983,2014-08-20,TMAX,224
CHM00052983,2006-04-25,TMIN,45
CHM00056080,2010-06-16,TMIN,66
CHM00056080,2010-06-16,TMAX,194
CHM00052983,2014-08-20,TMIN,114
CHM00056046,2011-07-14,TMIN,20
CHM00052983,2006-04-25,TMAX,183
CHM00056046,2011-07-14,TMAX,136
CHM00056046,2010-07-01,TMIN,82
CHM00052983,2015-11-14,TMIN,-28
CHM00056046,2005-07-22,TMIN,43
CHM00056046,2006-05-22,TMAX,131
CHM00056080,2008-02-29,TMIN,-149
CHM00056080,2007-01-02,TMIN,-106
CHM00052889,2006-01-21,TMIN,-139
CHM00056046,2009-10-22,TMAX,49
CHM00056080,2015-10-20,TMAX,204
CHM00052983,2007-01-20,TMIN,-156
CHM00056080,2015-10-20,TMIN,-43
CHM00052983,2009-02-04,TMIN,-78
CHM00056046,2012-04-08,TMAX,57
CHM00056080,2015-05-11,TMAX,177
CHM00056046,2012-04-08,TMIN,-53
CHM00056080,2015-11-21,TMIN,-63
CHM00056080,2015-05-11,TMIN,-55
CHM00056046,2010-11-29,TMAX,35
CHM00052889,2006-06-05,TMAX,297
CHM00056080,2013-08-21,TMIN,114
CHM00052983,2010-04-13,TMIN,-41
CHM00052983,2010-04-13,TMAX,62
CHM00056080,2015-11-21,TMAX,136
CHM00052983,2007-03-26,TMIN,20
CHM00052983,2007-03-26,TMAX,154
CHM00052889,2006-06-05,TMIN,156
CHM00052983,2012-07-19,TMAX,255
CHM00056080,2009-10-28,TMIN,-42
CHM00052889,2007-03-12,TMIN,19
CHM00056046,2015-05-09,TMAX,123
CHM00056046,2015-05-09,TMIN,-42
CHM00056046,2014-01-26,TMIN,-175
CHM00052889,2006-05-07,TMIN,106
CHM00052983,2011-01-18,TMIN,-191
CHM00052889,2006-05-07,TMAX,304
CHM00052983,2009-01-21,TMAX,97
CHM00052983,2007-01-20,TMAX,14
CHM00056080,2009-10-31,TMAX,92
CHM00056080,2009-10-31,TMIN,-47
CHM00056080,2009-11-30,TMAX,49
CHM00056046,2013-08-12,TMIN,-4
CHM00056080,2009-11-30,TMIN,-98
CHM00052983,2009-11-26,TMAX,60
CHM00056046,2015-03-21,TMIN,-197
CHM00056080,2005-05-28,TMAX,205
CHM00056080,2005-05-28,TMIN,67
CHM00056046,2015-06-06,TMAX,148
CHM00052983,2009-11-26,TMIN,-76
CHM00056046,2006-01-26,TMAX,26
CHM00056046,2006-01-26,TMIN,-234
CHM00056046,2015-11-08,TMAX,58
CHM00056080,2015-07-03,TMAX,120
CHM00056080,2011-10-08,TMAX,170
CHM00056080,2007-08-31,TMAX,200
CHM00052889,2006-10-14,TMAX,238
CHM00052889,2006-10-14,TMIN,21
CHM00056046,2012-10-11,TMIN,5
CHM00056080,2012-03-22,TMAX,-18
CHM00056046,2012-06-27,TMAX,179
CHM00056046,2012-10-11,TMAX,87
CHM00056080,2012-03-22,TMIN,-75
CHM00056046,2012-06-27,TMIN,77
CHM00052983,2009-06-16,TMIN,119
CHM00056046,2012-07-28,TMIN,60
CHM00052983,2009-06-16,TMAX,267
CHM00056080,2006-05-07,TMIN,25
CHM00056046,2010-04-23,TMIN,-70
CHM00056046,2010-04-23,TMAX,110
CHM00052983,2007-01-17,TMAX,1
CHM00056080,2010-12-26,TMAX,19
CHM00052983,2005-06-12,TMIN,103
CHM00052983,2005-06-12,TMAX,283
CHM00052983,2010-03-20,TMAX,118
CHM00056080,2009-05-22,TMIN,13
CHM00052889,2006-12-26,TMAX,27
CHM00052983,2010-03-20,TMIN,-27
CHM00052889,2006-12-26,TMIN,-142
CHM00056046,2008-03-13,TMIN,-100
CHM00056046,2008-03-13,TMAX,38
CHM00056080,2009-05-22,TMAX,162
CHM00056080,2011-10-08,TMIN,33
CHM00056080,2009-05-02,TMAX,135
CHM00052889,2007-09-29,TMIN,127
CHM00052889,2007-09-29,TMAX,169
CHM00056080,2013-08-18,TMIN,115
CHM00056046,2013-12-04,TMIN,-151
CHM00056046,2013-12-04,TMAX,47
CHM00052983,2008-08-09,TMAX,237
CHM00052983,2008-08-09,TMIN,74
CHM00056080,2006-05-07,TMAX,217
CHM00052983,2008-05-17,TMAX,204
CHM00056046,2012-07-28,TMAX,198
CHM00052983,2014-11-04,TMAX,67
CHM00056046,2006-05-07,TMAX,147
CHM00056046,2011-10-19,TMAX,71
CHM00052889,2006-02-22,TMIN,-66
CHM00056080,2006-01-26,TMIN,-175
CHM00056046,2014-08-12,TMAX,133
CHM00056046,2014-08-12,TMIN,10
CHM00056080,2014-02-04,TMAX,137
CHM00056046,2008-12-17,TMAX,32
CHM00052983,2005-05-15,TMIN,90
CHM00056046,2010-11-09,TMIN,-135
CHM00056046,2010-11-09,TMAX,55
CHM00052983,2005-05-15,TMAX,157
CHM00056046,2008-12-17,TMIN,-192
CHM00052983,2011-10-06,TMAX,232
CHM00056080,2014-02-04,TMIN,-105
CHM00052983,2006-12-17,TMAX,-2
CHM00052889,2005-06-14,TMAX,290
CHM00052983,2006-12-17,TMIN,-152
CHM00052983,2014-11-03,TMAX,120
CHM00056046,2006-04-19,TMAX,102
CHM00056046,2006-04-19,TMIN,-34
CHM00056046,2007-01-24,TMAX,-14
CHM00052983,2011-10-06,TMIN,26
CHM00056046,2006-05-07,TMIN,-45
CHM00056080,2008-12-20,TMIN,-122
CHM00056046,2014-05-22,TMAX,161
CHM00056046,2011-10-19,TMIN,-29
CHM00056046,2014-06-11,TMAX,161
CHM00056080,2007-08-31,TMIN,51
CHM00056080,2011-01-12,TMIN,-235
CHM00052983,2014-07-09,TMIN,122
CHM00056046,2008-12-19,TMAX,35
CHM00052983,2011-10-10,TMIN,63
CHM00056080,2011-01-12,TMAX,4
CHM00056046,2008-12-19,TMIN,-179
CHM00056046,2005-03-16,TMIN,-70
CHM00052983,2014-07-09,TMAX,169
CHM00052983,2011-10-10,TMAX,199
CHM00052889,2008-12-16,TMAX,59
CHM00052889,2008-12-16,TMIN,-69
CHM00052983,2006-06-30,TMIN,130
CHM00052983,2009-09-27,TMAX,211
CHM00052983,2006-06-30,TMAX,306
CHM00052983,2009-09-27,TMIN,56
CHM00052889,2006-04-29,TMAX,307
CHM00052889,2006-04-29,TMIN,45
CHM00056080,2006-12-29,TMAX,24
CHM00056080,2006-12-29,TMIN,-114
CHM00056046,2005-03-16,TMAX,59
CHM00056080,2008-12-20,TMAX,6
CHM00056080,2006-01-26,TMAX,81
CHM00056046,2015-05-11,TMAX,139
CHM00052983,2008-05-28,TMAX,226
CHM00052889,2006-10-17,TMAX,198
CHM00056046,2007-01-08,TMAX,-27
CHM00056080,2011-10-29,TMIN,-65
CHM00056080,2011-10-29,TMAX,136
CHM00056080,2015-06-05,TMAX,202
CHM00052889,2005-05-28,TMIN,133
CHM00056080,2015-10-27,TMIN,-41
CHM00056046,2007-01-08,TMIN,-167
CHM00052889,2005-07-21,TMAX,270
CHM00056080,2009-03-04,TMIN,-98
CHM00056080,2009-03-04,TMAX,15
CHM00052889,2005-05-28,TMAX,288
CHM00052889,2007-01-24,TMIN,-94
CHM00056080,2005-10-15,TMAX,96
CHM00052983,2012-03-23,TMAX,76
CHM00056080,2011-07-22,TMIN,64
CHM00056080,2011-07-22,TMAX,251
CHM00056080,2011-09-01,TMIN,116
CHM00056080,2011-09-01,TMAX,233
CHM00056046,2006-10-18,TMAX,65
CHM00056080,2013-08-12,TMIN,47
CHM00052983,2012-10-13,TMIN,21
CHM00056046,2006-10-18,TMIN,-40
CHM00056080,2005-10-15,TMIN,-11
CHM00056046,2014-02-04,TMIN,-152
CHM00056046,2014-02-04,TMAX,62
CHM00056046,2011-11-08,TMAX,-2
CHM00056080,2009-05-01,TMIN,-1
CHM00056046,2014-05-06,TMAX,93
CHM00056046,2007-03-02,TMIN,-102
CHM00052983,2014-06-08,TMIN,110
CHM00052889,2006-10-04,TMAX,189
CHM00052889,2006-10-04,TMIN,46
CHM00056046,2007-03-02,TMAX,80
CHM00052889,2005-06-20,TMIN,116
CHM00052983,2014-11-13,TMIN,-59
CHM00052983,2014-11-13,TMAX,104
CHM00052983,2011-08-28,TMAX,273
CHM00052983,2010-03-02,TMAX,51
CHM00052983,2014-06-08,TMAX,267
CHM00052889,2005-07-21,TMIN,123
CHM00052983,2012-03-23,TMIN,-57
CHM00052983,2006-03-12,TMAX,-57
CHM00052983,2007-02-06,TMIN,-63
CHM00052983,2012-03-28,TMAX,124
CHM00052983,2008-03-03,TMAX,114
CHM00052983,2008-03-03,TMIN,-61
CHM00052983,2007-02-06,TMAX,30
CHM00052889,2007-01-24,TMAX,2
CHM00056046,2011-11-08,TMIN,-120
CHM00056046,2009-02-10,TMIN,-198
CHM00056046,2009-02-10,TMAX,73
CHM00052983,2011-04-12,TMIN,7
CHM00052983,2011-04-12,TMAX,237
CHM00056046,2007-09-25,TMAX,191
CHM00056046,2010-06-20,TMIN,53
CHM00056046,2008-05-31,TMAX,113
CHM00056080,2015-02-12,TMAX,71
CHM00056046,2007-09-25,TMIN,-14
CHM00052983,2009-11-05,TMAX,172
CHM00056080,2007-02-24,TMAX,66
CHM00056080,2007-02-24,TMIN,-104
CHM00052983,2011-09-02,TMIN,149
CHM00052983,2011-09-02,TMAX,194
CHM00052983,2009-11-05,TMIN,-39
CHM00056080,2015-10-09,TMAX,137
CHM00056046,2011-01-20,TMIN,-284
CHM00056080,2015-02-12,TMIN,-163
CHM00056046,2011-01-20,TMAX,-118
CHM00056046,2007-08-22,TMAX,199
CHM00056046,2015-10-10,TMAX,68
CHM00052983,2009-09-07,TMAX,133
CHM00056046,2005-05-08,TMIN,-17
CHM00052983,2013-03-02,TMIN,-51
CHM00052983,2009-09-07,TMIN,99
CHM00056046,2007-08-22,TMIN,32
CHM00056080,2005-04-27,TMIN,-4
CHM00056046,2010-06-20,TMAX,135
CHM00052983,2011-08-28,TMIN,91
CHM00056046,2008-05-31,TMIN,24
CHM00052983,2010-08-22,TMAX,239
CHM00056046,2014-02-01,TMIN,-199
CHM00052983,2014-02-27,TMAX,39
CHM00056080,2008-04-26,TMIN,-11
CHM00056080,2008-04-26,TMAX,109
CHM00052983,2011-08-05,TMAX,263
CHM00052983,2012-10-13,TMAX,182
CHM00056080,2012-09-14,TMIN,-20
CHM00056080,2005-07-12,TMIN,31
CHM00056080,2005-07-12,TMAX,222
CHM00056046,2005-07-07,TMAX,201
CHM00056046,2005-07-07,TMIN,88
CHM00056080,2012-09-14,TMAX,173
CHM00056080,2008-09-07,TMAX,215
CHM00056080,2006-02-22,TMIN,-124
CHM00056046,2007-01-14,TMAX,-8
CHM00056046,2014-02-01,TMAX,25
CHM00056080,2006-02-22,TMAX,57
CHM00056080,2008-09-07,TMIN,51
CHM00052983,2011-08-09,TMAX,312
CHM00056046,2007-01-14,TMIN,-139
CHM00052983,2011-08-09,TMIN,130
CHM00056080,2012-07-09,TMAX,192
CHM00056080,2012-07-09,TMIN,98
CHM00052983,2010-08-22,TMIN,77
CHM00056080,2009-11-22,TMIN,-171
CHM00052889,2005-06-20,TMAX,299
CHM00056080,2009-05-01,TMAX,97
CHM00056080,2014-01-26,TMAX,81
CHM00056046,2006-10-13,TMIN,-23
CHM00052983,2007-09-08,TMAX,207
CHM00052983,2007-09-08,TMIN,77
CHM00052983,2009-06-12,TMIN,65
CHM00056046,2006-04-02,TMIN,-52
CHM00056046,2006-04-02,TMAX,99
CHM00052889,2005-01-05,TMIN,-141
CHM00056046,2011-02-28,TMAX,-6
CHM00056080,2008-12-22,TMAX,13
CHM00052889,2007-02-13,TMIN,-1
CHM00052889,2006-07-05,TMAX,330
CHM00056046,2015-10-27,TMIN,-65
CHM00052983,2011-07-11,TMAX,247
CHM00052889,2007-02-13,TMAX,104
CHM00056046,2009-11-22,TMAX,-65
CHM00052983,2009-06-22,TMIN,97
CHM00056046,2009-11-22,TMIN,-246
CHM00052983,2008-05-10,TMIN,73
CHM00052889,2006-07-05,TMIN,175
CHM00052983,2012-03-07,TMAX,2
CHM00052983,2011-07-11,TMIN,89
CHM00052889,2008-05-19,TMAX,291
CHM00056080,2014-01-26,TMIN,-149
CHM00052889,2008-05-19,TMIN,78
CHM00052983,2008-04-29,TMAX,227
CHM00052983,2008-05-10,TMAX,218
CHM00056080,2007-08-18,TMAX,232
CHM00056046,2015-02-07,TMAX,-1
CHM00052983,2007-03-11,TMAX,82
CHM00052983,2009-10-12,TMIN,32
CHM00052983,2012-07-17,TMAX,202
CHM00052983,2007-03-11,TMIN,-35
CHM00056046,2006-03-02,TMIN,-147
CHM00056080,2009-06-09,TMAX,130
CHM00056080,2009-06-09,TMIN,75
CHM00052983,2006-02-15,TMAX,-36
CHM00052983,2009-06-22,TMAX,276
CHM00056046,2006-03-02,TMAX,27
CHM00052983,2009-10-12,TMAX,132
CHM00056046,2007-04-18,TMIN,-98
CHM00052889,2005-07-07,TMAX,305
CHM00056046,2007-04-18,TMAX,145
CHM00052889,2005-07-07,TMIN,171
CHM00056046,2015-11-12,TMIN,-114
CHM00056080,2013-06-23,TMIN,57
CHM00052983,2008-08-06,TMIN,144
CHM00056046,2015-11-10,TMIN,-63
CHM00056080,2010-11-09,TMIN,-94
CHM00056080,2010-11-09,TMAX,111
CHM00056080,2008-12-22,TMIN,-149
CHM00052983,2012-08-15,TMAX,299
CHM00056046,2011-02-28,TMIN,-140
CHM00056046,2014-10-31,TMAX,70
CHM00056046,2007-02-24,TMAX,-1
CHM00052983,2006-05-28,TMAX,248
CHM00052983,2006-05-28,TMIN,90
CHM00056046,2007-02-24,TMIN,-170
CHM00052983,2014-02-27,TMIN,-46
CHM00056080,2013-04-01,TMAX,117
CHM00056046,2012-11-30,TMAX,27
CHM00056046,2012-11-30,TMIN,-141
CHM00056080,2012-01-28,TMAX,13
CHM00052983,2012-02-26,TMIN,-91
CHM00052983,2008-09-28,TMIN,69
CHM00052983,2012-02-26,TMAX,28
CHM00056080,2013-09-24,TMIN,37
CHM00052983,2008-09-28,TMAX,184
CHM00056080,2015-01-26,TMIN,-101
CHM00056080,2010-12-21,TMIN,-199
CHM00056080,2010-12-21,TMAX,43
CHM00056080,2015-01-26,TMAX,76
CHM00056046,2006-10-13,TMAX,87
CHM00052983,2015-05-30,TMIN,91
CHM00052983,2007-01-27,TMIN,-119
CHM00052983,2007-01-27,TMAX,12
CHM00056080,2009-11-22,TMAX,39
CHM00052983,2009-10-31,TMAX,118
CHM00052983,2006-06-19,TMAX,137
CHM00056080,2013-04-01,TMIN,-3
CHM00052983,2008-10-31,TMIN,-19
CHM00052889,2006-03-24,TMAX,120
CHM00052889,2006-03-24,TMIN,-8
CHM00056046,2014-10-31,TMIN,-67
CHM00056046,2007-08-18,TMIN,81
CHM00056046,2007-08-18,TMAX,220
CHM00056046,2013-03-01,TMAX,78
CHM00052889,2005-01-05,TMAX,30
CHM00056046,2013-03-01,TMIN,-119
CHM00052983,2008-08-06,TMAX,282
CHM00056080,2011-10-20,TMAX,147
CHM00056080,2011-10-20,TMIN,15
CHM00056080,2012-01-28,TMIN,-189
CHM00056080,2007-03-02,TMIN,-55
CHM00056080,2007-03-02,TMAX,33
CHM00052889,2006-01-12,TMAX,15
CHM00052889,2006-01-12,TMIN,-127
CHM00052889,2008-01-07,TMIN,-77
CHM00052889,2008-01-07,TMAX,24
CHM00056080,2005-05-08,TMIN,-11
CHM00052983,2015-06-13,TMIN,85
CHM00052983,2008-07-25,TMAX,301
CHM00052983,2008-07-25,TMIN,110
CHM00056080,2005-05-08,TMAX,173
CHM00052983,2008-10-31,TMAX,133
CHM00056080,2005-04-27,TMAX,142
CHM00052983,2013-03-02,TMAX,71
CHM00056046,2012-10-03,TMIN,9
CHM00052983,2012-07-05,TMIN,100
CHM00052983,2010-06-24,TMAX,257
CHM00056046,2008-04-26,TMIN,-23
CHM00052983,2010-06-24,TMIN,146
CHM00052983,2009-02-24,TMIN,-44
CHM00056046,2014-09-04,TMAX,157
CHM00056046,2014-09-04,TMIN,17
CHM00056046,2013-04-14,TMAX,95
CHM00052983,2009-02-24,TMAX,62
CHM00056080,2013-09-30,TMAX,100
CHM00052983,2006-05-07,TMAX,285
CHM00056046,2008-04-26,TMAX,89
CHM00052983,2012-07-05,TMAX,293
CHM00052983,2014-02-05,TMAX,-35
CHM00056080,2008-07-21,TMAX,173
CHM00056046,2006-06-11,TMIN,55
CHM00056046,2006-06-11,TMAX,136
CHM00052983,2014-03-18,TMIN,13
CHM00052983,2014-03-18,TMAX,219
CHM00052889,2007-10-25,TMIN,53
CHM00052889,2007-10-25,TMAX,152
CHM00056080,2014-06-18,TMIN,59
CHM00056080,2014-06-18,TMAX,207
CHM00056080,2008-03-13,TMAX,125
CHM00052983,2008-01-03,TMAX,11
CHM00056080,2008-03-13,TMIN,-71
CHM00056080,2010-01-19,TMIN,-124
CHM00056080,2014-10-23,TMIN,-50
CHM00052983,2007-01-12,TMAX,0
CHM00056080,2012-10-11,TMIN,31
CHM00052889,2007-08-18,TMIN,210
CHM00056046,2007-09-29,TMIN,42
CHM00052889,2007-08-18,TMAX,298
CHM00056046,2007-09-29,TMAX,183
CHM00056046,2012-01-30,TMAX,-41
CHM00056046,2012-01-30,TMIN,-188
CHM00056046,2011-10-29,TMIN,-104
CHM00056080,2012-10-11,TMAX,92
CHM00056046,2011-10-29,TMAX,47
CHM00056046,2012-04-01,TMAX,70
CHM00052983,2006-04-12,TMIN,-69
CHM00056046,2012-04-01,TMIN,-32
CHM00052983,2006-04-12,TMAX,10
CHM00052983,2014-04-21,TMAX,103
CHM00056046,2009-03-04,TMIN,-96
CHM00056046,2009-03-04,TMAX,28
CHM00052983,2006-05-07,TMIN,97
CHM00056080,2010-01-19,TMAX,152
CHM00056046,2005-04-27,TMIN,0
CHM00056046,2005-04-27,TMAX,89
CHM00052983,2009-02-26,TMAX,19
CHM00056046,2014-11-08,TMIN,-101
CHM00052983,2008-01-03,TMIN,-140
CHM00056080,2007-08-22,TMAX,258
CHM00056046,2008-06-02,TMIN,-14
CHM00056046,2005-07-12,TMIN,46
CHM00056080,2011-07-14,TMIN,35
CHM00056080,2007-09-01,TMAX,192
CHM00056046,2005-07-12,TMAX,144
CHM00056080,2011-07-14,TMAX,187
CHM00056080,2011-07-16,TMAX,202
CHM00052983,2006-03-17,TMAX,51
CHM00056080,2012-04-01,TMAX,126
CHM00056080,2012-04-01,TMIN,-34
CHM00052983,2011-03-10,TMAX,74
CHM00056080,2011-07-16,TMIN,50
CHM00056046,2011-07-20,TMIN,14
CHM00056046,2011-07-20,TMAX,182
CHM00056046,2014-01-08,TMAX,-40
CHM00056046,2008-10-20,TMAX,72
CHM00052983,2012-10-12,TMAX,152
CHM00056080,2010-04-23,TMIN,-64
CHM00056080,2010-04-23,TMAX,147
CHM00056046,2009-02-13,TMIN,-88
CHM00056046,2009-02-13,TMAX,35
CHM00056080,2007-01-14,TMAX,-48
CHM00052889,2006-10-17,TMIN,9
CHM00056080,2011-12-15,TMIN,-175
CHM00056080,2010-08-18,TMIN,90
CHM00056080,2011-12-15,TMAX,8
CHM00052983,2014-03-01,TMAX,56
CHM00056080,2007-08-22,TMIN,75
CHM00056080,2010-08-18,TMAX,170
CHM00052983,2011-03-10,TMIN,-64
CHM00056080,2008-07-21,TMIN,96
CHM00056080,2006-10-08,TMAX,143
CHM00056046,2007-03-22,TMAX,68
CHM00056046,2012-01-28,TMIN,-183
CHM00056046,2012-01-28,TMAX,-4
CHM00056046,2013-04-14,TMIN,-104
CHM00056046,2007-03-22,TMIN,-38
CHM00056080,2007-09-25,TMAX,195
CHM00056080,2012-11-30,TMAX,77
CHM00056080,2012-11-30,TMIN,-120
CHM00056080,2006-10-08,TMIN,-6
CHM00056080,2007-09-25,TMIN,45
CHM00056080,2007-09-01,TMIN,45
CHM00056046,2008-02-23,TMIN,-182
CHM00052983,2010-09-18,TMAX,195
CHM00052889,2007-03-02,TMIN,-2
CHM00052889,2007-03-02,TMAX,82
CHM00056046,2008-02-23,TMAX,25
CHM00056080,2011-10-19,TMIN,24
CHM00056080,2011-10-19,TMAX,82
CHM00056046,2008-06-02,TMAX,114
CHM00052889,2006-01-21,TMAX,0
CHM00056046,2014-11-08,TMAX,80
CHM00052889,2006-04-02,TMAX,202
CHM00056080,2013-07-20,TMIN,62
CHM00052983,2010-01-18,TMAX,74
CHM00056046,2010-09-03,TMAX,164
CHM00056046,2011-03-19,TMAX,13
CHM00056046,2011-03-19,TMIN,-89
CHM00052983,2013-12-09,TMAX,42
CHM00056080,2014-01-23,TMAX,140
CHM00056080,2014-01-23,TMIN,-145
CHM00052889,2008-05-04,TMAX,260
CHM00052983,2012-09-12,TMAX,113
CHM00056080,2013-05-20,TMIN,5
CHM00052889,2008-05-04,TMIN,91
CHM00056080,2007-01-08,TMAX,-1
CHM00052983,2009-05-19,TMAX,211
CHM00056080,2007-01-08,TMIN,-183
CHM00052889,2006-01-29,TMIN,-110
CHM00056046,2006-02-22,TMIN,-139
CHM00056046,2006-02-22,TMAX,27
CHM00052889,2006-01-29,TMAX,22
CHM00052983,2014-10-19,TMIN,63
CHM00052983,2009-05-23,TMAX,213
CHM00052983,2015-12-28,TMAX,-20
CHM00056046,2010-05-29,TMIN,-5
CHM00056046,2010-09-03,TMIN,-35
CHM00056080,2006-01-12,TMAX,84
CHM00056046,2010-05-29,TMAX,174
CHM00056080,2013-07-16,TMIN,83
CHM00056046,2012-10-03,TMAX,97
CHM00052983,2012-08-15,TMIN,124
CHM00056046,2011-07-12,TMIN,31
CHM00056046,2011-07-12,TMAX,97
CHM00052983,2011-11-01,TMIN,43
CHM00056046,2006-03-24,TMAX,6
CHM00056046,2006-03-24,TMIN,-103
CHM00056080,2005-07-07,TMAX,175
CHM00056046,2008-12-31,TMIN,-228
CHM00056046,2006-12-17,TMAX,1
CHM00056046,2006-12-17,TMIN,-145
CHM00056046,2008-12-31,TMAX,-55
CHM00052983,2011-11-01,TMAX,87
CHM00056046,2005-05-08,TMAX,79
CHM00056080,2005-07-07,TMIN,123
CHM00052983,2008-06-03,TMAX,265
CHM00056080,2013-12-10,TMAX,0
CHM00056080,2015-07-06,TMIN,24
CHM00056080,2007-09-29,TMIN,66
CHM00056080,2007-09-29,TMAX,187
CHM00056046,2006-01-12,TMAX,26
CHM00056046,2006-01-12,TMIN,-176
CHM00056080,2005-06-27,TMIN,41
CHM00056080,2005-06-27,TMAX,191
CHM00056046,2011-07-17,TMAX,165
CHM00052983,2014-10-19,TMAX,164
CHM00056080,2006-01-12,TMIN,-134
CHM00056080,2013-02-05,TMIN,-132
CHM00056080,2014-06-13,TMAX,108
CHM00056080,2013-02-05,TMAX,111
CHM00056046,2006-02-27,TMAX,43
CHM00056046,2006-02-27,TMIN,-60
CHM00056080,2011-11-04,TMAX,80
CHM00056080,2011-11-04,TMIN,5
CHM00052889,2007-08-29,TMIN,183
CHM00052889,2007-08-29,TMAX,233
CHM00056080,2012-02-01,TMIN,-178
CHM00052983,2007-04-01,TMAX,84
CHM00056046,2011-07-17,TMIN,5
CHM00056080,2006-06-11,TMIN,38
CHM00052983,2011-11-12,TMAX,74
CHM00056080,2006-06-11,TMAX,211
CHM00056080,2014-10-23,TMAX,131
CHM00056046,2007-04-12,TMAX,85
CHM00052983,2009-12-04,TMAX,15
CHM00052983,2008-10-18,TMAX,118
CHM00052983,2008-10-18,TMIN,4
CHM00056046,2007-04-12,TMIN,-97
CHM00052983,2007-01-12,TMIN,-157
CHM00052889,2006-04-02,TMIN,-16
CHM00056080,2012-02-01,TMAX,10
CHM00052889,2007-04-09,TMIN,93
CHM00052889,2006-03-02,TMAX,113
CHM00052983,2013-12-09,TMIN,-115
CHM00052889,2007-04-18,TMIN,68
CHM00052889,2007-04-18,TMAX,290
CHM00052889,2007-04-09,TMAX,185
CHM00052983,2010-09-18,TMIN,127
CHM00056080,2006-12-17,TMAX,-4
CHM00056080,2006-12-17,TMIN,-179
CHM00056046,2015-02-22,TMAX,10
CHM00052983,2015-12-28,TMIN,-146
CHM00056080,2012-05-20,TMIN,52
CHM00056046,2015-02-22,TMIN,-137
CHM00056080,2012-05-20,TMAX,264
CHM00052983,2009-05-23,TMIN,48
CHM00056046,2008-10-27,TMAX,5
CHM00052983,2010-01-18,TMIN,-94
CHM00056080,2006-03-24,TMAX,65
CHM00052983,2011-06-10,TMAX,272
CHM00052983,2010-04-19,TMAX,95
CHM00052983,2008-07-30,TMAX,280
CHM00056080,2010-10-08,TMIN,-32
CHM00056080,2010-10-08,TMAX,196
CHM00052983,2011-06-10,TMIN,99
CHM00052983,2007-08-06,TMAX,270
CHM00056080,2006-03-24,TMIN,-48
CHM00052889,2006-03-02,TMIN,-83
CHM00056080,2008-05-13,TMAX,148
CHM00056046,2006-05-22,TMIN,-43
CHM00056080,2008-02-28,TMIN,-128
CHM00052889,2007-04-02,TMIN,-13
CHM00052983,2010-10-08,TMAX,212
CHM00056046,2006-06-30,TMIN,35
CHM00056080,2014-01-27,TMIN,-149
CHM00056080,2014-01-27,TMAX,66
CHM00056080,2006-03-10,TMIN,-57
CHM00056080,2006-03-10,TMAX,88
CHM00052983,2013-05-15,TMIN,98
CHM00056046,2006-06-30,TMAX,164
CHM00052983,2011-05-18,TMAX,238
CHM00052889,2007-04-02,TMAX,93
CHM00052983,2011-05-18,TMIN,111
CHM00052983,2014-04-22,TMAX,175
CHM00052889,2008-11-11,TMAX,136
CHM00052983,2008-10-16,TMAX,185
CHM00052983,2011-02-03,TMIN,-146
CHM00056046,2011-04-13,TMAX,144
CHM00052983,2008-10-16,TMIN,13
CHM00056046,2011-04-13,TMIN,-73
CHM00052983,2015-02-23,TMIN,-53
CHM00052983,2015-02-23,TMAX,86
CHM00052889,2007-06-19,TMIN,121
CHM00052983,2014-04-22,TMIN,14
CHM00052983,2010-10-08,TMIN,29
CHM00056080,2005-10-05,TMIN,11
CHM00056046,2013-09-14,TMAX,172
CHM00052889,2005-06-03,TMIN,98
CHM00052889,2005-06-03,TMAX,281
CHM00052983,2010-04-14,TMAX,101
CHM00056080,2010-12-11,TMAX,58
CHM00052983,2010-04-14,TMIN,-42
CHM00056080,2010-12-11,TMIN,-170
CHM00052889,2008-05-25,TMIN,152
CHM00052983,2009-11-12,TMIN,-66
CHM00056046,2011-02-18,TMIN,-136
CHM00056046,2011-02-18,TMAX,-7
CHM00056046,2007-02-01,TMAX,-30
CHM00052889,2008-11-11,TMIN,72
CHM00052889,2006-10-16,TMIN,84
CHM00056046,2009-04-27,TMAX,102
CHM00056046,2007-02-01,TMIN,-230
CHM00056080,2008-05-03,TMAX,139
CHM00052889,2006-10-16,TMAX,186
CHM00056046,2009-04-27,TMIN,2
CHM00056046,2006-06-05,TMAX,193
CHM00056080,2005-10-05,TMAX,188
CHM00056046,2013-09-14,TMIN,-23
CHM00052983,2010-07-22,TMAX,276
CHM00056046,2006-06-05,TMIN,38
CHM00052889,2007-06-19,TMAX,197
CHM00056046,2014-06-18,TMIN,14
CHM00052983,2012-09-29,TMAX,123
CHM00052983,2014-07-10,TMAX,241
CHM00052889,2007-08-14,TMIN,166
CHM00052889,2007-08-14,TMAX,303
CHM00052983,2010-09-16,TMAX,253
CHM00056046,2010-04-04,TMIN,-94
CHM00056046,2010-04-04,TMAX,88
CHM00056046,2008-05-05,TMIN,-45
CHM00056046,2008-05-05,TMAX,143
CHM00052983,2013-03-07,TMIN,-22
CHM00056080,2009-01-23,TMIN,-209
CHM00056080,2007-02-01,TMAX,43
CHM00056080,2007-02-01,TMIN,-201
CHM00052983,2011-02-03,TMAX,82
CHM00056080,2009-01-23,TMAX,17
CHM00052983,2013-03-07,TMAX,188
CHM00052983,2012-05-24,TMAX,172
CHM00056080,2010-06-18,TMAX,187
CHM00056080,2008-03-06,TMAX,86
CHM00052889,2006-02-16,TMAX,-41
CHM00052889,2006-02-16,TMIN,-130
CHM00056080,2013-05-13,TMIN,18
CHM00056080,2015-01-14,TMAX,35
CHM00056080,2011-03-19,TMAX,22
CHM00056080,2011-03-19,TMIN,-105
CHM00052889,2006-03-17,TMAX,66
CHM00056080,2014-10-27,TMAX,116
CHM00056080,2008-06-03,TMAX,209
CHM00052983,2012-07-20,TMAX,255
CHM00056080,2008-12-19,TMAX,100
CHM00052983,2005-06-20,TMAX,295
CHM00056080,2013-12-18,TMIN,-198
CHM00056080,2013-12-18,TMAX,15
CHM00056046,2006-10-04,TMAX,50
CHM00056046,2006-10-04,TMIN,6
CHM00052983,2005-06-20,TMIN,107
CHM00052889,2008-05-25,TMAX,283
CHM00056080,2008-12-19,TMIN,-140
CHM00056046,2014-06-19,TMAX,128
CHM00052983,2012-07-20,TMIN,146
CHM00056046,2014-06-18,TMAX,156
CHM00052983,2008-09-29,TMIN,69
CHM00056080,2008-03-06,TMIN,-51
CHM00052983,2015-12-01,TMAX,60
CHM00052983,2008-09-29,TMAX,185
CHM00056046,2007-03-26,TMIN,-67
CHM00056046,2007-03-26,TMAX,32
CHM00052983,2007-10-27,TMAX,98
CHM00052889,2006-03-17,TMIN,7
CHM00052983,2007-04-12,TMAX,169
CHM00052983,2007-04-12,TMIN,45
CHM00056080,2015-05-30,TMIN,43
CHM00056080,2008-06-03,TMIN,4
CHM00056046,2005-05-15,TMAX,80
CHM00056080,2014-10-27,TMIN,-11
CHM00056080,2010-03-25,TMAX,79
CHM00052983,2008-05-15,TMAX,261
CHM00056080,2014-05-30,TMAX,195
CHM00052983,2012-12-13,TMAX,56
CHM00056046,2008-05-19,TMAX,160
CHM00056080,2008-09-18,TMIN,48
CHM00056080,2008-09-18,TMAX,204
CHM00056046,2008-05-19,TMIN,-37
CHM00052983,2007-08-22,TMAX,290
CHM00056080,2008-05-21,TMIN,-3
CHM00052983,2007-08-22,TMIN,145
CHM00052983,2006-06-20,TMAX,201
CHM00052983,2006-06-20,TMIN,92
CHM00056046,2013-03-13,TMAX,79
CHM00052983,2014-06-17,TMAX,300
CHM00052983,2014-06-17,TMIN,77
CHM00052983,2011-10-27,TMIN,-3
CHM00052983,2008-05-15,TMIN,77
CHM00052889,2005-03-13,TMAX,92
CHM00052889,2005-03-13,TMIN,-43
CHM00056046,2012-03-28,TMIN,-64
CHM00056046,2012-03-28,TMAX,85
CHM00052889,2008-09-14,TMIN,118
CHM00056046,2012-11-21,TMAX,74
CHM00052983,2012-03-12,TMAX,69
CHM00056080,2010-04-04,TMIN,-48
CHM00056080,2008-05-21,TMAX,179
CHM00052983,2007-06-14,TMIN,102
CHM00056080,2005-04-06,TMAX,195
CHM00052889,2008-05-31,TMIN,150
CHM00056080,2015-11-24,TMAX,66
CHM00056080,2005-04-06,TMIN,-36
CHM00052889,2008-05-31,TMAX,297
CHM00056046,2007-02-06,TMAX,-10
CHM00056080,2007-08-25,TMAX,247
CHM00056046,2006-03-29,TMIN,-49
CHM00056046,2006-03-29,TMAX,44
CHM00056080,2008-09-16,TMIN,56
CHM00056080,2014-09-04,TMAX,232
CHM00056080,2009-10-27,TMAX,142
CHM00056046,2008-08-11,TMIN,53
CHM00056046,2008-08-11,TMAX,124
CHM00052983,2015-02-11,TMIN,-94
CHM00052983,2008-10-23,TMAX,102
CHM00056080,2014-09-04,TMIN,26
CHM00056080,2009-10-27,TMIN,7
CHM00052983,2015-02-11,TMAX,92
CHM00052889,2008-09-14,TMAX,271
CHM00052983,2010-03-04,TMIN,-28
CHM00052983,2007-06-14,TMAX,285
CHM00052983,2010-03-04,TMAX,1
CHM00056080,2008-09-16,TMAX,169
CHM00052983,2013-05-19,TMAX,218
CHM00056046,2013-03-13,TMIN,-172
CHM00056080,2014-03-23,TMAX,111
CHM00056080,2011-09-29,TMAX,145
CHM00052983,2012-12-02,TMAX,35
CHM00056046,2006-01-31,TMIN,-182
CHM00052983,2012-02-12,TMAX,6
CHM00056080,2011-07-27,TMIN,78
CHM00052983,2006-01-26,TMAX,69
CHM00056080,2011-07-27,TMAX,245
CHM00056046,2007-12-29,TMIN,-220
CHM00056046,2007-12-29,TMAX,51
CHM00052983,2011-04-08,TMIN,-25
CHM00052983,2006-01-26,TMIN,-119
CHM00052983,2011-04-08,TMAX,120
CHM00052983,2014-07-20,TMAX,231
CHM00052983,2012-02-12,TMIN,-77
CHM00056080,2007-03-26,TMIN,-34
CHM00056080,2007-03-26,TMAX,78
CHM00052983,2009-05-25,TMIN,64
CHM00056080,2008-05-03,TMIN,19
CHM00052983,2009-05-25,TMAX,248
CHM00056046,2005-05-15,TMIN,0
CHM00056080,2010-03-25,TMIN,-56
CHM00052983,2015-07-22,TMIN,140
CHM00052983,2015-07-22,TMAX,257
CHM00056046,2014-02-15,TMAX,-4
CHM00056080,2010-04-04,TMAX,154
CHM00056046,2014-02-15,TMIN,-116
CHM00052983,2011-10-27,TMAX,116
CHM00056046,2010-08-13,TMAX,182
CHM00056046,2010-08-13,TMIN,93
CHM00056080,2014-03-23,TMIN,-25
CHM00056046,2012-11-21,TMIN,-142
CHM00056080,2006-05-14,TMAX,121
CHM00056080,2005-04-22,TMIN,-14
CHM00056080,2006-05-14,TMIN,-20
CHM00056080,2014-04-23,TMIN,16
CHM00052983,2011-02-01,TMAX,35
CHM00052983,2011-02-01,TMIN,-178
CHM00052889,2005-03-26,TMAX,163
CHM00056080,2015-02-21,TMAX,56
CHM00056080,2007-09-17,TMIN,-4
CHM00056080,2007-09-17,TMAX,150
CHM00056080,2015-02-21,TMIN,-93
CHM00052889,2005-03-26,TMIN,-38
CHM00056080,2005-04-22,TMAX,168
CHM00056046,2013-04-01,TMIN,-85
CHM00056046,2013-04-01,TMAX,71
CHM00056080,2006-06-30,TMIN,65
CHM00056080,2006-06-30,TMAX,225
CHM00056046,2006-01-31,TMAX,76
CHM00056046,2015-07-12,TMAX,147
CHM00056080,2011-09-29,TMIN,14
CHM00052983,2006-07-05,TMIN,158
CHM00056080,2013-11-25,TMAX,54
CHM00056080,2013-09-23,TMAX,181
CHM00052889,2006-03-25,TMAX,150
CHM00056080,2010-10-24,TMIN,-33
CHM00052889,2006-03-25,TMIN,13
CHM00056080,2008-05-19,TMAX,212
CHM00052983,2013-01-20,TMAX,-56
CHM00056080,2008-05-19,TMIN,-3
CHM00052983,2011-08-30,TMAX,293
CHM00056080,2008-09-06,TMAX,167
CHM00056080,2008-09-06,TMIN,76
CHM00056080,2010-08-22,TMIN,47
CHM00056046,2005-06-26,TMAX,151
CHM00052889,2007-01-27,TMIN,-71
CHM00056046,2015-09-04,TMIN,22
CHM00056046,2005-06-26,TMIN,3
CHM00052983,2008-01-08,TMIN,-116
CHM00052983,2008-01-08,TMAX,79
CHM00052983,2009-10-10,TMAX,90
CHM00052983,2007-10-20,TMAX,147
CHM00056080,2010-08-22,TMAX,153
CHM00056080,2010-12-12,TMIN,-170
CHM00056080,2010-12-12,TMAX,68
CHM00052889,2008-02-13,TMAX,-39
CHM00052983,2011-08-30,TMIN,125
CHM00056080,2007-04-02,TMIN,-94
CHM00056080,2007-04-02,TMAX,42
CHM00056080,2005-06-30,TMAX,177
CHM00056046,2010-12-27,TMIN,-243
CHM00056080,2006-01-31,TMIN,-89
CHM00056046,2008-09-15,TMIN,7
CHM00056080,2012-08-05,TMIN,135
CHM00056080,2012-08-05,TMAX,206
CHM00056080,2012-02-10,TMIN,-144
CHM00056046,2008-09-15,TMAX,105
CHM00056080,2012-02-10,TMAX,-1
CHM00056046,2006-03-10,TMIN,-123
CHM00056080,2011-02-06,TMIN,-109
CHM00052889,2008-03-13,TMIN,21
CHM00052889,2008-03-13,TMAX,214
CHM00056080,2011-02-06,TMAX,131
CHM00052983,2014-10-24,TMIN,18
CHM00052983,2014-10-24,TMAX,205
CHM00052983,2013-01-27,TMAX,64
CHM00056046,2006-03-10,TMAX,50
CHM00052983,2011-10-07,TMAX,195
CHM00052983,2007-09-14,TMAX,229
CHM00052983,2013-01-27,TMIN,-139
CHM00052983,2007-09-14,TMIN,50
CHM00056080,2010-10-24,TMAX,66
CHM00056080,2005-06-30,TMIN,99
CHM00056046,2005-04-22,TMIN,-40
CHM00052889,2007-01-27,TMAX,36
CHM00052889,2008-02-13,TMIN,-84
CHM00056080,2010-10-23,TMAX,119
CHM00052983,2012-03-01,TMIN,-32
CHM00052983,2012-03-01,TMAX,50
CHM00052983,2011-02-20,TMIN,-96
CHM00052983,2008-05-14,TMIN,40
CHM00056080,2006-05-01,TMIN,0
CHM00056046,2007-09-22,TMIN,-32
CHM00056046,2007-09-22,TMAX,173
CHM00052983,2009-09-18,TMIN,96
CHM00052983,2009-09-18,TMAX,238
CHM00056046,2007-03-17,TMIN,-165
CHM00052983,2008-05-14,TMAX,248
CHM00052983,2009-06-13,TMIN,94
CHM00052983,2009-06-13,TMAX,294
CHM00052889,2008-09-13,TMIN,140
CHM00052889,2008-09-13,TMAX,256
CHM00056046,2005-06-30,TMIN,71
CHM00052889,2005-05-24,TMAX,251
CHM00052889,2006-06-30,TMIN,146
CHM00052889,2005-05-15,TMIN,100
CHM00056046,2005-06-30,TMAX,167
CHM00056046,2011-06-11,TMAX,127
CHM00056046,2007-01-17,TMIN,-237
CHM00056046,2011-06-11,TMIN,29
CHM00056046,2007-03-17,TMAX,-25
CHM00056046,2010-12-27,TMAX,-35
CHM00056046,2006-02-16,TMIN,-199
CHM00056080,2010-10-23,TMIN,51
CHM00052983,2015-09-04,TMIN,98
CHM00056046,2005-04-22,TMAX,86
CHM00052983,2010-06-26,TMAX,240
CHM00056046,2011-09-29,TMIN,-18
CHM00056080,2005-03-13,TMAX,112
CHM00056080,2005-03-13,TMIN,-77
CHM00056046,2011-09-29,TMAX,92
CHM00052983,2009-06-21,TMAX,206
CHM00052983,2009-05-01,TMAX,142
CHM00052983,2013-12-11,TMIN,-126
CHM00056080,2008-02-15,TMAX,24
CHM00052983,2013-12-11,TMAX,3
CHM00052983,2014-02-06,TMAX,-38
CHM00052983,2014-08-15,TMIN,79
CHM00052983,2014-08-15,TMAX,260
CHM00056046,2010-11-13,TMAX,57
CHM00056080,2009-05-12,TMIN,6
CHM00056046,2010-11-13,TMIN,-159
CHM00056080,2008-02-15,TMIN,-207
CHM00052983,2008-11-21,TMIN,-54
CHM00052983,2011-02-20,TMAX,60
CHM00056080,2014-06-15,TMAX,162
CHM00056080,2009-05-12,TMAX,47
CHM00056046,2006-02-16,TMAX,-64
CHM00052983,2007-09-12,TMAX,132
CHM00056080,2006-01-31,TMAX,128
CHM00056080,2007-01-17,TMAX,-26
CHM00056046,2008-08-29,TMAX,97
CHM00056046,2012-08-13,TMAX,203
CHM00052983,2008-02-24,TMAX,18
CHM00056046,2007-09-17,TMIN,-45
CHM00056046,2007-09-17,TMAX,104
CHM00056080,2005-05-25,TMIN,54
CHM00056080,2013-01-19,TMIN,-118
CHM00056080,2013-01-19,TMAX,57
CHM00056080,2005-05-25,TMAX,115
CHM00052889,2005-07-08,TMAX,285
CHM00056046,2012-08-13,TMIN,86
CHM00052889,2005-07-08,TMIN,180
CHM00052983,2010-06-28,TMAX,255
CHM00056080,2013-07-12,TMIN,101
CHM00056046,2012-11-28,TMAX,-11
CHM00056046,2012-11-28,TMIN,-200
CHM00052983,2008-04-28,TMAX,226
CHM00052983,2010-06-18,TMIN,105
CHM00052983,2010-06-18,TMAX,278
CHM00056080,2009-02-21,TMAX,52
CHM00056080,2006-06-05,TMAX,208
CHM00056046,2007-08-25,TMIN,73
CHM00056080,2009-02-21,TMIN,-108
CHM00056080,2011-08-29,TMIN,54
CHM00052983,2008-04-28,TMIN,32
CHM00056080,2007-03-20,TMAX,148
CHM00056080,2007-03-20,TMIN,-103
CHM00056046,2012-06-23,TMAX,180
CHM00056080,2013-11-25,TMIN,-157
CHM00056046,2012-06-23,TMIN,59
CHM00056080,2015-01-14,TMIN,-178
CHM00052983,2012-05-24,TMIN,60
CHM00052983,2011-10-13,TMAX,133
CHM00056080,2010-06-18,TMIN,68
CHM00052983,2014-11-08,TMAX,72
CHM00052983,2014-11-08,TMIN,0
CHM00052889,2007-08-15,TMAX,262
CHM00052889,2007-08-15,TMIN,188
CHM00056046,2009-05-02,TMIN,-23
CHM00056046,2008-05-11,TMIN,-58
CHM00056046,2008-05-11,TMAX,129
CHM00052983,2012-02-13,TMIN,-82
CHM00052983,2009-11-13,TMIN,-45
CHM00052983,2009-11-13,TMAX,-9
CHM00052983,2012-02-13,TMAX,13
CHM00056080,2009-10-25,TMIN,-11
CHM00056046,2009-05-02,TMAX,95
CHM00056046,2008-08-29,TMIN,46
CHM00052889,2008-03-11,TMIN,40
CHM00052889,2008-03-11,TMAX,185
CHM00056080,2009-10-25,TMAX,105
CHM00056080,2013-09-23,TMIN,46
CHM00056046,2007-08-25,TMAX,160
CHM00056080,2010-08-13,TMIN,121
CHM00056046,2013-12-07,TMAX,40
CHM00056080,2008-09-14,TMAX,203
CHM00052983,2013-06-17,TMIN,153
CHM00052889,2006-01-13,TMAX,23
CHM00052889,2006-01-13,TMIN,-114
CHM00056046,2005-05-23,TMAX,116
CHM00056046,2009-10-17,TMAX,108
CHM00056046,2007-04-02,TMAX,129
CHM00056046,2007-04-02,TMIN,-56
CHM00056080,2014-04-23,TMAX,157
CHM00052983,2013-08-18,TMIN,151
CHM00056046,2012-03-17,TMAX,15
CHM00056046,2012-03-17,TMIN,-122
CHM00056046,2011-11-15,TMAX,6
CHM00056046,2013-02-01,TMAX,37
CHM00056080,2011-08-29,TMAX,259
CHM00056046,2009-10-17,TMIN,-60
CHM00056046,2011-07-27,TMIN,38
CHM00056046,2011-07-27,TMAX,165
CHM00056046,2013-02-01,TMIN,-205
CHM00056046,2011-11-15,TMIN,-52
CHM00052983,2011-10-07,TMIN,39
CHM00056080,2007-01-17,TMIN,-218
CHM00056046,2005-05-23,TMIN,-16
CHM00056080,2010-08-13,TMAX,200
CHM00056080,2013-08-29,TMIN,38
CHM00052983,2008-08-10,TMAX,243
CHM00056080,2006-06-05,TMIN,92
CHM00056046,2009-07-29,TMIN,25
CHM00052889,2005-04-16,TMIN,48
CHM00052889,2005-04-16,TMAX,153
CHM00056080,2014-11-13,TMIN,-99
CHM00056080,2009-04-27,TMAX,93
CHM00056080,2009-04-27,TMIN,19
CHM00056046,2009-07-29,TMAX,175
CHM00056046,2013-12-07,TMIN,-207
CHM00056080,2015-02-08,TMAX,49
CHM00052983,2010-12-20,TMAX,14
CHM00056046,2005-03-13,TMAX,64
CHM00056046,2005-03-13,TMIN,-139
CHM00056080,2015-02-08,TMIN,-179
CHM00052983,2006-12-21,TMAX,10
CHM00056080,2014-11-13,TMAX,103
CHM00056080,2008-09-14,TMIN,26
CHM00052983,2008-08-10,TMIN,112
CHM00056046,2009-07-28,TMAX,174
CHM00052889,2008-01-11,TMAX,-13
CHM00056046,2009-07-28,TMIN,6
CHM00052889,2008-01-11,TMIN,-66
CHM00052983,2012-12-17,TMAX,-22
CHM00052983,2006-12-21,TMIN,-129
CHM00052889,2008-09-11,TMAX,244
CHM00056080,2005-05-15,TMAX,155
CHM00052983,2014-11-02,TMAX,94
CHM00052983,2014-08-22,TMIN,104
CHM00052983,2014-08-22,TMAX,200
CHM00056080,2015-10-24,TMAX,124
CHM00056046,2015-02-21,TMAX,-12
CHM00056046,2015-02-21,TMIN,-133
CHM00056080,2008-05-26,TMIN,35
CHM00056080,2008-05-26,TMAX,198
CHM00052983,2007-01-08,TMAX,-33
CHM00056080,2008-08-30,TMIN,55
CHM00056080,2012-04-08,TMAX,138
CHM00052983,2006-12-20,TMAX,43
CHM00056080,2012-04-08,TMIN,-51
CHM00056046,2015-11-21,TMAX,69
CHM00056046,2006-06-20,TMAX,136
CHM00056046,2006-06-20,TMIN,31
CHM00052889,2008-06-27,TMIN,139
CHM00056080,2009-09-23,TMAX,144
CHM00056080,2009-09-23,TMIN,39
CHM00052983,2010-04-16,TMIN,23
CHM00052983,2010-04-16,TMAX,212
CHM00056080,2009-11-16,TMAX,-58
CHM00056046,2014-07-15,TMIN,36
CHM00052983,2007-01-08,TMIN,-162
CHM00052889,2008-06-27,TMAX,331
CHM00056080,2013-03-01,TMIN,-96
CHM00056080,2013-03-01,TMAX,86
CHM00052983,2010-03-11,TMIN,-24
CHM00056046,2010-02-24,TMAX,57
CHM00056046,2010-02-24,TMIN,-104
CHM00052983,2012-04-01,TMAX,161
CHM00052983,2012-04-01,TMIN,6
CHM00056080,2009-10-22,TMAX,113
CHM00056080,2009-10-22,TMIN,-31
CHM00056080,2014-12-02,TMIN,-122
CHM00052889,2005-06-26,TMAX,308
CHM00056080,2014-03-26,TMAX,167
CHM00056080,2014-03-26,TMIN,-72
CHM00056046,2005-03-30,TMIN,-60
CHM00056046,2005-03-30,TMAX,61
CHM00052889,2005-06-26,TMIN,89
CHM00056080,2007-09-22,TMIN,59
CHM00052983,2008-03-07,TMAX,83
CHM00052983,2010-03-11,TMAX,147
CHM00056080,2007-09-22,TMAX,198
CHM00052983,2013-12-13,TMAX,13
CHM00052983,2006-12-20,TMIN,-140
CHM00052983,2013-12-13,TMIN,-110
CHM00052889,2006-05-14,TMAX,222
CHM00052889,2006-05-14,TMIN,5
CHM00056080,2009-11-16,TMIN,-137
CHM00056046,2005-10-05,TMAX,152
CHM00056046,2009-12-04,TMIN,-153
CHM00056046,2009-12-04,TMAX,22
CHM00056080,2010-02-24,TMIN,-86
CHM00052889,2006-02-06,TMIN,-58
CHM00052889,2006-02-06,TMAX,3
CHM00056046,2015-01-14,TMIN,-294
CHM00052983,2014-03-12,TMAX,60
CHM00056080,2009-10-10,TMAX,78
CHM00056080,2009-10-10,TMIN,20
CHM00056080,2012-07-16,TMIN,74
CHM00056046,2008-09-06,TMAX,148
CHM00056080,2012-07-16,TMAX,216
CHM00052983,2011-11-06,TMAX,67
CHM00056046,2008-09-06,TMIN,46
CHM00052983,2014-01-21,TMIN,-141
CHM00056080,2009-01-01,TMIN,-128
CHM00052983,2014-01-21,TMAX,65
CHM00052983,2007-10-02,TMAX,120
CHM00052983,2007-10-02,TMIN,76
CHM00056080,2014-02-15,TMIN,-127
CHM00056080,2014-02-15,TMAX,-6
CHM00056046,2009-05-17,TMIN,1
CHM00056046,2009-05-17,TMAX,64
CHM00052983,2010-12-19,TMAX,31
CHM00056080,2007-01-24,TMAX,53
CHM00056080,2010-02-24,TMAX,84
CHM00052889,2006-05-24,TMAX,244
CHM00056080,2006-06-20,TMIN,42
CHM00052983,2007-10-09,TMAX,82
CHM00056080,2008-08-30,TMAX,165
CHM00056046,2015-01-14,TMAX,-74
CHM00056080,2007-06-21,TMIN,58
CHM00056080,2007-06-21,TMAX,90
CHM00056046,2014-07-15,TMAX,171
CHM00056046,2005-10-05,TMIN,9
CHM00056046,2006-12-26,TMAX,-8
CHM00056046,2006-12-26,TMIN,-206
CHM00052983,2011-03-11,TMAX,112
CHM00052983,2015-11-27,TMIN,-65
CHM00056046,2005-05-02,TMAX,87
CHM00056046,2005-05-02,TMIN,-8
CHM00052983,2009-11-25,TMIN,-75
CHM00052983,2009-11-25,TMAX,71
CHM00056046,2011-03-08,TMIN,-177
CHM00056046,2011-03-08,TMAX,26
CHM00056080,2005-04-16,TMIN,-10
CHM00056080,2015-05-09,TMAX,203
CHM00056080,2015-05-09,TMIN,-12
CHM00056080,2006-06-20,TMAX,148
CHM00052889,2006-04-12,TMIN,-73
CHM00052889,2006-04-12,TMAX,34
CHM00056080,2005-04-16,TMAX,79
CHM00052983,2007-10-09,TMIN,37
CHM00052889,2006-05-24,TMIN,97
CHM00052983,2008-04-20,TMAX,111
CHM00056080,2005-10-03,TMIN,32
CHM00056080,2010-04-10,TMAX,173
CHM00052983,2009-09-11,TMAX,155
CHM00052889,2006-01-31,TMAX,56
CHM00052889,2006-01-31,TMIN,-103
CHM00056046,2010-10-07,TMAX,97
CHM00056080,2009-10-28,TMAX,138
CHM00056046,2014-03-18,TMAX,86
CHM00056080,2007-10-07,TMIN,-4
CHM00056080,2007-10-07,TMAX,35
CHM00056046,2005-01-04,TMIN,-134
CHM00052889,2006-06-20,TMAX,227
CHM00056046,2012-05-20,TMIN,-1
CHM00056046,2010-11-03,TMIN,-67
CHM00056046,2010-11-03,TMAX,33
CHM00052889,2006-06-20,TMIN,106
CHM00056080,2014-06-19,TMIN,76
CHM00056046,2012-05-20,TMAX,196
CHM00056046,2005-01-04,TMAX,33
CHM00056046,2009-09-23,TMAX,98
CHM00056046,2009-10-10,TMAX,71
CHM00056080,2014-06-19,TMAX,152
CHM00056080,2011-05-16,TMIN,-7
CHM00056080,2011-05-16,TMAX,182
CHM00056046,2014-08-05,TMIN,95
CHM00052983,2013-11-21,TMAX,83
CHM00056080,2010-04-10,TMIN,-21
CHM00052983,2009-01-24,TMIN,-182
CHM00056046,2014-08-05,TMAX,189
CHM00056046,2009-10-22,TMIN,-96
CHM00056080,2015-11-02,TMIN,-65
CHM00056080,2015-11-02,TMAX,177
CHM00056080,2007-09-05,TMIN,44
CHM00052983,2009-06-02,TMIN,77
CHM00052889,2007-06-22,TMIN,120
CHM00056080,2008-02-29,TMAX,55
CHM00052983,2009-06-02,TMAX,275
CHM00056080,2008-02-28,TMAX,-1
CHM00056080,2007-09-05,TMAX,170
CHM00052983,2009-01-24,TMAX,-2
CHM00052889,2005-04-27,TMIN,38
CHM00052889,2007-10-20,TMAX,168
CHM00052889,2007-10-20,TMIN,61
CHM00052889,2005-04-27,TMAX,280
CHM00056080,2009-03-25,TMAX,157
CHM00056046,2008-10-13,TMIN,-73
CHM00056046,2008-10-13,TMAX,80
CHM00056080,2009-03-25,TMIN,-71
CHM00056080,2006-02-06,TMIN,-91
CHM00056080,2006-02-06,TMAX,80
CHM00052889,2007-06-22,TMAX,250
CHM00052983,2006-10-11,TMAX,205
CHM00052889,2006-07-13,TMIN,180
CHM00056080,2006-07-13,TMIN,138
CHM00052983,2013-11-21,TMIN,-76
CHM00052889,2007-10-31,TMAX,78
CHM00056046,2006-07-13,TMIN,94
CHM00056046,2006-07-13,TMAX,184
CHM00052983,2010-11-16,TMIN,-72
CHM00052889,2007-03-12,TMAX,173
CHM00056046,2015-01-22,TMAX,12
CHM00052983,2010-11-16,TMAX,109
CHM00056046,2015-01-22,TMIN,-259
CHM00052983,2013-02-28,TMAX,47
CHM00056046,2013-08-04,TMIN,5
CHM00056046,2014-03-18,TMIN,-43
CHM00052983,2012-08-02,TMAX,282
CHM00052983,2015-11-18,TMIN,-30
CHM00052983,2015-11-18,TMAX,120
CHM00056080,2014-12-02,TMAX,97
CHM00056080,2014-06-08,TMIN,39
CHM00056080,2014-06-08,TMAX,198
CHM00052983,2008-10-21,TMAX,148
CHM00056080,2009-12-04,TMIN,-93
CHM00056080,2009-12-04,TMAX,51
CHM00056080,2005-10-03,TMAX,133
CHM00052983,2014-04-11,TMAX,117
CHM00052983,2013-11-13,TMAX,48
CHM00052889,2007-10-31,TMIN,49
CHM00056080,2006-07-13,TMAX,231
CHM00056046,2009-05-22,TMAX,133
CHM00056080,2015-02-22,TMIN,-77
CHM00056046,2009-10-10,TMIN,3
CHM00056046,2013-02-05,TMIN,-182
CHM00056046,2013-02-05,TMAX,67
CHM00056046,2009-09-23,TMIN,11
CHM00056046,2012-03-20,TMIN,-65
CHM00056046,2012-03-20,TMAX,88
CHM00056080,2012-06-27,TMAX,202
CHM00056080,2012-06-27,TMIN,112
CHM00056080,2010-06-20,TMAX,167
CHM00052889,2005-04-06,TMAX,276
CHM00052889,2005-04-06,TMIN,17
CHM00056080,2012-11-22,TMIN,-90
CHM00056080,2010-06-20,TMIN,64
CHM00056080,2012-11-22,TMAX,11
CHM00056046,2010-10-07,TMIN,-87
CHM00056080,2015-02-22,TMAX,84
CHM00056046,2006-02-06,TMIN,-104
CHM00056046,2006-02-06,TMAX,18
CHM00056046,2007-01-02,TMIN,-145
CHM00052983,2012-08-02,TMIN,117
CHM00056046,2007-01-02,TMAX,-5
CHM00056080,2005-03-30,TMIN,-27
CHM00056080,2005-03-30,TMAX,106
CHM00056046,2009-05-22,TMIN,6
CHM00052889,2006-07-13,TMAX,300
CHM00056080,2007-01-24,TMIN,-184
CHM00052983,2010-12-19,TMIN,-102
CHM00056080,2008-05-05,TMIN,2
CHM00056080,2015-12-29,TMAX,24
CHM00052983,2013-11-20,TMIN,-77
CHM00056080,2008-05-05,TMAX,230
CHM00052889,2007-02-01,TMAX,103
CHM00052889,2007-02-01,TMIN,-74
CHM00052983,2014-05-02,TMAX,158
CHM00052983,2014-05-02,TMIN,25
CHM00056046,2007-01-27,TMIN,-256
CHM00052983,2013-11-20,TMAX,92
CHM00056080,2007-10-20,TMAX,91
CHM00056080,2015-12-29,TMIN,-194
CHM00056080,2007-10-20,TMIN,-4
CHM00056046,2007-01-27,TMAX,-53
CHM00056080,2011-01-09,TMIN,-178
CHM00056080,2013-03-21,TMIN,-9
CHM00052983,2011-08-02,TMAX,272
CHM00056046,2005-06-03,TMIN,29
CHM00052983,2011-08-02,TMIN,88
CHM00056080,2012-03-28,TMIN,5
CHM00052889,2006-02-25,TMAX,88
CHM00056080,2008-05-11,TMIN,-10
CHM00052889,2006-02-25,TMIN,-21
CHM00056080,2005-05-23,TMIN,18
CHM00056046,2005-06-03,TMAX,129
CHM00056046,2011-10-08,TMAX,133
CHM00056080,2006-03-17,TMAX,26
CHM00052889,2007-04-07,TMIN,51
CHM00052983,2005-09-28,TMAX,201
CHM00052983,2013-09-13,TMIN,51
CHM00052983,2012-10-04,TMIN,47
CHM00056080,2006-12-26,TMAX,54
CHM00056080,2006-12-26,TMIN,-160
CHM00056080,2006-05-22,TMAX,179
CHM00056046,2006-06-02,TMIN,41
CHM00056046,2005-04-06,TMAX,114
CHM00056080,2006-05-22,TMIN,-2
CHM00056046,2011-10-08,TMIN,-6
CHM00056046,2006-06-02,TMAX,137
CHM00056046,2005-04-06,TMIN,-53
CHM00052983,2007-02-24,TMAX,116
CHM00052983,2007-02-24,TMIN,-42
CHM00056080,2006-04-29,TMAX,209
CHM00056080,2006-04-29,TMIN,-18
CHM00056046,2012-02-09,TMIN,-96
CHM00056046,2013-01-31,TMAX,9
CHM00056080,2008-12-18,TMAX,97
CHM00056046,2012-02-09,TMAX,13
CHM00056080,2014-03-12,TMAX,60
CHM00056080,2006-03-17,TMIN,-66
CHM00056080,2008-12-18,TMIN,-162
CHM00052983,2005-09-28,TMIN,118
CHM00056080,2008-05-11,TMAX,164
CHM00056080,2013-03-21,TMAX,139
CHM00056046,2008-05-26,TMAX,120
CHM00052983,2010-08-31,TMAX,242
CHM00056080,2011-09-28,TMAX,74
CHM00056080,2013-10-05,TMIN,-4
CHM00052983,2013-01-21,TMIN,-158
CHM00052983,2012-05-27,TMIN,112
CHM00052983,2015-06-10,TMAX,208
CHM00056080,2007-08-25,TMIN,119
CHM00056080,2005-05-23,TMAX,119
CHM00052983,2012-05-27,TMAX,247
CHM00056080,2013-01-05,TMAX,-17
CHM00056080,2014-03-27,TMAX,117
CHM00056046,2010-06-30,TMAX,188
CHM00056046,2010-06-30,TMIN,54
CHM00056046,2006-05-14,TMAX,57
CHM00056046,2006-05-14,TMIN,-45
CHM00052889,2008-09-11,TMIN,125
CHM00056046,2013-11-25,TMAX,11
CHM00056046,2013-11-25,TMIN,-185
CHM00056080,2005-05-15,TMIN,23
CHM00056046,2007-02-06,TMIN,-167
CHM00052983,2006-07-05,TMAX,310
CHM00052983,2014-11-02,TMIN,-40
CHM00052983,2010-08-31,TMIN,87
CHM00056080,2012-03-28,TMAX,127
CHM00056080,2009-11-11,TMIN,-55
CHM00056046,2008-05-26,TMIN,47
CHM00056046,2008-02-15,TMAX,-25
CHM00052983,2013-01-21,TMAX,-13
CHM00056080,2011-12-16,TMAX,2
CHM00056046,2012-11-27,TMAX,-21
CHM00056046,2012-11-27,TMIN,-173
CHM00052889,2007-03-17,TMAX,93
CHM00056046,2008-02-15,TMIN,-264
CHM00056080,2014-07-16,TMIN,50
CHM00056080,2014-07-16,TMAX,243
CHM00056046,2010-11-04,TMAX,14
CHM00056046,2010-11-04,TMIN,-101
CHM00056080,2011-12-16,TMIN,-169
CHM00056080,2011-09-28,TMIN,15
CHM00052889,2007-03-17,TMIN,-4
CHM00056080,2014-05-30,TMIN,66
CHM00052983,2010-07-09,TMAX,200
CHM00052983,2006-04-19,TMAX,213
CHM00052983,2006-04-19,TMIN,51
CHM00056080,2013-09-14,TMIN,2
CHM00056046,2006-03-17,TMIN,-49
CHM00052983,2012-06-30,TMIN,107
CHM00052983,2012-06-30,TMAX,257
CHM00056046,2006-03-17,TMAX,36
CHM00056080,2009-11-11,TMAX,41
CHM00056080,2007-01-02,TMAX,-15
CHM00052983,2009-09-28,TMIN,39
CHM00056080,2011-01-09,TMAX,-84
CHM00056046,2012-11-22,TMAX,20
CHM00052889,2007-01-02,TMIN,-75
CHM00052983,2008-10-19,TMAX,145
CHM00052889,2005-07-12,TMAX,319
CHM00052889,2007-01-02,TMAX,-17
CHM00056080,2008-06-02,TMIN,-12
CHM00056046,2010-04-10,TMIN,-64
CHM00052889,2008-12-22,TMAX,-7
CHM00056046,2010-06-16,TMIN,46
CHM00052889,2008-09-17,TMAX,258
CHM00056046,2010-04-10,TMAX,97
CHM00056046,2010-06-16,TMAX,122
CHM00056080,2015-01-22,TMAX,82
CHM00052983,2010-10-22,TMAX,157
CHM00056080,2015-01-22,TMIN,-178
CHM00052983,2010-10-30,TMAX,141
CHM00052889,2008-09-17,TMIN,144
CHM00056080,2013-08-16,TMIN,88
CHM00052983,2010-10-30,TMIN,-21
CHM00052983,2014-01-31,TMIN,-60
CHM00056080,2005-07-22,TMAX,225
CHM00056080,2007-01-27,TMIN,-154
CHM00056080,2007-01-27,TMAX,3
CHM00056046,2012-11-22,TMIN,-97
CHM00056080,2005-07-22,TMIN,35
CHM00056080,2008-06-02,TMAX,184
CHM00056080,2006-05-31,TMIN,27
CHM00052983,2006-05-17,TMAX,255
CHM00056046,2007-10-07,TMIN,-1
CHM00056080,2009-01-01,TMAX,-3
CHM00056046,2007-10-07,TMAX,209
CHM00056046,2013-06-25,TMAX,107
CHM00056046,2011-01-22,TMIN,-254
CHM00056080,2006-03-29,TMIN,-80
CHM00056046,2011-04-16,TMAX,77
CHM00056046,2015-10-20,TMIN,-72
CHM00056046,2010-10-24,TMAX,117
CHM00056046,2010-10-24,TMIN,-2
CHM00056046,2011-01-22,TMAX,-48
CHM00056046,2015-10-20,TMAX,135
CHM00056046,2011-04-16,TMIN,-40
CHM00056046,2015-11-02,TMIN,-104
CHM00056046,2015-11-02,TMAX,96
CHM00056080,2006-03-29,TMAX,118
CHM00056080,2005-05-02,TMAX,168
CHM00056080,2005-05-02,TMIN,27
CHM00052889,2005-07-12,TMIN,97
CHM00052889,2008-12-22,TMIN,-108
CHM00056080,2008-09-15,TMIN,82
CHM00056080,2008-09-15,TMAX,140
CHM00056080,2006-05-31,TMAX,199
CHM00056046,2015-11-24,TMAX,17
CHM00056080,2006-06-02,TMIN,76
CHM00052983,2011-01-20,TMAX,-15
CHM00052889,2005-03-30,TMIN,18
CHM00052889,2005-03-30,TMAX,172
CHM00056046,2007-10-20,TMAX,26
CHM00056046,2007-10-20,TMIN,-48
CHM00052983,2012-10-04,TMAX,131
CHM00056080,2007-02-06,TMIN,-143
CHM00056080,2005-06-03,TMIN,60
CHM00056046,2009-02-21,TMAX,14
CHM00056046,2009-02-21,TMIN,-90
CHM00056080,2005-06-03,TMAX,198
CHM00056080,2007-02-06,TMAX,46
CHM00052983,2015-10-27,TMIN,-19
CHM00056046,2009-10-27,TMAX,78
CHM00056046,2011-03-26,TMAX,-1
CHM00056046,2011-03-26,TMIN,-97
CHM00052983,2011-01-09,TMAX,-79
CHM00052983,2011-01-09,TMIN,-146
CHM00056046,2014-05-10,TMAX,57
CHM00056046,2009-10-27,TMIN,-65
CHM00052889,2007-04-07,TMAX,186
CHM00052983,2013-06-06,TMIN,139
CHM00056046,2012-10-18,TMIN,-41
CHM00056046,2012-10-18,TMAX,87
CHM00056046,2006-10-11,TMIN,-48
CHM00052889,2008-10-22,TMIN,28
CHM00052983,2006-10-16,TMAX,131
CHM00052983,2009-09-28,TMAX,246
CHM00052983,2007-08-10,TMAX,245
CHM00052983,2008-10-10,TMAX,121
CHM00052983,2008-10-10,TMIN,26
CHM00056046,2009-11-11,TMAX,71
CHM00056046,2009-11-11,TMIN,-85
CHM00052983,2011-01-20,TMIN,-177
CHM00056046,2014-04-13,TMIN,-56
CHM00056046,2014-04-13,TMAX,101
CHM00052983,2014-01-31,TMAX,136
CHM00056080,2007-12-29,TMIN,-173
CHM00056080,2007-12-29,TMAX,44
CHM00056046,2006-04-29,TMAX,125
CHM00056080,2006-06-02,TMAX,156
CHM00056046,2005-04-16,TMIN,-23
CHM00056046,2005-04-16,TMAX,45
CHM00056080,2014-02-09,TMIN,-166
CHM00056046,2007-09-05,TMIN,-7
CHM00052889,2008-10-22,TMAX,118
CHM00056080,2014-02-09,TMAX,-8
CHM00056046,2006-04-29,TMIN,-68
CHM00056046,2007-09-05,TMAX,104
CHM00056046,2011-02-14,TMAX,51
CHM00056046,2011-02-14,TMIN,-175
CHM00056046,2006-10-11,TMAX,86
CHM00056080,2007-08-18,TMIN,130
CHM00052889,2005-06-02,TMIN,113
CHM00056080,2008-05-13,TMIN,-1
CHM00056046,2013-01-05,TMAX,-15
CHM00052889,2006-05-04,TMAX,228
CHM00052983,2013-04-16,TMIN,26
CHM00056080,2010-07-26,TMAX,252
CHM00052889,2008-11-10,TMIN,12
CHM00056080,2010-08-24,TMAX,205
CHM00056080,2010-08-24,TMIN,34
CHM00056080,2008-12-21,TMAX,-9
CHM00056046,2006-04-22,TMIN,-42
CHM00052983,2014-12-01,TMAX,26
CHM00056080,2012-07-04,TMIN,88
CHM00056080,2015-01-30,TMAX,-59
CHM00052889,2005-09-28,TMIN,136
CHM00052889,2005-09-28,TMAX,235
CHM00056080,2008-12-21,TMIN,-127
CHM00056046,2012-03-26,TMAX,65
CHM00056046,2006-04-22,TMAX,58
CHM00056046,2012-06-25,TMIN,54
CHM00052983,2012-03-16,TMAX,129
CHM00052983,2009-03-03,TMIN,-41
CHM00052983,2012-03-16,TMIN,-22
CHM00056046,2007-10-10,TMAX,147
CHM00052983,2014-12-01,TMIN,-111
CHM00056080,2010-07-26,TMIN,117
CHM00052889,2006-05-04,TMIN,121
CHM00056080,2012-07-04,TMAX,175
CHM00052983,2014-05-06,TMAX,217
CHM00052983,2014-05-06,TMIN,79
CHM00056046,2013-01-05,TMIN,-182
CHM00052983,2010-04-15,TMAX,157
CHM00056046,2014-09-07,TMIN,61
CHM00052983,2010-04-15,TMIN,10
CHM00052983,2013-04-16,TMAX,233
CHM00056080,2005-10-07,TMIN,-9
CHM00056046,2012-10-09,TMAX,81
CHM00056046,2012-10-09,TMIN,-12
CHM00056046,2014-09-07,TMAX,170
CHM00056080,2005-10-07,TMAX,135
CHM00056046,2006-02-02,TMIN,-164
CHM00052983,2006-12-19,TMAX,-8
CHM00052983,2006-12-19,TMIN,-133
CHM00052889,2008-11-10,TMAX,155
CHM00056046,2006-02-02,TMAX,60
CHM00056046,2008-12-16,TMAX,16
CHM00056046,2008-12-16,TMIN,-205
CHM00056046,2014-05-29,TMIN,7
CHM00056046,2012-03-26,TMIN,-74
CHM00056046,2014-09-05,TMIN,24
CHM00056046,2014-09-05,TMAX,170
CHM00056046,2007-10-10,TMIN,27
CHM00052889,2007-01-26,TMIN,-66
CHM00052889,2007-01-26,TMAX,32
CHM00052983,2009-03-03,TMAX,60
CHM00052983,2007-04-04,TMAX,85
CHM00052983,2014-04-24,TMAX,123
CHM00056080,2005-06-10,TMIN,52
CHM00056046,2009-11-08,TMIN,-89
CHM00052983,2011-07-16,TMIN,110
CHM00056046,2009-11-08,TMAX,56
CHM00056046,2011-02-19,TMAX,-35
CHM00052889,2007-02-05,TMAX,110
CHM00056046,2011-02-19,TMIN,-152
CHM00056080,2010-05-26,TMIN,44
CHM00052983,2009-02-19,TMAX,-2
CHM00052889,2007-02-05,TMIN,-44
CHM00052983,2015-01-19,TMAX,65
CHM00052983,2015-01-19,TMIN,-141
CHM00052983,2014-05-22,TMAX,231
CHM00056080,2010-05-26,TMAX,140
CHM00056046,2012-04-05,TMIN,-19
CHM00056046,2012-04-05,TMAX,33
CHM00052889,2006-02-02,TMIN,-91
CHM00056080,2007-09-16,TMIN,52
CHM00052983,2007-03-09,TMAX,5
CHM00052889,2006-02-02,TMAX,47
CHM00056080,2012-07-27,TMIN,112
CHM00056080,2005-06-10,TMAX,183
CHM00052983,2009-02-14,TMIN,-56
CHM00052889,2008-10-29,TMIN,32
CHM00056080,2008-05-01,TMAX,212
CHM00056080,2012-03-11,TMIN,-67
CHM00056080,2012-03-11,TMAX,56
CHM00056046,2012-06-25,TMAX,141
CHM00052983,2014-10-28,TMAX,107
CHM00056046,2009-06-05,TMAX,114
CHM00056046,2009-06-05,TMIN,-13
CHM00056080,2015-02-19,TMIN,-85
CHM00056080,2010-04-09,TMAX,171
CHM00056080,2015-02-19,TMAX,84
CHM00052889,2008-08-07,TMIN,192
CHM00056080,2010-04-09,TMIN,-8
CHM00056080,2010-07-07,TMIN,149
CHM00056080,2010-07-07,TMAX,220
CHM00052983,2012-08-06,TMAX,260
CHM00052983,2007-10-22,TMIN,-4
CHM00052889,2008-08-07,TMAX,261
CHM00052983,2007-10-22,TMAX,151
CHM00052983,2012-08-06,TMIN,169
CHM00056080,2008-05-01,TMIN,5
CHM00052983,2010-10-07,TMAX,218
CHM00056046,2014-07-17,TMAX,200
CHM00056046,2014-07-17,TMIN,29
CHM00052983,2010-10-07,TMIN,16
CHM00052889,2008-10-29,TMAX,167
CHM00056080,2013-01-23,TMIN,-200
CHM00052983,2012-04-10,TMAX,194
CHM00052983,2012-04-10,TMIN,10
CHM00056080,2011-10-01,TMIN,11
CHM00052983,2007-10-10,TMIN,39
CHM00052983,2007-10-10,TMAX,103
CHM00056080,2011-11-13,TMIN,-81
CHM00056080,2011-11-13,TMAX,107
CHM00052983,2010-09-12,TMIN,96
CHM00056080,2015-02-11,TMAX,60
CHM00056080,2015-05-05,TMAX,75
CHM00052983,2006-04-24,TMIN,36
CHM00052983,2006-04-24,TMAX,184
CHM00056046,2010-03-03,TMIN,-98
CHM00052983,2010-09-12,TMAX,224
CHM00056046,2010-03-03,TMAX,2
CHM00056046,2007-10-03,TMAX,187
CHM00056046,2007-10-03,TMIN,2
CHM00056046,2007-10-04,TMIN,2
CHM00056046,2007-10-04,TMAX,207
CHM00052983,2010-09-07,TMAX,179
CHM00056046,2013-12-14,TMAX,-87
CHM00056046,2014-10-14,TMIN,-41
CHM00056080,2012-05-24,TMIN,31
CHM00052983,2010-09-07,TMIN,93
CHM00056046,2014-10-14,TMAX,124
CHM00056080,2011-10-01,TMAX,89
CHM00056080,2009-06-01,TMAX,141
CHM00056046,2014-08-16,TMAX,181
CHM00056080,2006-02-18,TMIN,-152
CHM00056080,2015-01-12,TMAX,18
CHM00056080,2015-01-12,TMIN,-218
CHM00056046,2010-01-20,TMAX,-9
CHM00056080,2008-10-26,TMAX,107
CHM00056046,2007-03-18,TMAX,-21
CHM00056080,2008-10-26,TMIN,-32
CHM00052889,2007-09-10,TMAX,255
CHM00056046,2014-05-29,TMAX,77
CHM00052889,2007-09-10,TMIN,169
CHM00056046,2014-08-16,TMIN,44
CHM00056080,2006-02-18,TMAX,-11
CHM00056080,2008-05-14,TMIN,-16
CHM00056046,2007-03-18,TMIN,-144
CHM00052889,2008-12-20,TMIN,-58
CHM00056080,2010-02-25,TMAX,126
CHM00052889,2008-12-20,TMAX,36
CHM00052983,2014-05-20,TMIN,64
CHM00056080,2008-05-14,TMAX,186
CHM00052983,2014-05-20,TMAX,255
CHM00052983,2009-02-27,TMAX,31
CHM00056080,2010-06-13,TMAX,154
CHM00056080,2010-02-25,TMIN,-110
CHM00052983,2009-02-27,TMIN,-63
CHM00056080,2010-06-13,TMIN,65
CHM00056080,2012-07-27,TMAX,230
CHM00052889,2006-01-28,TMAX,74
CHM00056046,2011-01-27,TMIN,-100
CHM00056080,2006-02-02,TMAX,135
CHM00052983,2014-10-26,TMAX,186
CHM00056046,2008-10-11,TMAX,65
CHM00056046,2013-02-02,TMIN,-181
CHM00052983,2013-03-01,TMAX,57
CHM00052983,2014-10-26,TMIN,20
CHM00052983,2013-03-01,TMIN,-58
CHM00056080,2007-02-27,TMIN,-38
CHM00056080,2007-03-18,TMAX,38
CHM00056080,2007-03-18,TMIN,-64
CHM00056046,2007-04-15,TMAX,112
CHM00052983,2007-02-09,TMIN,-77
CHM00056046,2007-04-15,TMIN,-32
CHM00056080,2012-05-24,TMAX,121
CHM00056046,2013-07-18,TMIN,66
CHM00052983,2015-05-06,TMIN,36
CHM00056080,2008-07-30,TMAX,227
CHM00056080,2008-07-30,TMIN,117
CHM00052983,2015-05-06,TMAX,193
CHM00052983,2009-11-24,TMAX,59
CHM00052983,2009-11-24,TMIN,-84
CHM00056080,2013-01-23,TMAX,41
CHM00052983,2009-02-14,TMAX,68
CHM00052983,2007-02-09,TMAX,83
CHM00056046,2010-10-27,TMAX,82
CHM00056080,2006-02-02,TMIN,-107
CHM00056046,2012-12-19,TMAX,27
CHM00056046,2011-01-27,TMAX,-41
CHM00052889,2006-01-28,TMIN,-124
CHM00056080,2008-01-04,TMIN,-119
CHM00056046,2010-10-27,TMIN,-66
CHM00052983,2010-10-24,TMAX,42
CHM00056080,2008-01-04,TMAX,60
CHM00056080,2009-06-01,TMIN,43
CHM00056046,2006-05-16,TMIN,-63
CHM00056046,2005-06-10,TMAX,98
CHM00052983,2014-02-04,TMAX,33
CHM00052983,2014-02-04,TMIN,-73
CHM00056046,2009-02-23,TMAX,14
CHM00056046,2008-10-11,TMIN,-18
CHM00056046,2005-06-10,TMIN,27
CHM00056046,2009-02-23,TMIN,-172
CHM00052983,2009-11-15,TMAX,-28
CHM00052889,2007-02-19,TMAX,119
CHM00052889,2007-02-19,TMIN,-43
CHM00056046,2013-02-02,TMAX,13
CHM00052889,2008-08-10,TMAX,269
CHM00052889,2008-08-10,TMIN,159
CHM00056046,2006-05-16,TMAX,98
CHM00056046,2012-12-19,TMIN,-87
CHM00056080,2007-02-27,TMAX,110
CHM00052983,2013-02-01,TMAX,71
CHM00056046,2005-01-02,TMAX,46
CHM00056080,2013-12-14,TMAX,-70
CHM00056080,2007-09-27,TMAX,105
CHM00052983,2013-02-04,TMIN,-71
CHM00052889,2008-05-20,TMIN,149
CHM00056080,2012-10-06,TMAX,127
CHM00056080,2012-10-06,TMIN,39
CHM00056080,2007-10-10,TMIN,2
CHM00052889,2008-02-16,TMAX,23
CHM00056080,2011-08-01,TMAX,174
CHM00056046,2012-07-27,TMIN,83
CHM00056046,2012-07-27,TMAX,193
CHM00052983,2013-02-04,TMAX,82
CHM00056080,2011-08-01,TMIN,57
CHM00056080,2006-01-28,TMAX,122
CHM00056046,2012-07-10,TMAX,162
CHM00056046,2014-07-25,TMAX,183
CHM00056046,2014-07-25,TMIN,18
CHM00052889,2008-02-16,TMIN,-88
CHM00056080,2006-01-28,TMIN,-150
CHM00056080,2008-03-28,TMIN,-41
CHM00056080,2012-06-29,TMIN,84
CHM00056080,2012-06-29,TMAX,181
CHM00056046,2013-06-06,TMIN,20
CHM00052889,2008-05-20,TMAX,255
CHM00056080,2013-03-09,TMIN,-88
CHM00056080,2007-10-10,TMAX,63
CHM00056046,2012-07-10,TMIN,92
CHM00056080,2014-04-19,TMIN,-8
CHM00052983,2006-07-09,TMAX,227
CHM00056080,2010-12-18,TMAX,43
CHM00052983,2008-05-16,TMAX,276
CHM00056046,2011-12-19,TMIN,-195
CHM00056046,2011-12-19,TMAX,-12
CHM00052983,2015-10-11,TMIN,-16
CHM00052983,2008-05-16,TMIN,76
CHM00056046,2009-07-21,TMAX,198
CHM00056046,2007-09-16,TMIN,34
CHM00056046,2007-09-16,TMAX,125
CHM00056046,2011-11-13,TMIN,-163
CHM00056046,2011-11-13,TMAX,-10
CHM00056046,2009-07-21,TMIN,89
CHM00052983,2011-11-07,TMAX,77
CHM00056046,2006-07-10,TMIN,18
CHM00056080,2012-08-07,TMIN,134
CHM00056046,2006-07-10,TMAX,170
CHM00056080,2012-08-07,TMAX,229
CHM00056046,2009-10-13,TMAX,25
CHM00056046,2009-10-13,TMIN,-17
CHM00056080,2011-10-14,TMIN,-67
CHM00056080,2011-10-14,TMAX,91
CHM00056080,2011-04-12,TMIN,-22
CHM00056046,2007-01-16,TMIN,-216
CHM00056080,2011-04-12,TMAX,183
CHM00052889,2006-06-06,TMAX,251
CHM00052983,2014-12-06,TMAX,20
CHM00052889,2008-08-29,TMIN,112
CHM00056046,2014-03-01,TMIN,-89
CHM00056080,2012-02-24,TMAX,-43
CHM00056080,2012-02-24,TMIN,-95
CHM00052889,2006-06-24,TMAX,321
CHM00052889,2006-06-24,TMIN,109
CHM00052889,2006-06-06,TMIN,137
CHM00052983,2009-05-09,TMAX,165
CHM00056046,2008-07-26,TMIN,50
CHM00052983,2015-11-20,TMIN,-34
CHM00056046,2008-07-26,TMAX,218
CHM00052983,2015-11-13,TMIN,-24
CHM00056046,2015-02-19,TMIN,-125
CHM00052983,2006-12-30,TMIN,-109
CHM00052983,2006-12-30,TMAX,27
CHM00056046,2015-02-19,TMAX,17
CHM00052889,2008-12-31,TMIN,-102
CHM00052889,2008-12-31,TMAX,25
CHM00056046,2014-08-21,TMAX,112
CHM00056046,2015-05-10,TMIN,-20
CHM00056046,2007-09-04,TMAX,145
CHM00056046,2007-09-04,TMIN,-34
CHM00056046,2012-04-03,TMIN,-33
CHM00052983,2010-05-30,TMAX,154
CHM00052983,2009-02-02,TMAX,62
CHM00052889,2008-08-29,TMAX,202
CHM00056046,2007-01-16,TMAX,-75
CHM00056080,2008-03-28,TMAX,95
CHM00056080,2005-07-14,TMIN,48
CHM00056080,2005-07-14,TMAX,242
CHM00052983,2008-03-06,TMIN,4
CHM00056046,2007-09-10,TMAX,122
CHM00056046,2007-09-10,TMIN,61
CHM00052983,2015-05-26,TMAX,253
CHM00052983,2015-05-26,TMIN,65
CHM00056046,2011-10-28,TMIN,-119
CHM00052889,2007-08-28,TMIN,196
CHM00052889,2007-08-28,TMAX,220
CHM00052889,2007-08-08,TMAX,302
CHM00056046,2011-10-28,TMAX,20
CHM00052889,2007-08-08,TMIN,173
CHM00052983,2008-03-06,TMAX,69
CHM00056046,2012-03-27,TMIN,-50
CHM00056080,2011-07-06,TMAX,165
CHM00056046,2012-03-27,TMAX,93
CHM00056080,2009-04-29,TMIN,-4
CHM00056080,2011-07-06,TMIN,86
CHM00056080,2009-04-29,TMAX,209
CHM00056080,2007-09-27,TMIN,40
CHM00056046,2012-04-03,TMAX,113
CHM00056046,2007-10-11,TMAX,128
CHM00052889,2008-04-25,TMAX,244
CHM00056046,2012-02-24,TMIN,-87
CHM00056080,2008-10-29,TMIN,-54
CHM00056080,2008-11-11,TMAX,110
CHM00052983,2014-05-22,TMIN,107
CHM00056080,2012-02-18,TMAX,26
CHM00056046,2010-06-23,TMAX,135
CHM00056046,2010-06-23,TMIN,49
CHM00056080,2012-02-18,TMIN,-134
CHM00052889,2006-02-28,TMIN,-90
CHM00052889,2006-02-28,TMAX,50
CHM00052889,2008-10-23,TMIN,52
CHM00052889,2008-10-23,TMAX,131
CHM00056080,2014-01-21,TMIN,-199
CHM00056080,2013-12-15,TMAX,-15
CHM00056080,2012-03-27,TMIN,-55
CHM00056080,2012-03-27,TMAX,140
CHM00052889,2008-07-14,TMAX,218
CHM00052889,2008-03-10,TMAX,179
CHM00056080,2007-01-16,TMIN,-181
CHM00052983,2015-01-14,TMAX,61
CHM00052889,2008-03-10,TMIN,18
CHM00052889,2008-07-14,TMIN,167
CHM00052983,2015-01-14,TMIN,-106
CHM00056080,2007-01-16,TMAX,-43
CHM00056080,2011-10-28,TMAX,100
CHM00056046,2008-12-01,TMIN,-172
CHM00052983,2011-03-13,TMAX,64
CHM00056046,2014-03-28,TMIN,-63
CHM00056046,2009-06-19,TMIN,70
CHM00056080,2007-09-16,TMAX,136
CHM00056046,2009-06-19,TMAX,191
CHM00056046,2005-01-02,TMIN,-72
CHM00056080,2011-03-26,TMAX,52
CHM00056046,2011-07-24,TMIN,40
CHM00052983,2012-08-13,TMIN,154
CHM00052983,2008-09-17,TMAX,234
CHM00056046,2011-07-24,TMAX,199
CHM00052983,2012-08-13,TMAX,220
CHM00052983,2010-04-12,TMAX,5
CHM00056046,2011-07-19,TMAX,179
CHM00052889,2006-03-15,TMAX,116
CHM00052983,2014-02-12,TMAX,-17
CHM00056080,2011-10-28,TMIN,-43
CHM00056046,2011-04-24,TMIN,-37
CHM00056046,2011-04-24,TMAX,58
CHM00052889,2006-03-15,TMIN,-117
CHM00052983,2006-03-31,TMIN,5
CHM00052983,2006-03-31,TMAX,147
CHM00056046,2015-09-01,TMIN,62
CHM00056080,2008-11-11,TMIN,3
CHM00052983,2010-04-12,TMIN,-47
CHM00056046,2011-07-19,TMIN,20
CHM00052983,2008-09-17,TMIN,103
CHM00052983,2011-07-16,TMAX,304
CHM00052983,2014-04-23,TMIN,72
CHM00052983,2012-07-23,TMAX,234
CHM00056080,2006-07-10,TMIN,92
CHM00056080,2011-03-26,TMIN,-83
CHM00056080,2006-07-10,TMAX,171
CHM00056046,2006-01-28,TMIN,-176
CHM00052889,2008-03-06,TMAX,111
CHM00056080,2013-03-09,TMAX,118
CHM00056080,2008-01-16,TMIN,-171
CHM00056080,2008-01-16,TMAX,18
CHM00056080,2010-12-18,TMIN,-146
CHM00052983,2006-03-13,TMAX,-51
CHM00056046,2012-02-24,TMAX,50
CHM00052983,2006-03-13,TMIN,-113
CHM00052889,2008-03-06,TMIN,43
CHM00052983,2006-05-30,TMAX,257
CHM00052983,2013-04-05,TMAX,71
CHM00052983,2006-05-30,TMIN,65
CHM00052889,2006-03-08,TMAX,164
CHM00052889,2006-03-08,TMIN,-29
CHM00056080,2013-06-11,TMIN,-17
CHM00056080,2014-04-19,TMAX,141
CHM00056046,2007-10-11,TMIN,43
CHM00052889,2008-04-25,TMIN,55
CHM00056080,2007-10-03,TMIN,64
CHM00052983,2014-04-23,TMAX,206
CHM00056080,2007-10-03,TMAX,200
CHM00056046,2006-01-28,TMAX,53
CHM00056080,2014-01-05,TMIN,-157
CHM00056080,2015-10-07,TMIN,-3
CHM00056080,2015-03-21,TMAX,108
CHM00052983,2005-05-22,TMAX,149
CHM00056080,2015-03-21,TMIN,-62
CHM00056080,2008-10-29,TMAX,146
CHM00052889,2005-03-15,TMAX,75
CHM00052889,2005-03-15,TMIN,9
CHM00056080,2015-10-07,TMAX,162
CHM00056080,2014-01-05,TMAX,1
CHM00056046,2015-11-18,TMAX,38
CHM00056080,2015-06-09,TMAX,195
CHM00052983,2005-03-27,TMIN,-6
CHM00056080,2015-06-09,TMIN,30
CHM00052983,2005-03-27,TMAX,160
CHM00056046,2008-12-01,TMAX,-14
CHM00056046,2014-03-14,TMAX,12
CHM00056080,2014-03-24,TMAX,89
CHM00056046,2012-03-11,TMIN,-120
CHM00056046,2012-03-11,TMAX,19
CHM00056046,2014-03-14,TMIN,-130
CHM00056046,2011-06-16,TMAX,128
CHM00056046,2011-06-16,TMIN,40
CHM00052983,2013-09-19,TMIN,109
CHM00056080,2014-04-22,TMAX,156
CHM00056080,2010-12-15,TMIN,-187
CHM00052983,2005-04-24,TMAX,202
CHM00056080,2009-10-23,TMAX,123
CHM00056080,2009-10-23,TMIN,-54
CHM00056046,2014-11-02,TMIN,-65
CHM00056046,2014-11-02,TMAX,45
CHM00056046,2008-07-20,TMIN,79
CHM00052889,2008-11-28,TMIN,-48
CHM00052889,2005-04-15,TMIN,40
CHM00052889,2005-04-15,TMAX,201
CHM00056046,2012-10-31,TMAX,7
CHM00056046,2007-10-28,TMIN,-52
CHM00056080,2007-01-26,TMAX,21
CHM00056046,2005-06-01,TMIN,28
CHM00052983,2009-01-29,TMAX,83
CHM00056080,2007-08-28,TMIN,113
CHM00056046,2010-06-13,TMAX,116
CHM00056080,2007-08-28,TMAX,181
CHM00056046,2010-06-13,TMIN,31
CHM00052983,2009-01-29,TMIN,-111
CHM00056046,2008-07-20,TMAX,158
CHM00056046,2007-10-28,TMAX,76
CHM00056080,2005-05-22,TMAX,93
CHM00056080,2005-05-22,TMIN,35
CHM00056046,2005-06-01,TMAX,123
CHM00056080,2007-01-26,TMIN,-137
CHM00052889,2008-11-28,TMAX,80
CHM00052983,2007-08-15,TMAX,220
CHM00056046,2011-10-27,TMAX,22
CHM00052889,2006-04-10,TMAX,235
CHM00056046,2011-10-27,TMIN,-48
CHM00056080,2009-10-29,TMAX,170
CHM00056046,2009-03-27,TMAX,92
CHM00056080,2009-10-29,TMIN,-44
CHM00052983,2008-12-09,TMIN,-91
CHM00052889,2008-01-29,TMAX,-94
CHM00052889,2008-01-29,TMIN,-178
CHM00052983,2010-09-10,TMAX,245
CHM00056046,2009-03-27,TMIN,-56
CHM00052983,2010-09-10,TMIN,88
CHM00052983,2006-10-06,TMAX,155
CHM00052983,2010-07-08,TMAX,253
CHM00052983,2006-10-06,TMIN,60
CHM00056080,2008-08-01,TMAX,129
CHM00056080,2008-05-23,TMAX,188
CHM00056080,2009-09-24,TMAX,192
CHM00056080,2008-05-23,TMIN,28
CHM00056080,2009-09-24,TMIN,16
CHM00056080,2015-11-25,TMAX,80
CHM00056080,2010-08-28,TMAX,239
CHM00056080,2010-08-28,TMIN,53
CHM00052983,2008-12-09,TMAX,65
CHM00052983,2015-12-29,TMIN,-141
CHM00056046,2007-02-27,TMAX,30
CHM00056046,2007-02-27,TMIN,-102
CHM00052983,2010-03-01,TMAX,110
CHM00056046,2008-12-30,TMIN,-180
CHM00056046,2013-04-12,TMAX,36
CHM00056080,2006-05-21,TMIN,-10
CHM00052889,2007-12-16,TMIN,-18
CHM00056046,2014-07-22,TMAX,186
CHM00052983,2010-03-01,TMIN,-8
CHM00052983,2009-10-13,TMIN,16
CHM00056046,2011-04-19,TMIN,-21
CHM00056046,2011-02-24,TMIN,-125
CHM00056046,2011-04-19,TMAX,132
CHM00056080,2009-02-12,TMAX,61
CHM00056046,2011-02-24,TMAX,60
CHM00056080,2009-02-12,TMIN,-87
CHM00056046,2009-03-03,TMIN,-118
CHM00056046,2007-04-04,TMAX,81
CHM00056080,2008-09-17,TMAX,149
CHM00056080,2008-09-17,TMIN,70
CHM00056046,2007-04-04,TMIN,-38
CHM00056046,2013-01-29,TMIN,-221
CHM00052983,2009-07-23,TMAX,299
CHM00056046,2011-10-01,TMAX,48
CHM00056046,2013-01-29,TMAX,21
CHM00052889,2007-12-16,TMAX,45
CHM00056080,2014-07-07,TMAX,192
CHM00056046,2008-12-30,TMAX,-48
CHM00052889,2008-03-12,TMIN,59
CHM00056080,2006-05-30,TMAX,175
CHM00056080,2006-05-30,TMIN,8
CHM00056080,2015-06-08,TMAX,177
CHM00052983,2007-02-05,TMIN,-83
CHM00052983,2007-02-05,TMAX,94
CHM00056046,2007-04-05,TMIN,-47
CHM00056046,2007-04-05,TMAX,90
CHM00056046,2009-03-03,TMAX,-3
CHM00056046,2012-10-31,TMIN,-129
CHM00052889,2007-12-12,TMAX,39
CHM00056080,2006-05-21,TMAX,138
CHM00052889,2007-09-23,TMIN,116
CHM00056080,2013-07-26,TMIN,99
CHM00056046,2011-06-18,TMIN,32
CHM00056046,2011-06-18,TMAX,193
CHM00052889,2007-09-23,TMAX,242
CHM00056080,2009-05-14,TMAX,48
CHM00056080,2009-05-14,TMIN,0
CHM00052889,2008-03-12,TMAX,159
CHM00056046,2005-05-04,TMAX,114
CHM00056080,2014-03-28,TMAX,132
CHM00056046,2005-05-04,TMIN,17
CHM00052889,2007-12-12,TMIN,-31
CHM00052983,2015-11-29,TMIN,-62
CHM00056080,2011-04-24,TMAX,141
CHM00052889,2006-04-10,TMIN,-5
CHM00056080,2011-04-24,TMIN,-43
CHM00052889,2007-04-04,TMIN,48
CHM00052889,2006-02-26,TMAX,47
CHM00056046,2009-09-24,TMIN,-37
CHM00056046,2006-12-27,TMAX,-24
CHM00056046,2006-12-27,TMIN,-233
CHM00052983,2009-05-29,TMAX,187
CHM00056046,2010-07-26,TMAX,154
CHM00052983,2009-11-16,TMAX,-83
CHM00052889,2007-09-01,TMIN,144
CHM00056080,2005-10-14,TMAX,94
CHM00056080,2005-10-14,TMIN,-8
CHM00052983,2014-02-07,TMAX,38
CHM00056080,2006-12-19,TMAX,19
CHM00056080,2006-12-19,TMIN,-175
CHM00056080,2005-05-29,TMIN,77
CHM00056046,2014-10-08,TMAX,112
CHM00052983,2006-03-27,TMAX,136
CHM00052983,2006-03-27,TMIN,-14
CHM00052983,2013-07-19,TMIN,77
CHM00056046,2010-07-26,TMIN,66
CHM00056046,2013-04-15,TMAX,55
CHM00056080,2007-01-21,TMAX,9
CHM00056080,2015-05-10,TMAX,85
CHM00052889,2007-04-04,TMAX,115
CHM00052983,2012-07-31,TMAX,231
CHM00052983,2010-07-06,TMIN,147
CHM00056080,2005-05-29,TMAX,186
CHM00056046,2012-12-17,TMAX,-4
CHM00052983,2006-01-15,TMIN,-98
CHM00056046,2010-04-13,TMAX,135
CHM00056046,2006-02-21,TMAX,27
CHM00056080,2015-11-18,TMIN,-85
CHM00056046,2008-09-28,TMIN,24
CHM00056080,2006-04-21,TMAX,103
CHM00056080,2006-04-21,TMIN,1
CHM00056080,2011-06-08,TMIN,58
CHM00056080,2011-06-08,TMAX,180
CHM00056080,2015-11-18,TMAX,121
CHM00056046,2006-01-19,TMIN,-123
CHM00052889,2005-06-23,TMAX,306
CHM00056046,2010-04-09,TMIN,-47
CHM00052889,2005-06-23,TMIN,146
CHM00052983,2010-01-19,TMAX,25
CHM00056046,2009-09-24,TMAX,127
CHM00052889,2006-02-26,TMIN,-52
CHM00052889,2005-10-01,TMAX,146
CHM00052889,2005-10-01,TMIN,113
CHM00052983,2006-06-23,TMAX,279
CHM00052983,2006-06-23,TMIN,101
CHM00052983,2010-07-06,TMAX,277
CHM00056080,2014-10-22,TMAX,107
CHM00056080,2013-08-05,TMIN,66
CHM00056046,2009-10-23,TMAX,63
CHM00056046,2006-05-03,TMAX,138
CHM00056080,2007-10-04,TMIN,71
CHM00056080,2007-10-04,TMAX,173
CHM00052983,2006-04-30,TMAX,293
CHM00052983,2006-04-30,TMIN,73
CHM00056080,2006-01-19,TMAX,24
CHM00056046,2011-10-21,TMAX,114
CHM00052983,2014-10-23,TMAX,192
CHM00052983,2014-10-23,TMIN,7
CHM00056080,2008-04-25,TMIN,-32
CHM00056080,2008-04-25,TMAX,168
CHM00056046,2006-05-30,TMAX,109
CHM00056046,2006-05-30,TMIN,-1
CHM00056080,2006-01-19,TMIN,-84
CHM00052983,2012-07-31,TMIN,150
CHM00056080,2006-12-27,TMAX,37
CHM00056080,2006-12-27,TMIN,-164
CHM00056080,2012-07-10,TMIN,66
CHM00056046,2013-10-04,TMIN,-21
CHM00056080,2005-06-01,TMIN,38
CHM00056080,2005-06-01,TMAX,184
CHM00056080,2012-07-10,TMAX,221
CHM00052983,2013-12-06,TMAX,80
CHM00056046,2011-10-21,TMIN,-41
CHM00052983,2013-12-06,TMIN,-82
CHM00056046,2009-10-23,TMIN,-78
CHM00056046,2012-02-19,TMAX,-7
CHM00056080,2008-06-26,TMIN,77
CHM00056046,2006-05-03,TMIN,-24
CHM00052983,2014-09-08,TMAX,188
CHM00052983,2014-02-07,TMIN,-127
CHM00052983,2010-01-24,TMAX,41
CHM00056080,2007-01-21,TMIN,-182
CHM00052889,2007-09-01,TMAX,269
CHM00052983,2010-01-24,TMIN,-93
CHM00052889,2007-10-10,TMAX,125
CHM00052889,2007-10-10,TMIN,69
CHM00052983,2009-10-02,TMAX,218
CHM00056046,2007-12-11,TMIN,-163
CHM00056046,2007-12-11,TMAX,18
CHM00052889,2006-06-28,TMAX,316
CHM00052889,2007-03-18,TMAX,131
CHM00056046,2005-05-22,TMAX,89
CHM00052889,2007-03-18,TMIN,11
CHM00056046,2005-05-22,TMIN,14
CHM00052889,2006-06-28,TMIN,144
CHM00056080,2008-06-26,TMAX,110
CHM00056046,2007-08-16,TMIN,91
CHM00056046,2007-08-16,TMAX,177
CHM00056046,2010-08-24,TMAX,162
CHM00056046,2010-08-24,TMIN,29
CHM00056046,2012-02-19,TMIN,-190
CHM00052983,2005-04-24,TMIN,53
CHM00056046,2011-10-01,TMIN,8
CHM00056080,2015-05-12,TMIN,-26
CHM00052983,2007-08-23,TMIN,156
CHM00052889,2005-06-01,TMIN,81
CHM00056080,2008-12-24,TMAX,40
CHM00056080,2011-10-27,TMAX,59
CHM00056080,2011-10-27,TMIN,-12
CHM00056046,2011-08-01,TMAX,177
CHM00056046,2015-12-28,TMAX,-18
CHM00056080,2010-03-03,TMIN,-86
CHM00056080,2008-12-24,TMIN,-143
CHM00056080,2007-10-11,TMIN,-8
CHM00052889,2005-10-12,TMAX,149
CHM00056080,2010-03-03,TMAX,47
CHM00052889,2006-02-21,TMIN,-40
CHM00052889,2005-10-12,TMIN,35
CHM00052889,2005-06-01,TMAX,282
CHM00056046,2013-03-25,TMAX,57
CHM00056080,2007-10-11,TMAX,45
CHM00056046,2011-08-01,TMIN,20
CHM00052889,2006-02-21,TMAX,40
CHM00052983,2010-10-28,TMAX,38
CHM00056080,2009-07-25,TMAX,221
CHM00056046,2013-05-08,TMAX,61
CHM00052983,2011-06-11,TMAX,287
CHM00056046,2010-01-20,TMIN,-157
CHM00052983,2007-08-23,TMAX,237
CHM00056046,2012-10-14,TMAX,104
CHM00056046,2011-11-01,TMAX,24
CHM00056046,2007-09-27,TMAX,194
CHM00052983,2010-06-30,TMAX,186
CHM00056046,2007-09-27,TMIN,35
CHM00056080,2006-02-28,TMIN,-82
CHM00056080,2006-02-28,TMAX,-1
CHM00056080,2014-11-05,TMAX,107
CHM00056046,2010-02-25,TMAX,49
CHM00056046,2014-03-19,TMAX,85
CHM00052983,2008-05-29,TMAX,209
CHM00056046,2010-02-25,TMIN,-169
CHM00056046,2012-07-04,TMAX,148
CHM00056046,2012-07-04,TMIN,25
CHM00056080,2014-11-05,TMIN,-79
CHM00052983,2006-07-10,TMIN,96
CHM00052983,2006-07-10,TMAX,206
CHM00052889,2008-04-21,TMAX,73
CHM00052983,2015-07-03,TMAX,171
CHM00056046,2005-05-13,TMIN,-3
CHM00056046,2014-02-10,TMAX,-28
CHM00052889,2008-04-21,TMIN,1
CHM00056046,2014-04-23,TMAX,76
CHM00056046,2015-12-28,TMIN,-173
CHM00056046,2014-04-23,TMIN,-33
CHM00056046,2012-10-14,TMIN,-48
CHM00056046,2008-09-29,TMAX,143
CHM00056046,2006-05-04,TMIN,11
CHM00052983,2012-10-15,TMAX,167
CHM00056080,2009-07-25,TMIN,83
CHM00056046,2006-02-28,TMIN,-69
CHM00052983,2012-07-04,TMAX,273
CHM00056080,2010-12-15,TMAX,-96
CHM00056080,2009-06-19,TMIN,72
CHM00056080,2009-06-19,TMAX,173
CHM00056046,2007-10-24,TMIN,-97
CHM00056046,2006-02-28,TMAX,23
CHM00052983,2008-12-21,TMIN,-148
CHM00056046,2007-10-24,TMAX,57
CHM00056080,2012-04-05,TMIN,-16
CHM00056080,2012-04-05,TMAX,88
CHM00056046,2014-10-22,TMAX,61
CHM00052889,2007-02-21,TMIN,11
CHM00052983,2007-09-04,TMAX,208
CHM00052983,2011-10-21,TMIN,-1
CHM00052983,2008-12-21,TMAX,-71
CHM00052889,2007-02-21,TMAX,116
CHM00052983,2008-09-06,TMAX,170
CHM00052983,2011-10-21,TMAX,145
CHM00052983,2006-04-21,TMAX,194
CHM00052983,2006-04-21,TMIN,77
CHM00056046,2013-07-19,TMIN,64
CHM00056080,2013-10-04,TMIN,-18
CHM00056046,2006-02-18,TMIN,-198
CHM00056046,2006-02-18,TMAX,-17
CHM00056046,2006-05-04,TMAX,112
CHM00056046,2014-03-21,TMAX,35
CHM00056046,2014-03-21,TMIN,-52
CHM00052983,2010-10-28,TMIN,-1
CHM00056080,2009-11-08,TMIN,-61
CHM00056046,2013-10-06,TMIN,-60
CHM00056080,2007-04-13,TMAX,131
CHM00056080,2009-11-08,TMAX,151
CHM00052983,2007-02-11,TMIN,-76
CHM00052983,2007-02-11,TMAX,104
CHM00052983,2009-05-28,TMAX,177
CHM00056080,2007-04-13,TMIN,0
CHM00056046,2012-02-02,TMIN,-121
CHM00052983,2009-05-28,TMIN,83
CHM00056046,2012-02-02,TMAX,-33
CHM00056080,2013-01-26,TMAX,11
CHM00056046,2008-09-29,TMIN,27
CHM00052983,2015-02-08,TMIN,-130
CHM00056046,2015-01-30,TMAX,-41
CHM00056046,2015-01-30,TMIN,-134
CHM00056080,2013-01-26,TMIN,-181
CHM00052983,2015-02-08,TMAX,40
CHM00052983,2013-02-01,TMIN,-89
CHM00056080,2014-08-05,TMAX,179
CHM00056080,2006-05-04,TMAX,119
CHM00056080,2006-05-04,TMIN,57
CHM00052983,2007-01-22,TMAX,34
CHM00056046,2012-12-13,TMIN,-117
CHM00056080,2010-09-04,TMAX,194
CHM00056080,2008-01-14,TMIN,-149
CHM00056046,2007-01-26,TMIN,-166
CHM00056046,2007-01-26,TMAX,-53
CHM00056080,2010-09-04,TMIN,38
CHM00056080,2007-04-04,TMAX,37
CHM00052983,2008-11-26,TMAX,-38
CHM00056080,2010-07-22,TMAX,227
CHM00056080,2010-07-22,TMIN,125
CHM00052889,2005-05-07,TMIN,60
CHM00056080,2007-04-04,TMIN,-44
CHM00052889,2005-06-10,TMAX,282
CHM00052983,2015-12-29,TMAX,8
CHM00056080,2006-10-14,TMAX,179
CHM00056080,2006-10-14,TMIN,-26
CHM00052889,2005-06-10,TMIN,99
CHM00052889,2005-05-07,TMAX,249
CHM00056046,2014-11-10,TMIN,-76
CHM00056046,2014-11-10,TMAX,90
CHM00056080,2007-12-28,TMAX,3
CHM00056080,2007-12-28,TMIN,-154
CHM00056080,2005-05-04,TMAX,153
CHM00052889,2008-05-01,TMIN,128
CHM00052983,2007-10-03,TMIN,97
CHM00052983,2006-02-02,TMAX,53
CHM00056080,2014-05-09,TMAX,90
CHM00056046,2015-01-24,TMAX,-13
CHM00056080,2015-05-12,TMAX,229
CHM00056080,2013-07-02,TMIN,125
CHM00056080,2013-07-02,TMAX,240
CHM00056080,2006-04-22,TMIN,-3
CHM00052983,2013-02-06,TMIN,-79
CHM00056080,2006-05-03,TMAX,200
CHM00052983,2013-02-06,TMAX,63
CHM00056080,2012-12-19,TMIN,-78
CHM00056080,2012-12-19,TMAX,41
CHM00056080,2006-05-03,TMIN,74
CHM00056080,2008-08-01,TMIN,70
CHM00056046,2014-08-23,TMAX,124
CHM00056080,2006-04-22,TMAX,97
CHM00056046,2008-04-25,TMIN,-78
CHM00056046,2008-04-25,TMAX,108
CHM00056080,2006-05-16,TMIN,-21
CHM00056080,2006-05-16,TMAX,171
CHM00052889,2008-05-01,TMAX,306
CHM00056046,2008-07-30,TMAX,183
CHM00056080,2014-05-09,TMIN,2
CHM00056046,2008-07-30,TMIN,87
CHM00052983,2008-10-17,TMAX,101
CHM00052983,2006-02-02,TMIN,-72
CHM00052983,2009-10-13,TMAX,154
CHM00056080,2005-05-04,TMIN,56
CHM00056046,2012-12-13,TMAX,-14
CHM00056080,2009-03-30,TMIN,-40
CHM00056080,2009-03-30,TMAX,67
CHM00056046,2014-01-21,TMAX,-4
CHM00056046,2014-01-21,TMIN,-254
CHM00052983,2015-01-30,TMAX,-45
CHM00056080,2013-11-18,TMIN,-138
CHM00056080,2013-11-18,TMAX,78
CHM00056080,2013-06-26,TMAX,176
CHM00056046,2005-05-13,TMAX,99
CHM00056046,2007-08-28,TMIN,75
CHM00056046,2007-08-28,TMAX,160
CHM00056046,2012-02-18,TMAX,-34
CHM00056046,2012-02-18,TMIN,-96
CHM00056046,2011-11-01,TMIN,-50
CHM00056080,2012-06-25,TMIN,77
CHM00056080,2012-06-25,TMAX,201
CHM00056046,2005-10-12,TMIN,-15
CHM00056046,2005-10-12,TMAX,89
CHM00052983,2014-10-21,TMAX,177
CHM00052983,2014-10-21,TMIN,12
CHM00052983,2007-01-22,TMIN,-113
CHM00056046,2012-10-06,TMAX,91
CHM00056046,2012-10-06,TMIN,8
CHM00056046,2011-08-03,TMAX,99
CHM00052983,2014-08-18,TMAX,278
CHM00056046,2011-08-03,TMIN,60
CHM00056046,2015-05-12,TMIN,-55
CHM00056080,2011-03-09,TMIN,-91
CHM00056046,2010-10-28,TMAX,67
CHM00056046,2012-02-16,TMIN,-99
CHM00056046,2010-10-28,TMIN,-22
CHM00056046,2012-02-16,TMAX,-1
CHM00056080,2011-03-09,TMAX,37
CHM00052889,2006-02-18,TMAX,15
CHM00052983,2007-10-06,TMAX,92
CHM00052983,2014-08-18,TMIN,92
CHM00052889,2006-02-18,TMIN,-146
CHM00056046,2015-01-12,TMAX,-138
CHM00056046,2015-01-12,TMIN,-338
CHM00052983,2007-10-03,TMAX,167
CHM00056080,2007-10-24,TMIN,-33
CHM00056046,2007-04-13,TMAX,50
CHM00056080,2007-10-24,TMAX,120
CHM00052983,2008-01-12,TMAX,-60
CHM00056080,2012-02-02,TMIN,-113
CHM00056080,2012-02-02,TMAX,-6
CHM00052889,2007-08-16,TMIN,187
CHM00052889,2007-08-16,TMAX,283
CHM00056046,2013-08-05,TMIN,14
CHM00056046,2007-04-13,TMIN,-42
CHM00056046,2015-05-12,TMAX,166
CHM00056046,2015-05-10,TMAX,93
CHM00056080,2014-04-22,TMIN,-20
CHM00056080,2007-04-15,TMAX,135
CHM00056080,2007-10-22,TMAX,121
CHM00056046,2012-12-05,TMIN,-207
CHM00056080,2007-10-22,TMIN,-17
CHM00052983,2008-10-15,TMAX,198
CHM00052889,2008-01-12,TMAX,-35
CHM00056080,2012-01-31,TMIN,-201
CHM00052983,2012-11-24,TMIN,-94
CHM00056080,2012-01-31,TMAX,56
CHM00052983,2008-11-11,TMAX,111
CHM00056046,2012-07-24,TMIN,56
CHM00056046,2006-06-06,TMIN,66
CHM00052889,2008-01-12,TMIN,-64
CHM00056046,2007-02-05,TMAX,36
CHM00056046,2012-07-24,TMAX,165
CHM00052983,2013-12-03,TMIN,-84
CHM00052983,2014-06-09,TMAX,215
CHM00052983,2014-06-09,TMIN,135
CHM00052983,2013-12-03,TMAX,97
CHM00056080,2006-06-28,TMAX,227
CHM00052983,2012-11-24,TMAX,2
CHM00056046,2014-02-03,TMAX,52
CHM00052983,2010-04-07,TMAX,147
CHM00056046,2007-02-05,TMIN,-201
CHM00052983,2012-12-16,TMIN,-105
CHM00056046,2012-12-05,TMAX,5
CHM00052983,2012-12-16,TMAX,23
CHM00056046,2015-06-04,TMIN,18
CHM00056046,2014-05-11,TMIN,-88
CHM00052983,2014-01-23,TMIN,-97
CHM00052983,2009-09-09,TMAX,161
CHM00052889,2006-04-07,TMAX,217
CHM00056046,2012-01-26,TMAX,6
CHM00056046,2012-01-26,TMIN,-200
CHM00056080,2015-10-22,TMIN,5
CHM00056080,2009-01-22,TMAX,65
CHM00056080,2009-01-22,TMIN,-143
CHM00056046,2008-07-28,TMIN,54
CHM00056046,2008-07-28,TMAX,209
CHM00056046,2007-01-10,TMAX,11
CHM00056046,2007-01-10,TMIN,-241
CHM00052889,2006-04-07,TMIN,-3
CHM00056080,2012-05-19,TMIN,7
CHM00056046,2008-06-27,TMAX,153
CHM00052983,2007-08-08,TMAX,201
CHM00052983,2013-03-05,TMAX,184
CHM00052983,2013-03-05,TMIN,-47
CHM00056046,2008-06-27,TMIN,-10
CHM00056080,2012-05-19,TMAX,246
CHM00056046,2006-06-06,TMAX,172
CHM00052983,2007-04-15,TMAX,135
CHM00056046,2014-02-03,TMIN,-184
CHM00052983,2009-10-17,TMAX,157
CHM00052983,2010-08-30,TMAX,183
CHM00056080,2010-12-17,TMIN,-213
CHM00056080,2013-04-12,TMAX,108
CHM00056080,2013-04-12,TMIN,-36
CHM00052983,2011-01-23,TMIN,-173
CHM00056046,2015-02-13,TMIN,-197
CHM00056046,2013-06-26,TMIN,8
CHM00056046,2015-02-13,TMAX,29
CHM00052983,2010-12-11,TMAX,39
CHM00052983,2008-01-02,TMIN,-133
CHM00056046,2005-04-08,TMAX,91
CHM00052983,2010-12-11,TMIN,-121
CHM00056046,2005-04-08,TMIN,-30
CHM00052983,2012-04-03,TMAX,163
CHM00052983,2008-01-02,TMAX,-29
CHM00052983,2012-04-03,TMIN,-24
CHM00056046,2009-01-31,TMIN,-125
CHM00056046,2008-03-07,TMAX,-7
CHM00056080,2012-01-26,TMAX,38
CHM00056080,2012-01-26,TMIN,-180
CHM00052983,2011-10-02,TMIN,33
CHM00052983,2011-10-02,TMAX,149
CHM00052983,2013-03-24,TMIN,8
CHM00052983,2013-03-24,TMAX,180
CHM00052983,2008-03-27,TMAX,176
CHM00056046,2014-05-11,TMAX,124
CHM00056080,2010-12-17,TMAX,77
CHM00052983,2006-01-16,TMIN,-123
CHM00052889,2006-04-24,TMAX,214
CHM00052983,2006-02-01,TMIN,-83
CHM00052983,2006-01-19,TMIN,-63
CHM00056080,2006-06-28,TMIN,99
CHM00052983,2013-01-31,TMAX,85
CHM00056080,2006-03-31,TMIN,-56
CHM00052983,2007-02-19,TMAX,90
CHM00052983,2007-02-19,TMIN,-79
CHM00056080,2007-01-10,TMAX,37
CHM00056080,2007-01-10,TMIN,-190
CHM00052983,2006-02-01,TMAX,86
CHM00056046,2009-01-31,TMAX,46
CHM00056080,2006-03-31,TMAX,137
CHM00056046,2008-03-10,TMAX,39
CHM00052983,2008-03-27,TMIN,7
CHM00056046,2008-03-10,TMIN,-126
CHM00052983,2006-01-19,TMAX,-35
CHM00056080,2008-08-10,TMAX,203
CHM00056080,2008-08-10,TMIN,58
CHM00052983,2011-01-23,TMAX,-12
CHM00052983,2014-08-23,TMAX,221
CHM00052889,2006-12-30,TMIN,-142
CHM00052889,2006-12-30,TMAX,25
CHM00052983,2007-02-27,TMAX,114
CHM00056046,2012-06-24,TMIN,54
CHM00056046,2012-06-24,TMAX,137
CHM00052889,2006-06-08,TMIN,127
CHM00052983,2013-09-26,TMIN,34
CHM00056046,2008-07-16,TMAX,174
CHM00056046,2007-06-15,TMAX,148
CHM00056080,2005-01-07,TMIN,-127
CHM00052889,2007-02-11,TMIN,-38
CHM00056080,2015-12-31,TMAX,68
CHM00052983,2015-01-17,TMAX,-8
CHM00056046,2007-06-15,TMIN,5
CHM00056046,2008-07-16,TMIN,70
CHM00052983,2013-01-23,TMAX,14
CHM00052983,2013-01-23,TMIN,-155
CHM00052889,2007-02-11,TMAX,128
CHM00056080,2006-04-09,TMAX,140
CHM00052889,2007-03-23,TMIN,48
CHM00056080,2006-04-09,TMIN,-34
CHM00056080,2010-12-10,TMAX,63
CHM00052983,2013-02-17,TMAX,31
CHM00056080,2014-11-04,TMIN,-72
CHM00056046,2011-07-21,TMIN,18
CHM00052889,2007-03-23,TMAX,156
CHM00056046,2011-07-21,TMAX,197
CHM00052983,2009-06-07,TMAX,214
CHM00056080,2010-12-10,TMIN,-169
CHM00056080,2006-04-24,TMAX,108
CHM00052983,2010-02-25,TMAX,141
CHM00056080,2005-01-07,TMAX,-51
CHM00052983,2006-01-28,TMIN,-83
CHM00056080,2012-12-07,TMIN,-113
CHM00052889,2005-03-27,TMIN,-9
CHM00052889,2005-03-27,TMAX,187
CHM00056080,2012-12-07,TMAX,63
CHM00056046,2011-05-22,TMAX,117
CHM00056046,2011-05-22,TMIN,-6
CHM00056080,2008-12-16,TMAX,79
CHM00052983,2011-03-16,TMIN,-108
CHM00056080,2006-03-28,TMAX,110
CHM00056080,2006-03-28,TMIN,-82
CHM00056080,2014-07-22,TMAX,179
CHM00056080,2015-02-13,TMIN,-153
CHM00056080,2010-11-01,TMAX,39
CHM00056080,2015-02-13,TMAX,99
CHM00056080,2009-11-12,TMAX,71
CHM00056080,2010-11-01,TMIN,-10
CHM00052983,2015-01-07,TMIN,-107
CHM00052983,2015-01-07,TMAX,-3
CHM00056046,2006-12-30,TMIN,-241
CHM00056046,2006-12-30,TMAX,-58
CHM00052983,2006-01-28,TMAX,102
CHM00052983,2013-02-17,TMIN,-87
CHM00056080,2015-12-31,TMIN,-181
CHM00056080,2006-04-24,TMIN,-9
CHM00056046,2011-01-12,TMAX,-25
CHM00052983,2010-02-25,TMIN,-46
CHM00052983,2009-10-16,TMIN,9
CHM00056080,2015-01-23,TMAX,97
CHM00052983,2008-08-07,TMIN,158
CHM00056046,2006-04-24,TMAX,85
CHM00052889,2005-03-24,TMIN,-47
CHM00056080,2015-01-23,TMIN,-144
CHM00056080,2013-02-02,TMIN,-114
CHM00052983,2009-10-29,TMIN,-8
CHM00052983,2008-08-07,TMAX,228
CHM00056080,2013-02-02,TMAX,75
CHM00052983,2009-10-29,TMAX,180
CHM00052889,2007-10-28,TMAX,104
CHM00052889,2005-07-11,TMAX,303
CHM00052889,2005-07-11,TMIN,94
CHM00052983,2010-12-24,TMAX,-46
CHM00052983,2013-12-07,TMIN,-84
CHM00056080,2009-04-28,TMAX,177
CHM00056080,2009-04-28,TMIN,-13
CHM00052889,2007-10-28,TMIN,35
CHM00052983,2013-12-07,TMAX,58
CHM00052983,2010-06-21,TMAX,264
CHM00052983,2006-04-09,TMIN,-1
CHM00052983,2006-04-09,TMAX,217
CHM00052889,2006-06-08,TMAX,262
CHM00056046,2007-10-22,TMIN,-85
CHM00052983,2009-10-16,TMAX,162
CHM00056046,2006-04-24,TMIN,-27
CHM00056080,2006-04-07,TMAX,151
CHM00056080,2014-11-04,TMAX,61
CHM00056080,2008-01-05,TMIN,-173
CHM00052983,2012-11-21,TMIN,-45
CHM00052983,2012-11-21,TMAX,89
CHM00056080,2008-01-05,TMAX,85
CHM00056046,2014-08-14,TMAX,154
CHM00056080,2006-04-07,TMIN,-53
CHM00056046,2011-11-02,TMAX,36
CHM00056046,2011-11-02,TMIN,-53
CHM00056046,2013-11-23,TMAX,-30
CHM00052889,2005-03-24,TMAX,126
CHM00056046,2011-04-17,TMIN,-53
CHM00056046,2012-04-10,TMIN,-91
CHM00056046,2012-04-10,TMAX,54
CHM00056046,2011-04-17,TMAX,63
CHM00056046,2014-08-14,TMIN,3
CHM00056080,2010-11-06,TMIN,-62
CHM00056080,2010-11-06,TMAX,79
CHM00056046,2007-10-22,TMAX,65
CHM00052983,2010-04-26,TMIN,-9
CHM00052983,2010-04-26,TMAX,154
CHM00052983,2013-11-11,TMIN,14
CHM00056046,2005-09-30,TMAX,166
CHM00056046,2005-09-30,TMIN,21
CHM00056046,2009-03-30,TMAX,34
CHM00056046,2011-01-12,TMIN,-215
CHM00056080,2015-06-04,TMAX,175
CHM00052983,2008-09-19,TMAX,246
CHM00056046,2011-07-29,TMAX,185
CHM00052983,2008-09-19,TMIN,97
CHM00056046,2011-07-29,TMIN,80
CHM00052983,2007-03-24,TMIN,18
CHM00052983,2007-03-24,TMAX,121
CHM00052983,2015-06-05,TMIN,64
CHM00056046,2008-12-10,TMAX,23
CHM00052983,2015-06-05,TMAX,258
CHM00052983,2008-09-07,TMAX,194
CHM00056046,2011-04-12,TMIN,-65
CHM00056080,2007-12-10,TMAX,103
CHM00052983,2011-04-06,TMAX,76
CHM00056080,2007-12-10,TMIN,-137
CHM00056080,2012-12-05,TMAX,55
CHM00052983,2007-10-14,TMAX,115
CHM00056046,2013-11-18,TMAX,16
CHM00052983,2014-07-18,TMIN,154
CHM00056080,2012-08-12,TMAX,241
CHM00056080,2012-08-12,TMIN,134
CHM00052983,2008-09-07,TMIN,74
CHM00052983,2014-07-18,TMAX,272
CHM00056080,2012-12-05,TMIN,-120
CHM00052889,2006-04-22,TMAX,225
CHM00056080,2010-10-28,TMAX,47
CHM00056046,2008-10-29,TMIN,-153
CHM00056080,2011-04-16,TMIN,-44
CHM00056046,2012-12-07,TMIN,-228
CHM00056046,2012-12-07,TMAX,5
CHM00052983,2011-02-04,TMIN,-111
CHM00052983,2010-04-25,TMAX,63
CHM00052983,2011-10-25,TMAX,77
CHM00056046,2011-04-12,TMAX,112
CHM00056080,2013-09-21,TMAX,192
CHM00052983,2014-05-10,TMAX,82
CHM00056080,2013-09-21,TMIN,25
CHM00052983,2007-09-10,TMAX,218
CHM00056080,2007-03-08,TMAX,1
CHM00056046,2015-10-11,TMIN,-66
CHM00056080,2007-03-08,TMIN,-179
CHM00052983,2007-09-10,TMIN,126
CHM00052983,2006-05-21,TMAX,167
CHM00056080,2008-09-09,TMIN,12
CHM00056080,2013-03-02,TMAX,55
CHM00056046,2008-12-10,TMIN,-118
CHM00056046,2008-10-29,TMAX,-13
CHM00056080,2008-09-09,TMAX,95
CHM00052889,2006-04-22,TMIN,30
CHM00052983,2009-07-26,TMAX,190
CHM00056046,2013-01-06,TMAX,-24
CHM00056046,2013-11-18,TMIN,-179
CHM00056046,2010-11-06,TMIN,-69
CHM00056046,2010-11-06,TMAX,53
CHM00052983,2007-04-07,TMAX,157
CHM00052889,2008-05-10,TMAX,261
CHM00056080,2007-09-04,TMAX,174
CHM00052983,2011-02-04,TMAX,97
CHM00056080,2008-03-10,TMAX,115
CHM00056080,2008-03-10,TMIN,-61
CHM00052889,2005-10-16,TMAX,185
CHM00052889,2008-05-10,TMIN,117
CHM00052889,2005-10-16,TMIN,-22
CHM00056080,2009-05-03,TMAX,196
CHM00052889,2005-01-01,TMIN,-183
CHM00056080,2009-05-03,TMIN,-31
CHM00052889,2005-01-01,TMAX,-30
CHM00056046,2010-03-30,TMAX,58
CHM00056080,2014-10-08,TMAX,153
CHM00056046,2010-03-30,TMIN,-88
CHM00056080,2010-04-21,TMAX,63
CHM00056080,2010-04-21,TMIN,-29
CHM00052983,2010-04-22,TMAX,109
CHM00056046,2006-02-01,TMIN,-162
CHM00056046,2006-02-01,TMAX,90
CHM00056080,2011-02-27,TMAX,128
CHM00056080,2009-10-13,TMIN,-6
CHM00056080,2006-02-01,TMAX,153
CHM00052983,2011-12-13,TMIN,-139
CHM00056080,2006-02-01,TMIN,-108
CHM00056080,2007-09-04,TMIN,35
CHM00052983,2006-03-28,TMAX,150
CHM00052983,2007-04-07,TMIN,-18
CHM00056080,2010-10-28,TMIN,-18
CHM00052983,2006-03-28,TMIN,-28
CHM00052983,2010-12-18,TMIN,-134
CHM00056046,2012-11-19,TMIN,-138
CHM00052983,2010-12-18,TMAX,22
CHM00056046,2012-11-19,TMAX,74
CHM00056080,2009-10-13,TMAX,92
CHM00056046,2009-11-12,TMAX,18
CHM00056046,2009-11-12,TMIN,-125
CHM00052983,2006-05-03,TMIN,122
CHM00052983,2012-02-29,TMIN,-57
CHM00052983,2012-02-29,TMAX,77
CHM00052983,2012-02-28,TMAX,37
CHM00052983,2006-05-03,TMAX,238
CHM00052983,2007-02-03,TMAX,91
CHM00052983,2007-02-03,TMIN,-101
CHM00052983,2011-07-15,TMAX,300
CHM00052983,2011-07-15,TMIN,94
CHM00052983,2010-08-28,TMAX,276
CHM00052983,2010-08-28,TMIN,87
CHM00056080,2013-04-27,TMIN,-6
CHM00056080,2013-04-27,TMAX,216
CHM00052983,2013-09-11,TMIN,46
CHM00052983,2013-09-11,TMAX,236
CHM00056046,2009-10-03,TMAX,83
CHM00056046,2005-03-24,TMAX,-15
CHM00056046,2005-07-11,TMAX,105
CHM00056080,2014-04-20,TMAX,60
CHM00056046,2005-07-11,TMIN,33
CHM00056046,2010-03-17,TMAX,67
CHM00056046,2007-03-08,TMAX,5
CHM00056046,2007-03-08,TMIN,-170
CHM00056080,2013-01-25,TMAX,2
CHM00056046,2006-03-31,TMIN,-102
CHM00056080,2008-07-14,TMIN,80
CHM00056046,2006-03-31,TMAX,53
CHM00056080,2011-10-12,TMAX,125
CHM00056080,2011-10-12,TMIN,-5
CHM00056080,2010-11-29,TMIN,-134
CHM00056080,2010-11-29,TMAX,51
CHM00052983,2014-12-04,TMIN,-122
CHM00056080,2015-10-11,TMIN,-43
CHM00052983,2014-12-04,TMAX,30
CHM00056080,2012-11-01,TMAX,79
CHM00056080,2005-04-08,TMAX,38
CHM00056046,2012-08-12,TMAX,234
CHM00056046,2012-08-12,TMIN,72
CHM00056080,2005-04-08,TMIN,-38
CHM00056080,2010-03-17,TMAX,147
CHM00056046,2010-03-17,TMIN,-128
CHM00056046,2005-03-24,TMIN,-113
CHM00056046,2008-07-14,TMAX,103
CHM00056080,2007-06-14,TMAX,224
CHM00056080,2007-06-14,TMIN,42
CHM00056080,2011-02-27,TMIN,-49
CHM00056046,2008-11-21,TMAX,67
CHM00052983,2009-10-17,TMIN,-6
CHM00052983,2015-05-29,TMIN,65
CHM00052889,2007-08-27,TMAX,225
CHM00056046,2008-01-04,TMIN,-128
CHM00056046,2008-11-21,TMIN,-68
CHM00056080,2012-11-01,TMIN,-65
CHM00052983,2015-11-30,TMIN,-60
CHM00052889,2007-08-27,TMIN,160
CHM00052983,2015-11-30,TMAX,100
CHM00056046,2008-01-04,TMAX,3
CHM00052983,2015-05-29,TMAX,214
CHM00056080,2005-01-02,TMIN,-141
CHM00056080,2005-01-02,TMAX,132
CHM00052889,2006-04-24,TMIN,26
CHM00056080,2012-06-24,TMAX,186
CHM00056080,2012-06-24,TMIN,80
CHM00056080,2006-06-08,TMIN,80
CHM00056080,2006-06-08,TMAX,176
CHM00056080,2010-03-17,TMIN,-77
CHM00056046,2008-07-14,TMIN,39
CHM00056046,2008-03-07,TMIN,-170
CHM00056046,2012-10-13,TMIN,-14
CHM00052983,2007-10-29,TMIN,-23
CHM00052983,2007-04-13,TMAX,147
CHM00056080,2014-03-21,TMIN,-106
CHM00056046,2012-03-23,TMAX,34
CHM00056046,2006-04-07,TMIN,-90
CHM00052983,2005-06-28,TMIN,84
CHM00056046,2011-12-13,TMAX,-35
CHM00056046,2006-04-07,TMAX,52
CHM00056046,2014-08-15,TMAX,128
CHM00052983,2008-05-03,TMIN,34
CHM00052983,2008-05-03,TMAX,154
CHM00056046,2011-12-13,TMIN,-231
CHM00052983,2005-06-28,TMAX,285
CHM00052983,2008-12-16,TMIN,-108
CHM00052983,2008-12-16,TMAX,30
CHM00056046,2010-04-21,TMAX,80
CHM00056046,2010-04-21,TMIN,-59
CHM00056046,2006-03-15,TMIN,-67
CHM00056046,2006-03-15,TMAX,53
CHM00056046,2009-10-03,TMIN,-16
CHM00052889,2006-05-16,TMAX,268
CHM00052889,2006-05-16,TMIN,50
CHM00056046,2014-08-15,TMIN,39
CHM00056080,2014-08-23,TMAX,176
CHM00052983,2009-12-02,TMAX,42
CHM00056046,2012-10-13,TMAX,76
CHM00056080,2014-03-21,TMAX,117
CHM00052983,2012-01-27,TMAX,-26
CHM00056080,2005-07-11,TMAX,187
CHM00052983,2014-02-01,TMAX,123
CHM00056080,2006-03-15,TMIN,-99
CHM00056080,2006-03-15,TMAX,63
CHM00052983,2007-10-29,TMAX,111
CHM00056080,2005-07-11,TMIN,35
CHM00052983,2012-12-01,TMAX,56
CHM00056080,2006-06-06,TMAX,170
CHM00056080,2006-06-06,TMIN,77
CHM00056080,2012-07-26,TMAX,227
CHM00056080,2012-07-26,TMIN,121
CHM00056046,2006-06-08,TMIN,59
CHM00056080,2008-07-14,TMAX,123
CHM00056046,2006-06-08,TMAX,153
CHM00056046,2012-01-31,TMAX,5
CHM00056046,2012-01-31,TMIN,-230
CHM00052983,2014-02-01,TMIN,-72
CHM00052983,2012-02-24,TMAX,-30
CHM00052983,2011-12-13,TMAX,0
CHM00052983,2008-06-02,TMIN,71
CHM00052983,2012-01-27,TMIN,-162
CHM00052983,2008-06-02,TMAX,268
CHM00056080,2011-04-16,TMAX,141
CHM00056046,2012-03-23,TMIN,-74
CHM00052983,2015-02-22,TMIN,-41
CHM00056046,2009-03-30,TMIN,-138
CHM00052983,2006-06-24,TMIN,93
CHM00052889,2006-03-31,TMAX,163
CHM00052983,2012-10-17,TMIN,-23
CHM00056080,2008-11-28,TMIN,-131
CHM00056080,2011-01-05,TMAX,4
CHM00056046,2010-05-26,TMAX,102
CHM00056046,2010-05-26,TMIN,11
CHM00052889,2006-03-31,TMIN,-16
CHM00056080,2009-03-03,TMAX,43
CHM00056080,2006-06-24,TMAX,212
CHM00056080,2008-11-28,TMAX,36
CHM00052983,2012-10-17,TMAX,150
CHM00056080,2006-06-24,TMIN,32
CHM00056080,2009-03-03,TMIN,-90
CHM00052889,2005-10-04,TMAX,206
CHM00056046,2010-12-24,TMAX,-46
CHM00052983,2010-06-20,TMAX,264
CHM00052983,2010-06-20,TMIN,93
CHM00056080,2010-10-27,TMAX,96
CHM00052983,2009-10-23,TMAX,153
CHM00056080,2010-10-27,TMIN,-35
CHM00056080,2008-02-16,TMIN,-201
CHM00056080,2008-02-16,TMAX,4
CHM00056080,2011-01-05,TMIN,-153
CHM00056046,2007-12-10,TMIN,-190
CHM00056046,2007-12-10,TMAX,5
CHM00056080,2008-07-16,TMIN,70
CHM00056080,2012-10-14,TMAX,148
CHM00056046,2006-06-24,TMAX,145
CHM00056046,2006-06-24,TMIN,11
CHM00056080,2009-02-15,TMIN,-81
CHM00056080,2008-10-12,TMIN,29
CHM00056080,2009-02-15,TMAX,57
CHM00052983,2009-05-03,TMIN,23
CHM00056080,2005-03-15,TMAX,130
CHM00056080,2005-03-15,TMIN,-36
CHM00052983,2009-05-03,TMAX,241
CHM00056046,2008-05-01,TMIN,-35
CHM00056046,2005-07-23,TMIN,84
CHM00056046,2005-07-23,TMAX,135
CHM00052983,2015-10-28,TMAX,81
CHM00052983,2015-10-28,TMIN,-6
CHM00056046,2012-08-07,TMIN,83
CHM00056046,2012-08-07,TMAX,201
CHM00056046,2008-05-01,TMAX,98
CHM00056080,2012-10-14,TMIN,10
CHM00056080,2005-05-13,TMIN,38
CHM00056080,2010-06-23,TMAX,217
CHM00056080,2010-06-23,TMIN,88
CHM00056080,2008-10-12,TMAX,127
CHM00056046,2010-12-24,TMIN,-146
CHM00052889,2007-10-24,TMIN,24
CHM00052983,2009-10-23,TMIN,-4
CHM00056080,2007-02-11,TMIN,-151
CHM00056080,2012-11-19,TMIN,-85
CHM00052983,2012-10-07,TMAX,179
CHM00052983,2015-11-01,TMIN,-58
CHM00056046,2007-06-14,TMAX,158
CHM00056046,2015-11-05,TMAX,79
CHM00052983,2009-09-24,TMIN,51
CHM00056046,2010-04-02,TMAX,35
CHM00052983,2012-10-07,TMIN,47
CHM00052889,2008-07-26,TMAX,350
CHM00056046,2007-06-14,TMIN,-16
CHM00052983,2011-06-16,TMAX,199
CHM00052889,2008-07-26,TMIN,209
CHM00056046,2010-04-03,TMIN,-83
CHM00056046,2010-04-03,TMAX,69
CHM00056080,2005-03-27,TMIN,-32
CHM00056080,2005-03-27,TMAX,85
CHM00056080,2010-03-30,TMAX,68
CHM00052983,2012-12-09,TMAX,49
CHM00056080,2012-11-19,TMAX,85
CHM00052889,2008-12-02,TMIN,-29
CHM00052889,2008-12-02,TMAX,82
CHM00056046,2012-05-22,TMIN,12
CHM00056046,2012-05-22,TMAX,140
CHM00056046,2014-03-24,TMIN,-88
CHM00056080,2014-01-31,TMAX,124
CHM00052983,2011-08-06,TMIN,95
CHM00056046,2014-05-23,TMAX,148
CHM00056080,2007-02-11,TMAX,92
CHM00052889,2007-10-24,TMAX,120
CHM00052983,2011-12-17,TMAX,-4
CHM00056080,2008-07-16,TMAX,167
CHM00056080,2005-03-24,TMIN,-64
CHM00052889,2006-01-16,TMAX,26
CHM00052889,2006-01-16,TMIN,-150
CHM00056046,2015-05-05,TMAX,49
CHM00056080,2010-03-30,TMIN,-49
CHM00056046,2008-04-21,TMAX,74
CHM00056046,2008-04-21,TMIN,-22
CHM00052889,2008-01-08,TMIN,-68
CHM00056046,2013-12-15,TMAX,-92
CHM00056046,2008-01-16,TMIN,-158
CHM00056046,2008-01-16,TMAX,-24
CHM00056080,2005-03-24,TMAX,25
CHM00052889,2008-01-08,TMAX,61
CHM00056046,2010-04-02,TMIN,-94
CHM00056080,2012-10-09,TMAX,107
CHM00056080,2012-10-09,TMIN,14
CHM00052889,2005-10-04,TMIN,22
CHM00052983,2009-09-24,TMAX,244
CHM00052983,2015-02-06,TMAX,-10
CHM00052983,2011-08-06,TMAX,299
CHM00056046,2010-12-17,TMIN,-238
CHM00056046,2013-06-05,TMAX,161
CHM00056046,2010-12-17,TMAX,15
CHM00052983,2009-02-12,TMAX,55
CHM00052983,2015-01-12,TMAX,98
CHM00056046,2010-12-18,TMAX,29
CHM00056080,2012-04-03,TMAX,165
CHM00056046,2010-12-18,TMIN,-199
CHM00056046,2005-03-15,TMAX,110
CHM00056046,2005-07-14,TMIN,32
CHM00052983,2007-02-25,TMAX,155
CHM00052889,2006-10-13,TMAX,238
CHM00056080,2012-04-03,TMIN,-53
CHM00056080,2008-10-19,TMAX,135
CHM00056046,2011-05-20,TMIN,-1
CHM00056046,2005-03-15,TMIN,-68
CHM00056046,2005-07-14,TMAX,173
CHM00052983,2007-02-25,TMIN,-56
CHM00056046,2011-05-20,TMAX,135
CHM00056080,2012-10-13,TMIN,5
CHM00056080,2007-09-10,TMAX,147
CHM00056080,2009-06-05,TMAX,182
CHM00056046,2014-06-08,TMIN,47
CHM00052889,2006-07-10,TMIN,89
CHM00052889,2006-07-10,TMAX,186
CHM00056080,2012-10-13,TMAX,104
CHM00052983,2015-11-25,TMIN,-69
CHM00056080,2007-09-10,TMIN,64
CHM00052983,2015-11-25,TMAX,46
CHM00052983,2008-02-20,TMIN,-106
CHM00056080,2007-04-15,TMIN,-43
CHM00056046,2007-02-19,TMAX,-54
CHM00056046,2007-02-19,TMIN,-209
CHM00052983,2011-01-05,TMAX,-88
CHM00056046,2005-10-07,TMIN,-56
CHM00052983,2006-10-13,TMAX,217
CHM00056046,2005-10-07,TMAX,100
CHM00052889,2007-02-03,TMAX,103
CHM00052889,2007-02-03,TMIN,-65
CHM00056080,2011-07-19,TMAX,242
CHM00056080,2011-07-19,TMIN,48
CHM00056080,2010-04-03,TMIN,-37
CHM00052983,2006-12-27,TMAX,31
CHM00056080,2010-04-03,TMAX,124
CHM00056046,2008-05-14,TMIN,-32
CHM00056046,2008-05-14,TMAX,112
CHM00056046,2014-11-09,TMAX,100
CHM00052983,2006-12-27,TMIN,-119
CHM00052983,2005-05-29,TMAX,215
CHM00052983,2005-05-29,TMIN,116
CHM00052983,2015-01-12,TMIN,-114
CHM00052889,2006-10-13,TMIN,21
CHM00052983,2010-02-26,TMAX,150
CHM00052983,2008-02-20,TMAX,62
CHM00056046,2007-08-08,TMAX,196
CHM00056080,2009-06-05,TMIN,16
CHM00056046,2012-06-29,TMIN,91
CHM00052983,2006-02-18,TMIN,-163
CHM00056046,2011-10-07,TMAX,155
CHM00056046,2011-10-07,TMIN,-46
CHM00056046,2011-06-08,TMIN,20
CHM00056046,2011-06-08,TMAX,139
CHM00056046,2005-01-07,TMAX,-16
CHM00056046,2005-01-07,TMIN,-146
CHM00056080,2012-03-23,TMIN,-122
CHM00052983,2009-06-01,TMIN,82
CHM00052983,2009-06-01,TMAX,242
CHM00056080,2012-03-23,TMAX,30
CHM00056080,2014-07-25,TMAX,256
CHM00052983,2009-09-16,TMAX,189
CHM00056080,2005-05-13,TMAX,153
CHM00056080,2014-01-31,TMIN,-115
CHM00052983,2011-05-22,TMIN,13
CHM00052983,2011-05-22,TMAX,190
CHM00056080,2012-07-07,TMIN,102
CHM00056080,2012-07-07,TMAX,212
CHM00056046,2014-03-01,TMAX,17
CHM00056046,2010-11-01,TMAX,53
CHM00052983,2009-09-16,TMIN,88
CHM00056046,2010-11-01,TMIN,-33
CHM00056080,2014-07-25,TMIN,52
CHM00052983,2012-11-27,TMAX,16
CHM00052983,2006-02-18,TMAX,1
CHM00056046,2010-12-10,TMAX,28
CHM00056046,2012-06-29,TMAX,172
CHM00056046,2014-06-08,TMAX,141
CHM00052983,2010-11-11,TMIN,-55
CHM00056080,2008-10-19,TMIN,10
CHM00056046,2015-01-06,TMAX,-79
CHM00052983,2010-02-26,TMIN,-10
CHM00052983,2006-03-15,TMIN,-85
CHM00056080,2014-05-11,TMIN,-27
CHM00056080,2014-05-11,TMAX,178
CHM00052983,2006-03-15,TMAX,92
CHM00056080,2011-04-17,TMIN,-31
CHM00056080,2015-03-20,TMAX,58
CHM00052889,2006-10-21,TMAX,174
CHM00052889,2006-10-21,TMIN,42
CHM00056080,2011-04-17,TMAX,103
CHM00056080,2013-11-23,TMAX,-55
CHM00056080,2005-07-23,TMIN,55
CHM00052983,2010-11-11,TMAX,105
CHM00056046,2008-01-10,TMAX,51
CHM00056046,2008-01-10,TMIN,-138
CHM00056080,2005-07-23,TMAX,215
CHM00056080,2007-02-19,TMAX,14
CHM00056080,2007-02-19,TMIN,-144
CHM00056046,2010-12-10,TMIN,-222
CHM00056046,2007-08-08,TMIN,98
CHM00052983,2007-09-03,TMAX,206
CHM00056080,2005-06-23,TMIN,83
CHM00056046,2014-04-06,TMIN,-67
CHM00056046,2015-02-11,TMIN,-191
CHM00052983,2006-10-22,TMIN,12
CHM00052983,2006-10-22,TMAX,181
CHM00056080,2015-11-05,TMAX,135
CHM00052889,2005-04-08,TMAX,106
CHM00052889,2005-04-08,TMIN,19
CHM00056046,2015-02-11,TMAX,-10
CHM00056080,2006-03-08,TMIN,-107
CHM00052889,2007-09-26,TMAX,215
CHM00056046,2012-07-26,TMAX,182
CHM00056046,2012-07-26,TMIN,76
CHM00052983,2006-03-08,TMIN,-15
CHM00056046,2008-01-05,TMAX,28
CHM00056046,2008-01-05,TMIN,-224
CHM00056046,2009-04-29,TMIN,-21
CHM00056046,2009-04-29,TMAX,145
CHM00052983,2006-03-08,TMAX,152
CHM00056080,2015-01-06,TMAX,-14
CHM00056046,2008-10-12,TMAX,51
CHM00056080,2010-05-29,TMIN,50
CHM00056046,2008-02-16,TMIN,-230
CHM00056080,2010-05-29,TMAX,185
CHM00056046,2015-01-23,TMIN,-213
CHM00056046,2008-10-12,TMIN,-31
CHM00056046,2015-01-23,TMAX,36
CHM00056080,2006-03-08,TMAX,108
CHM00056080,2012-07-24,TMIN,103
CHM00056080,2011-10-07,TMAX,199
CHM00056080,2011-10-07,TMIN,-19
CHM00056080,2012-07-24,TMAX,191
CHM00052983,2006-06-28,TMIN,134
CHM00056046,2005-06-23,TMIN,60
CHM00056080,2013-04-02,TMAX,122
CHM00052983,2007-09-27,TMAX,91
CHM00056046,2009-01-22,TMAX,12
CHM00052983,2006-06-28,TMAX,285
CHM00056046,2009-01-22,TMIN,-111
CHM00052983,2005-05-31,TMAX,205
CHM00056046,2005-06-23,TMAX,146
CHM00052983,2011-07-13,TMAX,240
CHM00056080,2014-02-03,TMAX,125
CHM00056046,2006-04-09,TMAX,66
CHM00056080,2007-02-03,TMAX,72
CHM00052983,2012-10-19,TMIN,1
CHM00056046,2006-04-09,TMIN,-61
CHM00056080,2007-02-03,TMIN,-166
CHM00052983,2012-10-19,TMAX,172
CHM00056046,2015-10-07,TMIN,-17
CHM00056046,2015-10-07,TMAX,105
CHM00056046,2006-06-28,TMAX,178
CHM00052983,2014-03-23,TMAX,134
CHM00056046,2008-02-16,TMAX,-34
CHM00056080,2012-04-10,TMAX,147
CHM00056080,2006-12-30,TMAX,12
CHM00056080,2014-09-10,TMIN,103
CHM00052889,2005-07-14,TMIN,125
CHM00052889,2005-07-14,TMAX,353
CHM00052889,2008-02-20,TMAX,94
CHM00056080,2014-09-10,TMAX,173
CHM00052889,2008-02-20,TMIN,-56
CHM00056046,2009-05-03,TMIN,-56
CHM00056046,2006-03-28,TMAX,58
CHM00056046,2006-03-28,TMIN,-87
CHM00052983,2011-03-16,TMAX,107
CHM00052983,2013-07-23,TMIN,133
CHM00052983,2009-07-28,TMAX,305
CHM00056046,2013-09-21,TMAX,141
CHM00056080,2009-11-12,TMIN,-84
CHM00052983,2009-07-28,TMIN,96
CHM00052983,2015-02-22,TMAX,102
CHM00056046,2011-10-12,TMAX,99
CHM00056046,2011-10-12,TMIN,-42
CHM00056046,2013-09-21,TMIN,26
CHM00056046,2008-08-10,TMAX,160
CHM00056046,2008-08-10,TMIN,5
CHM00052983,2006-06-24,TMAX,303
CHM00056046,2009-05-03,TMAX,152
CHM00056080,2012-04-10,TMIN,-45
CHM00056046,2010-05-30,TMAX,163
CHM00056080,2011-10-21,TMIN,-23
CHM00056046,2009-04-28,TMAX,99
CHM00056046,2009-04-28,TMIN,-11
CHM00052983,2013-08-04,TMIN,109
CHM00056046,2012-07-07,TMIN,86
CHM00056080,2007-02-05,TMIN,-142
CHM00056046,2012-07-07,TMAX,143
CHM00056080,2007-02-05,TMAX,83
CHM00056046,2010-08-17,TMIN,84
CHM00056046,2010-08-17,TMAX,183
CHM00056080,2009-02-23,TMAX,90
CHM00052889,2007-01-16,TMIN,-102
CHM00052983,2013-11-28,TMIN,-115
CHM00052983,2013-11-28,TMAX,32
CHM00052889,2007-01-16,TMAX,2
CHM00056080,2009-02-23,TMIN,-112
CHM00056046,2006-06-28,TMIN,52
CHM00056080,2008-12-16,TMIN,-164
CHM00056080,2014-03-14,TMAX,103
CHM00052983,2012-08-04,TMAX,255
CHM00052983,2012-08-04,TMIN,163
CHM00056080,2011-10-21,TMAX,161
CHM00056080,2014-03-14,TMIN,-107
CHM00056046,2010-05-30,TMIN,41
CHM00056080,2006-12-30,TMIN,-171
CHM00052983,2006-01-15,TMAX,-5
CHM00056080,2008-04-21,TMIN,-48
CHM00056080,2008-04-21,TMAX,58
CHM00052889,2007-10-04,TMIN,142
CHM00056046,2008-09-12,TMIN,42
CHM00056046,2008-09-12,TMAX,106
CHM00052983,2010-09-02,TMIN,97
CHM00056080,2014-11-09,TMAX,100
CHM00056080,2014-11-09,TMIN,-7
CHM00052889,2007-03-08,TMAX,84
CHM00052889,2007-09-26,TMIN,110
CHM00052889,2005-07-23,TMIN,160
CHM00052889,2005-07-23,TMAX,321
CHM00052889,2008-02-14,TMIN,-134
CHM00052889,2008-02-14,TMAX,5
CHM00056046,2005-03-27,TMIN,-112
CHM00056046,2005-03-27,TMAX,17
CHM00052889,2007-03-08,TMIN,-16
CHM00052983,2009-05-31,TMAX,245
CHM00052889,2006-03-28,TMAX,161
CHM00052983,2009-05-31,TMIN,79
CHM00056046,2015-12-30,TMAX,-26
CHM00052983,2007-06-22,TMAX,218
CHM00052889,2006-03-28,TMIN,-45
CHM00056046,2010-07-07,TMIN,74
CHM00052983,2006-06-01,TMIN,121
CHM00052983,2006-06-08,TMAX,238
CHM00056046,2007-02-03,TMAX,7
CHM00052983,2010-09-02,TMAX,222
CHM00052983,2015-06-08,TMAX,263
CHM00052983,2012-12-09,TMIN,-119
CHM00056080,2005-06-23,TMAX,206
CHM00056046,2009-09-09,TMAX,194
CHM00056046,2009-09-09,TMIN,30
CHM00052983,2009-11-07,TMAX,180
CHM00052983,2007-09-03,TMIN,85
CHM00056046,2007-02-11,TMIN,-128
CHM00056046,2007-02-11,TMAX,37
CHM00056080,2013-07-19,TMIN,72
CHM00052889,2007-10-22,TMAX,170
CHM00052889,2007-10-22,TMIN,42
CHM00052889,2007-04-05,TMIN,24
CHM00052889,2007-10-04,TMAX,176
CHM00052889,2007-01-10,TMAX,23
CHM00052983,2009-11-07,TMIN,-21
CHM00052983,2008-02-25,TMAX,-8
CHM00052983,2015-06-08,TMIN,50
CHM00052889,2007-04-05,TMAX,170
CHM00052889,2007-01-10,TMIN,-105
CHM00052983,2015-06-09,TMIN,84
CHM00052983,2015-06-09,TMAX,266
CHM00056080,2010-08-17,TMIN,116
CHM00056080,2010-08-17,TMAX,220
CHM00052983,2014-09-06,TMAX,197
CHM00052983,2007-10-13,TMIN,40
CHM00056046,2007-02-03,TMIN,-244
CHM00056046,2006-01-16,TMIN,-107
CHM00056080,2008-07-28,TMAX,225
CHM00056046,2011-10-14,TMIN,-84
CHM00052983,2011-11-16,TMAX,80
CHM00056080,2014-07-17,TMAX,253
CHM00056080,2014-07-17,TMIN,68
CHM00056046,2015-10-22,TMIN,-38
CHM00056046,2011-10-14,TMAX,80
CHM00056080,2008-01-02,TMIN,-139
CHM00052983,2007-01-21,TMAX,-12
CHM00052983,2007-01-21,TMIN,-137
CHM00052983,2014-03-23,TMIN,-24
CHM00056046,2014-04-06,TMAX,72
CHM00052983,2010-12-14,TMIN,-158
CHM00052983,2010-12-14,TMAX,-26
CHM00056080,2010-12-14,TMIN,-170
CHM00052889,2007-09-16,TMIN,132
CHM00052889,2007-09-16,TMAX,225
CHM00052983,2014-07-11,TMAX,211
CHM00052983,2014-07-11,TMIN,116
CHM00056046,2015-12-30,TMIN,-200
CHM00052983,2007-10-13,TMAX,86
CHM00056080,2013-10-06,TMAX,148
CHM00056080,2013-10-06,TMIN,-9
CHM00052983,2011-11-16,TMIN,-29
CHM00056046,2006-01-16,TMAX,49
CHM00056080,2006-01-16,TMIN,-144
CHM00052889,2008-05-03,TMIN,71
CHM00056046,2010-07-07,TMAX,198
CHM00056080,2009-09-09,TMAX,241
CHM00056080,2009-09-09,TMIN,105
CHM00052983,2007-06-22,TMIN,80
CHM00052983,2006-06-01,TMAX,238
CHM00052889,2006-02-01,TMAX,88
CHM00052983,2014-09-06,TMIN,117
CHM00052889,2006-02-01,TMIN,-120
CHM00056046,2009-02-15,TMIN,-68
CHM00056046,2009-02-15,TMAX,61
CHM00056080,2007-08-08,TMAX,189
CHM00056046,2006-03-08,TMAX,52
CHM00056080,2009-10-03,TMIN,5
CHM00056080,2009-10-03,TMAX,113
CHM00056080,2007-08-08,TMIN,111
CHM00056046,2006-03-08,TMIN,-152
CHM00052983,2008-08-03,TMAX,281
CHM00052983,2008-08-03,TMIN,113
CHM00056080,2008-01-02,TMAX,90
CHM00056080,2010-12-14,TMAX,40
CHM00056080,2014-02-03,TMIN,-145
CHM00056080,2008-07-28,TMIN,83
CHM00052889,2008-05-03,TMAX,240
CHM00056080,2006-01-16,TMAX,101
CHM00056080,2014-08-21,TMAX,132
CHM00056046,2006-01-19,TMAX,36
CHM00056080,2011-08-03,TMAX,176
CHM00052983,2013-09-30,TMAX,167
CHM00052889,2008-01-14,TMAX,16
CHM00052889,2008-01-14,TMIN,-75
CHM00052889,2007-09-28,TMIN,86
CHM00052889,2007-09-28,TMAX,156
CHM00052983,2011-07-12,TMAX,253
CHM00056080,2008-07-17,TMIN,50
CHM00052983,2015-02-12,TMIN,-88
CHM00056080,2014-09-07,TMIN,93
CHM00056080,2014-09-07,TMAX,177
CHM00052983,2008-07-28,TMAX,290
CHM00056080,2008-07-17,TMAX,226
CHM00056046,2010-09-02,TMAX,142
CHM00056046,2010-09-02,TMIN,-18
CHM00056046,2011-01-06,TMAX,22
CHM00056046,2006-05-15,TMAX,75
CHM00056080,2012-03-17,TMAX,110
CHM00056080,2012-03-17,TMIN,-71
CHM00052889,2008-05-14,TMAX,286
CHM00056080,2014-01-06,TMAX,-48
CHM00056046,2006-05-15,TMIN,-63
CHM00052983,2009-11-08,TMIN,-10
CHM00052983,2011-07-12,TMIN,117
CHM00052983,2008-07-28,TMIN,148
CHM00052983,2011-10-17,TMIN,-3
CHM00052983,2009-04-28,TMAX,227
CHM00052889,2005-06-12,TMAX,319
CHM00056046,2009-05-20,TMAX,148
CHM00056046,2009-05-20,TMIN,-31
CHM00056080,2011-07-21,TMAX,234
CHM00056080,2014-07-21,TMAX,221
CHM00052983,2009-04-28,TMIN,18
CHM00052889,2007-09-27,TMAX,122
CHM00052983,2015-06-25,TMIN,104
CHM00052983,2013-09-29,TMIN,52
CHM00052983,2009-02-07,TMIN,-15
CHM00056046,2012-07-11,TMAX,135
CHM00052983,2013-06-02,TMIN,102
CHM00056046,2009-05-28,TMAX,88
CHM00056046,2009-05-28,TMIN,-8
CHM00056080,2011-03-18,TMAX,40
CHM00056080,2011-03-18,TMIN,-111
CHM00052889,2007-09-27,TMIN,97
CHM00056046,2009-10-30,TMIN,-62
CHM00056046,2009-10-30,TMAX,103
CHM00052983,2011-10-17,TMAX,183
CHM00056046,2012-07-11,TMIN,73
CHM00052983,2009-06-19,TMIN,112
CHM00052983,2009-06-19,TMAX,195
CHM00052983,2009-11-08,TMAX,157
CHM00056080,2011-04-19,TMIN,-43
CHM00056080,2011-04-19,TMAX,181
CHM00056080,2014-01-06,TMIN,-165
CHM00056080,2009-11-15,TMAX,16
CHM00056080,2009-11-15,TMIN,-69
CHM00056046,2008-05-20,TMIN,7
CHM00056046,2014-08-22,TMAX,76
CHM00056080,2015-05-26,TMAX,168
CHM00056080,2007-09-23,TMIN,84
CHM00056046,2014-08-22,TMIN,22
CHM00056080,2014-02-12,TMAX,-54
CHM00052889,2006-05-05,TMIN,142
CHM00052889,2006-05-05,TMAX,258
CHM00056080,2007-09-23,TMAX,214
CHM00056080,2010-10-07,TMIN,-38
CHM00056046,2008-05-20,TMAX,130
CHM00056046,2005-04-24,TMAX,95
CHM00056080,2010-10-07,TMAX,170
CHM00056046,2014-08-04,TMIN,86
CHM00056046,2014-08-04,TMAX,160
CHM00052889,2006-03-16,TMIN,-70
CHM00056046,2005-04-24,TMIN,-32
CHM00056080,2007-09-03,TMAX,123
CHM00056080,2007-09-03,TMIN,41
CHM00052889,2006-03-16,TMAX,132
CHM00052983,2007-01-09,TMAX,42
CHM00056080,2008-10-23,TMAX,117
CHM00052983,2011-10-14,TMAX,104
CHM00056080,2008-10-23,TMIN,-65
CHM00056046,2010-03-11,TMIN,-142
CHM00056046,2006-07-06,TMAX,156
CHM00056046,2006-07-06,TMIN,85
CHM00056080,2005-04-10,TMIN,-26
CHM00056080,2005-04-10,TMAX,46
CHM00056046,2015-02-03,TMIN,-191
CHM00052983,2008-06-25,TMIN,77
CHM00056046,2005-07-24,TMIN,73
CHM00056046,2005-07-24,TMAX,191
CHM00056080,2007-10-30,TMIN,-52
CHM00052889,2008-05-14,TMIN,125
CHM00056080,2007-10-30,TMAX,97
CHM00056046,2008-02-14,TMIN,-238
CHM00052983,2008-06-25,TMAX,294
CHM00056046,2015-02-03,TMAX,5
CHM00056080,2013-05-21,TMIN,19
CHM00056046,2010-09-05,TMIN,53
CHM00052889,2005-06-16,TMIN,140
CHM00052889,2005-06-16,TMAX,298
CHM00056046,2010-03-11,TMAX,72
CHM00056046,2010-09-05,TMAX,120
CHM00056080,2006-06-01,TMAX,178
CHM00056080,2009-10-06,TMIN,63
CHM00056080,2009-10-06,TMAX,99
CHM00056046,2008-02-14,TMAX,-47
CHM00052889,2005-06-22,TMAX,321
CHM00052889,2005-06-22,TMIN,107
CHM00052889,2005-10-14,TMIN,-10
CHM00052983,2007-04-03,TMAX,111
CHM00052983,2007-04-03,TMIN,-36
CHM00056080,2014-10-21,TMAX,115
CHM00052983,2009-02-09,TMAX,99
CHM00052983,2011-04-11,TMIN,17
CHM00056080,2015-01-17,TMAX,-16
CHM00056080,2014-10-21,TMIN,-26
CHM00052983,2009-02-09,TMIN,-64
CHM00056080,2005-03-14,TMAX,154
CHM00052983,2010-01-23,TMIN,-159
CHM00052983,2011-06-09,TMAX,218
CHM00056046,2006-01-20,TMIN,-120
CHM00056046,2006-01-20,TMAX,48
CHM00056046,2011-10-09,TMAX,114
CHM00056080,2009-03-27,TMIN,-63
CHM00056080,2005-03-14,TMIN,-51
CHM00056080,2011-06-11,TMAX,189
CHM00056080,2011-06-11,TMIN,50
CHM00056046,2010-07-23,TMIN,65
CHM00056046,2011-10-09,TMIN,9
CHM00052983,2010-01-23,TMAX,21
CHM00056080,2007-03-24,TMAX,83
CHM00056080,2007-03-24,TMIN,-20
CHM00052983,2011-04-11,TMAX,177
CHM00056080,2009-03-27,TMAX,28
CHM00052983,2015-02-19,TMAX,122
CHM00056046,2012-10-17,TMIN,-97
CHM00052983,2011-10-31,TMIN,22
CHM00052983,2012-11-01,TMIN,-30
CHM00052889,2008-11-21,TMAX,47
CHM00052889,2008-11-21,TMIN,-19
CHM00056046,2008-05-03,TMAX,96
CHM00052889,2008-03-07,TMAX,115
CHM00052889,2008-03-07,TMIN,43
CHM00056080,2012-07-05,TMIN,49
CHM00056080,2005-09-28,TMIN,76
CHM00056080,2005-09-28,TMAX,158
CHM00056046,2006-05-05,TMIN,-3
CHM00056046,2006-05-05,TMAX,118
CHM00052889,2006-05-01,TMAX,314
CHM00056046,2005-06-28,TMIN,11
CHM00056080,2013-04-29,TMIN,1
CHM00056080,2014-10-14,TMIN,-21
CHM00056080,2014-10-14,TMAX,152
CHM00056080,2007-02-02,TMAX,73
CHM00056080,2007-02-02,TMIN,-190
CHM00056080,2012-07-05,TMAX,237
CHM00056080,2008-12-25,TMIN,-163
CHM00056080,2008-12-25,TMAX,49
CHM00056046,2012-10-17,TMAX,98
CHM00052983,2015-02-19,TMIN,-33
CHM00056080,2014-04-15,TMAX,189
CHM00052983,2010-04-20,TMAX,69
CHM00056046,2015-06-29,TMIN,83
CHM00052983,2014-03-14,TMAX,150
CHM00056080,2005-07-24,TMIN,55
CHM00056080,2005-07-24,TMAX,244
CHM00056080,2015-06-14,TMAX,170
CHM00052983,2008-01-14,TMIN,-116
CHM00052983,2008-01-14,TMAX,-9
CHM00056080,2014-10-28,TMAX,103
CHM00052983,2008-05-07,TMAX,141
CHM00052983,2014-03-14,TMIN,-61
CHM00056080,2009-11-27,TMIN,-78
CHM00056080,2009-11-27,TMAX,-1
CHM00056080,2010-03-01,TMAX,143
CHM00056080,2010-03-01,TMIN,-50
CHM00052983,2015-11-09,TMIN,-24
CHM00056080,2011-07-21,TMIN,53
CHM00052983,2015-03-27,TMIN,22
CHM00056046,2010-04-26,TMAX,57
CHM00056046,2010-04-26,TMIN,-101
CHM00052983,2009-02-07,TMAX,32
CHM00052983,2015-02-10,TMAX,74
CHM00052983,2015-02-10,TMIN,-106
CHM00052889,2005-06-12,TMIN,92
CHM00052889,2005-10-14,TMAX,152
CHM00052983,2011-10-01,TMAX,141
CHM00056080,2008-08-06,TMAX,182
CHM00052889,2008-11-20,TMAX,82
CHM00052983,2015-02-17,TMIN,-70
CHM00056080,2009-10-30,TMIN,-39
CHM00056080,2009-10-30,TMAX,76
CHM00052983,2006-07-11,TMIN,85
CHM00056080,2010-01-25,TMIN,-106
CHM00056080,2005-04-07,TMAX,196
CHM00056080,2005-04-07,TMIN,-6
CHM00056046,2014-10-11,TMAX,98
CHM00052983,2006-07-11,TMAX,314
CHM00052983,2012-07-15,TMAX,290
CHM00056080,2013-11-20,TMIN,-132
CHM00056080,2010-01-25,TMAX,73
CHM00056080,2013-11-20,TMAX,72
CHM00056080,2008-08-06,TMIN,102
CHM00056080,2011-02-24,TMIN,-103
CHM00056080,2011-02-24,TMAX,125
CHM00056046,2010-07-23,TMAX,213
CHM00052983,2015-03-27,TMAX,179
CHM00056046,2006-12-22,TMIN,-216
CHM00052983,2011-11-11,TMAX,71
CHM00052983,2011-11-11,TMIN,-1
CHM00052983,2012-07-15,TMIN,110
CHM00052983,2015-02-17,TMAX,101
CHM00056046,2006-12-22,TMAX,7
CHM00052889,2008-11-20,TMIN,-29
CHM00056046,2015-05-26,TMIN,16
CHM00052983,2007-01-09,TMIN,-163
CHM00056080,2006-05-15,TMAX,146
CHM00052983,2010-11-14,TMIN,-58
CHM00056046,2008-07-17,TMIN,14
CHM00056080,2011-01-18,TMAX,11
CHM00056080,2011-01-18,TMIN,-176
CHM00052983,2010-11-06,TMAX,96
CHM00052983,2010-11-14,TMAX,87
CHM00056046,2008-07-17,TMAX,163
CHM00056080,2009-12-03,TMIN,-140
CHM00056080,2009-12-03,TMAX,74
CHM00056080,2006-05-23,TMIN,14
CHM00056046,2014-11-04,TMAX,37
CHM00056046,2005-05-31,TMAX,137
CHM00052889,2007-06-26,TMIN,176
CHM00052889,2007-06-26,TMAX,294
CHM00052983,2011-01-21,TMIN,-170
CHM00056046,2012-03-16,TMIN,-69
CHM00056080,2006-05-23,TMAX,166
CHM00056080,2007-03-13,TMIN,-46
CHM00052983,2013-06-21,TMAX,169
CHM00052889,2005-07-24,TMIN,144
CHM00052889,2005-07-24,TMAX,336
CHM00052983,2011-01-21,TMAX,-34
CHM00056046,2005-05-31,TMIN,49
CHM00052983,2010-08-20,TMIN,110
CHM00052983,2010-08-20,TMAX,216
CHM00056080,2006-07-11,TMAX,260
CHM00052983,2012-02-08,TMAX,-33
CHM00056046,2015-05-27,TMIN,33
CHM00056080,2007-12-13,TMAX,57
CHM00056046,2011-05-21,TMAX,65
CHM00052889,2007-06-21,TMAX,191
CHM00052983,2012-11-18,TMAX,79
CHM00056046,2015-05-27,TMAX,150
CHM00056046,2011-05-21,TMIN,-1
CHM00052983,2012-02-08,TMIN,-127
CHM00052983,2006-06-06,TMAX,181
CHM00056080,2012-09-13,TMIN,19
CHM00056080,2012-09-13,TMAX,147
CHM00052983,2009-05-14,TMAX,140
CHM00052983,2015-03-25,TMIN,-9
CHM00056080,2009-11-13,TMIN,-104
CHM00056046,2008-12-21,TMAX,61
CHM00056046,2009-10-11,TMAX,84
CHM00056080,2009-11-13,TMAX,120
CHM00056046,2008-12-21,TMIN,-100
CHM00056046,2009-10-11,TMIN,3
CHM00056080,2014-03-15,TMAX,124
CHM00056080,2006-07-11,TMIN,83
CHM00056046,2012-03-16,TMAX,-11
CHM00052983,2008-10-20,TMIN,15
CHM00052983,2008-10-20,TMAX,181
CHM00056046,2014-05-04,TMAX,73
CHM00056046,2010-10-09,TMAX,116
CHM00052983,2010-03-08,TMAX,-39
CHM00056046,2008-06-25,TMAX,133
CHM00056046,2008-06-25,TMIN,24
CHM00056046,2005-06-21,TMIN,22
CHM00056080,2009-06-23,TMAX,205
CHM00056046,2012-07-05,TMIN,15
CHM00056046,2005-05-24,TMAX,122
CHM00056046,2008-08-01,TMAX,123
CHM00056080,2005-10-04,TMIN,31
CHM00056080,2005-10-04,TMAX,149
CHM00052983,2012-07-07,TMIN,89
CHM00052983,2015-05-04,TMIN,55
CHM00052983,2012-07-07,TMAX,260
CHM00056046,2008-08-01,TMIN,41
CHM00052983,2008-01-10,TMAX,-32
CHM00056046,2011-05-15,TMAX,45
CHM00056046,2011-05-15,TMIN,-3
CHM00052983,2008-10-24,TMAX,115
CHM00052983,2008-10-24,TMIN,-20
CHM00056046,2012-07-05,TMAX,186
CHM00056046,2013-11-20,TMIN,-185
CHM00052983,2013-06-03,TMIN,104
CHM00056046,2009-12-03,TMIN,-157
CHM00056080,2005-07-20,TMIN,67
CHM00052983,2009-05-14,TMIN,67
CHM00056080,2009-06-23,TMIN,72
CHM00056080,2005-07-20,TMAX,99
CHM00056080,2006-06-29,TMIN,63
CHM00056046,2013-02-28,TMIN,-131
CHM00056046,2011-03-28,TMIN,-161
CHM00056046,2011-03-28,TMAX,77
CHM00056080,2007-03-13,TMAX,93
CHM00056080,2006-06-29,TMAX,195
CHM00056046,2010-10-09,TMIN,-24
CHM00056046,2008-12-02,TMIN,-156
CHM00056046,2008-12-02,TMAX,39
CHM00056046,2005-06-21,TMAX,159
CHM00056046,2013-02-28,TMAX,96
CHM00056080,2010-03-21,TMAX,207
CHM00052889,2008-09-18,TMIN,128
CHM00052983,2007-04-16,TMIN,7
CHM00056080,2010-09-02,TMAX,157
CHM00056080,2010-09-02,TMIN,39
CHM00056080,2007-12-13,TMIN,-141
CHM00052983,2007-04-16,TMAX,168
CHM00056080,2010-03-21,TMIN,-13
CHM00052889,2007-12-15,TMIN,-39
CHM00052889,2007-12-15,TMAX,40
CHM00056046,2006-07-11,TMIN,39
CHM00052889,2008-09-18,TMAX,257
CHM00056046,2006-07-11,TMAX,180
CHM00052889,2006-05-18,TMAX,292
CHM00052889,2007-06-21,TMIN,131
CHM00052889,2006-05-18,TMIN,73
CHM00052983,2006-02-17,TMIN,-169
CHM00056046,2008-08-12,TMIN,-13
CHM00056046,2009-11-27,TMIN,-140
CHM00056080,2007-12-14,TMAX,27
CHM00056080,2007-12-14,TMIN,-144
CHM00056046,2009-05-31,TMIN,5
CHM00056046,2010-03-21,TMAX,140
CHM00056046,2010-03-21,TMIN,-51
CHM00056046,2015-07-13,TMAX,177
CHM00056046,2015-07-13,TMIN,56
CHM00052889,2007-08-23,TMAX,291
CHM00052889,2007-08-23,TMIN,228
CHM00056080,2006-06-01,TMIN,50
CHM00056080,2009-05-20,TMAX,220
CHM00056080,2009-05-20,TMIN,-8
CHM00056080,2009-01-26,TMIN,-190
CHM00056080,2009-01-26,TMAX,25
CHM00056046,2009-11-27,TMAX,39
CHM00052889,2005-10-09,TMAX,218
CHM00052889,2008-12-25,TMAX,21
CHM00052983,2008-04-25,TMIN,13
CHM00056046,2013-08-15,TMIN,38
CHM00052983,2008-04-25,TMAX,210
CHM00056046,2009-05-31,TMAX,64
CHM00052889,2008-12-25,TMIN,-83
CHM00056046,2008-08-12,TMAX,150
CHM00056046,2011-04-08,TMAX,3
CHM00056080,2006-05-15,TMIN,-30
CHM00056046,2007-10-30,TMIN,-99
CHM00056046,2007-10-30,TMAX,74
CHM00052983,2006-06-09,TMIN,69
CHM00052983,2014-07-08,TMAX,189
CHM00056046,2012-09-17,TMAX,153
CHM00052983,2006-06-09,TMAX,252
CHM00052889,2005-05-13,TMIN,59
CHM00056046,2012-09-17,TMIN,-38
CHM00056046,2011-01-06,TMIN,-148
CHM00052983,2008-05-23,TMIN,103
CHM00052983,2011-03-15,TMAX,39
CHM00052983,2005-03-28,TMAX,122
CHM00052889,2008-07-30,TMAX,300
CHM00052889,2008-07-30,TMIN,213
CHM00052983,2006-01-27,TMAX,65
CHM00056080,2010-12-01,TMAX,64
CHM00052983,2006-01-27,TMIN,-84
CHM00056046,2005-07-20,TMAX,111
CHM00056046,2014-02-13,TMIN,-223
CHM00056046,2005-07-20,TMIN,58
CHM00056046,2014-02-13,TMAX,-47
CHM00056046,2011-04-08,TMIN,-79
CHM00052983,2006-02-17,TMAX,-35
CHM00052889,2005-05-13,TMAX,257
CHM00056046,2014-10-24,TMAX,46
CHM00052983,2010-11-15,TMAX,93
CHM00056080,2014-12-03,TMAX,36
CHM00052889,2008-01-16,TMAX,-18
CHM00052983,2011-01-11,TMIN,-202
CHM00056080,2010-12-01,TMIN,-165
CHM00056046,2012-08-04,TMAX,198
CHM00052983,2011-01-11,TMAX,-42
CHM00052983,2008-05-23,TMAX,250
CHM00052983,2006-12-31,TMIN,-120
CHM00056046,2012-08-04,TMIN,50
CHM00052983,2006-12-31,TMAX,45
CHM00056046,2008-10-17,TMIN,-31
CHM00052983,2010-08-16,TMAX,267
CHM00056046,2007-02-09,TMAX,-10
CHM00056046,2007-02-09,TMIN,-115
CHM00056046,2008-10-17,TMAX,107
CHM00052889,2008-01-16,TMIN,-68
CHM00056080,2013-08-19,TMIN,128
CHM00052983,2011-03-15,TMIN,-136
CHM00056046,2007-03-23,TMIN,-89
CHM00056080,2015-01-15,TMIN,-164
CHM00056046,2007-03-23,TMAX,53
CHM00056046,2014-05-04,TMIN,-36
CHM00056080,2015-01-15,TMAX,0
CHM00056046,2007-10-13,TMIN,4
CHM00052983,2010-11-10,TMAX,111
CHM00056046,2009-10-06,TMAX,108
CHM00056046,2009-10-06,TMIN,0
CHM00052889,2005-10-09,TMIN,26
CHM00052983,2010-11-15,TMIN,-77
CHM00056080,2012-10-17,TMAX,140
CHM00056080,2010-04-12,TMAX,111
CHM00056046,2009-12-02,TMAX,-9
CHM00056080,2012-10-17,TMIN,-65
CHM00056046,2005-04-10,TMIN,-27
CHM00052889,2007-09-12,TMIN,135
CHM00056046,2013-09-28,TMIN,-52
CHM00056080,2010-04-12,TMIN,-31
CHM00052889,2007-09-12,TMAX,171
CHM00056046,2005-04-10,TMAX,80
CHM00056080,2006-07-06,TMAX,188
CHM00056080,2009-05-28,TMAX,118
CHM00056080,2009-05-28,TMIN,7
CHM00056080,2008-09-30,TMIN,48
CHM00052983,2006-02-03,TMIN,-88
CHM00052983,2006-02-03,TMAX,75
CHM00056080,2007-03-09,TMAX,90
CHM00056080,2006-07-06,TMIN,116
CHM00056080,2007-03-09,TMIN,-97
CHM00056080,2008-09-30,TMAX,170
CHM00056046,2009-12-02,TMIN,-172
CHM00056046,2007-10-13,TMAX,41
CHM00052889,2006-05-01,TMIN,83
CHM00052983,2011-10-31,TMAX,107
CHM00052983,2008-05-19,TMIN,23
CHM00056046,2014-10-26,TMAX,89
CHM00056046,2014-10-26,TMIN,-66
CHM00052889,2005-07-20,TMAX,177
CHM00052983,2011-02-22,TMAX,135
CHM00052889,2005-04-07,TMIN,91
CHM00052983,2011-02-22,TMIN,-60
CHM00052983,2008-03-30,TMAX,156
CHM00052983,2009-12-03,TMIN,-99
CHM00052983,2008-03-30,TMIN,-19
CHM00052983,2014-07-24,TMAX,278
CHM00052983,2006-04-20,TMIN,71
CHM00052983,2009-12-03,TMAX,54
CHM00056080,2014-09-17,TMIN,43
CHM00056046,2007-09-03,TMIN,7
CHM00052889,2005-07-20,TMIN,142
CHM00052983,2012-08-12,TMAX,222
CHM00052889,2005-03-14,TMAX,106
CHM00052889,2005-03-14,TMIN,7
CHM00056046,2009-11-15,TMAX,76
CHM00052983,2010-04-21,TMIN,5
CHM00052889,2007-02-02,TMAX,130
CHM00052889,2007-02-02,TMIN,-69
CHM00056046,2007-06-17,TMAX,132
CHM00052983,2006-04-20,TMAX,200
CHM00056046,2015-01-17,TMAX,-98
CHM00052889,2005-04-07,TMAX,215
CHM00052983,2013-03-13,TMAX,122
CHM00056046,2005-05-05,TMIN,-10
CHM00052983,2007-04-05,TMIN,-31
CHM00052983,2007-04-05,TMAX,137
CHM00056046,2005-05-05,TMAX,91
CHM00052983,2012-08-17,TMIN,140
CHM00052983,2012-08-17,TMAX,194
CHM00056080,2015-05-04,TMAX,136
CHM00052889,2006-10-22,TMAX,207
CHM00052889,2006-10-22,TMIN,-7
CHM00056080,2015-05-04,TMIN,9
CHM00056046,2005-10-09,TMAX,86
CHM00056046,2012-10-02,TMIN,7
CHM00056046,2013-01-18,TMAX,61
CHM00056046,2013-01-18,TMIN,-217
CHM00056046,2012-10-02,TMAX,102
CHM00052983,2009-03-02,TMIN,-57
CHM00056046,2015-10-16,TMIN,-56
CHM00056046,2015-01-31,TMAX,-62
CHM00056046,2007-06-17,TMIN,59
CHM00056046,2007-09-03,TMAX,126
CHM00052983,2014-07-24,TMIN,78
CHM00052983,2005-09-29,TMAX,158
CHM00056046,2009-11-15,TMIN,-38
CHM00056046,2011-07-06,TMAX,158
CHM00056046,2011-07-06,TMIN,79
CHM00052889,2006-01-19,TMAX,-16
CHM00052983,2014-10-17,TMAX,148
CHM00052983,2014-10-17,TMIN,42
CHM00056080,2010-06-27,TMAX,241
CHM00056080,2009-10-18,TMIN,9
CHM00056080,2009-10-18,TMAX,114
CHM00056046,2015-01-27,TMIN,-156
CHM00056080,2015-05-27,TMAX,158
CHM00056080,2009-05-29,TMAX,95
CHM00052983,2015-10-07,TMIN,18
CHM00056080,2006-02-17,TMAX,-28
CHM00052983,2015-10-07,TMAX,217
CHM00056046,2015-01-27,TMAX,25
CHM00052983,2011-09-27,TMAX,131
CHM00056080,2006-02-17,TMIN,-162
CHM00056080,2011-03-17,TMIN,-124
CHM00056080,2009-09-16,TMAX,178
CHM00056080,2009-09-16,TMIN,66
CHM00052983,2009-06-10,TMAX,237
CHM00056080,2009-05-29,TMIN,42
CHM00056046,2010-03-01,TMAX,66
CHM00052889,2008-06-25,TMAX,331
CHM00056080,2011-03-17,TMAX,93
CHM00052983,2006-03-26,TMAX,119
CHM00056080,2010-06-27,TMIN,109
CHM00056080,2007-09-28,TMAX,174
CHM00056080,2012-09-29,TMIN,35
CHM00052889,2006-07-06,TMIN,186
CHM00056080,2005-04-20,TMAX,177
CHM00056080,2005-04-20,TMIN,-37
CHM00056046,2005-06-16,TMIN,46
CHM00056046,2005-06-16,TMAX,139
CHM00052889,2006-01-19,TMIN,-65
CHM00056080,2007-03-23,TMAX,57
CHM00056080,2015-05-27,TMIN,15
CHM00056080,2012-09-29,TMAX,95
CHM00056080,2005-10-11,TMIN,29
CHM00056046,2006-02-17,TMAX,-40
CHM00056046,2006-02-17,TMIN,-200
CHM00056080,2005-10-11,TMAX,139
CHM00052983,2012-12-19,TMAX,-12
CHM00056046,2009-11-25,TMIN,-187
CHM00056046,2009-11-25,TMAX,18
CHM00056080,2011-03-15,TMAX,24
CHM00052983,2009-02-06,TMAX,108
CHM00052983,2009-02-06,TMIN,-47
CHM00052889,2006-07-06,TMAX,282
CHM00056046,2015-07-07,TMIN,18
CHM00052983,2005-04-26,TMAX,231
CHM00056080,2011-03-15,TMIN,-190
CHM00056046,2007-09-21,TMAX,166
CHM00056046,2007-09-21,TMIN,-42
CHM00056080,2007-09-28,TMIN,32
CHM00056046,2008-06-26,TMIN,9
CHM00052983,2013-03-13,TMIN,-13
CHM00056046,2007-04-03,TMAX,114
CHM00056046,2007-04-03,TMIN,-40
CHM00056080,2009-11-25,TMIN,-111
CHM00056080,2009-11-25,TMAX,110
CHM00052983,2013-03-25,TMAX,122
CHM00056046,2014-01-29,TMIN,-224
CHM00056080,2012-08-02,TMIN,67
CHM00056080,2011-05-04,TMIN,-40
CHM00056046,2015-01-13,TMIN,-315
CHM00056046,2014-01-29,TMAX,12
CHM00056046,2015-01-13,TMAX,-111
CHM00052983,2015-01-23,TMIN,-100
CHM00052983,2012-08-11,TMAX,218
CHM00056046,2014-10-19,TMAX,53
CHM00056080,2011-07-09,TMIN,78
CHM00056080,2011-07-09,TMAX,156
CHM00056080,2012-08-02,TMAX,232
CHM00052889,2007-10-21,TMAX,179
CHM00052889,2007-10-21,TMIN,51
CHM00052889,2007-08-10,TMIN,208
CHM00052889,2007-08-10,TMAX,274
CHM00056046,2009-01-30,TMIN,-168
CHM00056046,2007-09-26,TMAX,214
CHM00056046,2011-08-28,TMAX,180
CHM00056080,2014-02-13,TMIN,-181
CHM00056046,2011-08-28,TMIN,-18
CHM00052983,2011-10-20,TMAX,153
CHM00056080,2008-02-14,TMAX,-7
CHM00056080,2005-06-16,TMAX,188
CHM00056046,2011-03-18,TMAX,72
CHM00052983,2014-03-26,TMAX,237
CHM00052889,2005-06-02,TMAX,266
CHM00052983,2007-03-07,TMIN,-60
CHM00056080,2009-09-29,TMIN,0
CHM00056080,2009-09-29,TMAX,174
CHM00052983,2014-03-26,TMIN,9
CHM00056080,2005-03-23,TMAX,6
CHM00056046,2009-02-22,TMIN,-100
CHM00056080,2010-07-06,TMAX,257
CHM00056046,2009-02-22,TMAX,-7
CHM00056046,2006-07-07,TMIN,73
CHM00056080,2009-01-29,TMIN,-137
CHM00052983,2015-05-11,TMAX,171
CHM00056046,2011-03-18,TMIN,-129
CHM00056080,2010-07-06,TMIN,115
CHM00052983,2011-12-16,TMIN,-138
CHM00056080,2013-01-06,TMAX,-64
CHM00052983,2010-03-26,TMAX,83
CHM00056080,2005-03-23,TMIN,-39
CHM00052983,2015-05-11,TMIN,-4
CHM00056046,2006-07-07,TMAX,122
CHM00056046,2010-03-01,TMIN,-79
CHM00052983,2006-05-23,TMIN,63
CHM00052983,2010-06-15,TMAX,263
CHM00056080,2006-01-27,TMIN,-122
CHM00056080,2011-03-10,TMIN,-106
CHM00052983,2015-06-18,TMIN,98
CHM00056046,2009-10-12,TMIN,0
CHM00052983,2015-10-19,TMIN,17
CHM00056046,2010-08-29,TMIN,60
CHM00056046,2010-08-29,TMAX,156
CHM00052983,2006-06-29,TMAX,249
CHM00056046,2009-10-12,TMAX,58
CHM00056080,2007-03-23,TMIN,-28
CHM00056080,2007-04-07,TMAX,105
CHM00056046,2005-10-09,TMIN,-39
CHM00056046,2008-06-26,TMAX,76
CHM00056080,2013-12-11,TMIN,-167
CHM00056080,2013-12-11,TMAX,27
CHM00056046,2009-11-04,TMAX,34
CHM00056046,2009-11-04,TMIN,-95
CHM00052983,2014-08-16,TMIN,105
CHM00052983,2014-08-16,TMAX,274
CHM00056080,2006-06-22,TMAX,187
CHM00056080,2006-06-22,TMIN,77
CHM00056080,2007-04-07,TMIN,-33
CHM00056080,2014-09-17,TMAX,172
CHM00056080,2015-07-07,TMAX,203
CHM00052983,2006-05-23,TMAX,206
CHM00056080,2011-03-10,TMAX,57
CHM00056046,2009-09-29,TMAX,138
CHM00056046,2009-01-30,TMAX,58
CHM00052889,2007-02-09,TMAX,110
CHM00056080,2012-07-12,TMIN,85
CHM00052983,2014-12-05,TMAX,65
CHM00052889,2007-02-09,TMIN,-34
CHM00052983,2010-06-15,TMIN,107
CHM00056080,2012-07-12,TMAX,160
CHM00056080,2014-02-13,TMAX,21
CHM00052983,2006-05-05,TMAX,239
CHM00056046,2006-06-22,TMAX,131
CHM00056046,2006-06-22,TMIN,46
CHM00052983,2014-05-09,TMAX,143
CHM00052983,2014-05-09,TMIN,24
CHM00052983,2014-12-05,TMIN,-100
CHM00056080,2006-01-27,TMAX,56
CHM00056080,2009-10-02,TMAX,152
CHM00056046,2009-09-29,TMIN,15
CHM00056046,2013-02-04,TMAX,8
CHM00056046,2013-02-04,TMIN,-192
CHM00056080,2007-04-03,TMAX,121
CHM00056080,2009-10-02,TMIN,20
CHM00056080,2007-04-03,TMIN,-65
CHM00056080,2015-07-07,TMIN,53
CHM00056046,2014-03-25,TMAX,38
CHM00056080,2005-03-18,TMIN,-92
CHM00052983,2012-02-19,TMIN,-130
CHM00056080,2005-03-18,TMAX,142
CHM00056046,2006-02-26,TMIN,-94
CHM00056046,2015-06-14,TMIN,34
CHM00052983,2006-10-08,TMAX,191
CHM00056080,2007-06-24,TMAX,201
CHM00056080,2007-06-24,TMIN,30
CHM00052983,2006-10-08,TMIN,24
CHM00056080,2013-02-28,TMAX,63
CHM00056080,2006-01-20,TMIN,-98
CHM00052983,2009-02-21,TMAX,48
CHM00052983,2008-12-10,TMAX,62
CHM00052983,2010-11-13,TMAX,75
CHM00056080,2010-09-05,TMIN,73
CHM00056080,2010-09-05,TMAX,187
CHM00056080,2009-06-17,TMAX,263
CHM00056080,2009-06-17,TMIN,112
CHM00056080,2012-10-12,TMAX,111
CHM00056080,2012-10-12,TMIN,20
CHM00056046,2006-03-16,TMIN,-82
CHM00056080,2006-01-20,TMAX,9
CHM00056046,2007-02-02,TMAX,-22
CHM00056046,2007-02-02,TMIN,-181
CHM00052983,2012-01-25,TMAX,-59
CHM00052983,2012-01-25,TMIN,-224
CHM00056046,2005-04-07,TMIN,-13
CHM00056080,2011-12-18,TMAX,51
CHM00056046,2005-04-07,TMAX,112
CHM00056080,2014-10-26,TMIN,-38
CHM00056046,2006-10-21,TMIN,-71
CHM00056046,2006-10-21,TMAX,107
CHM00056080,2008-05-04,TMAX,201
CHM00056080,2006-03-16,TMIN,-74
CHM00052983,2005-06-29,TMIN,134
CHM00052983,2005-06-29,TMAX,289
CHM00056080,2006-03-16,TMAX,162
CHM00056046,2013-12-11,TMIN,-152
CHM00052983,2009-04-29,TMIN,70
CHM00052889,2008-05-29,TMAX,245
CHM00056080,2014-03-20,TMAX,47
CHM00052889,2008-05-29,TMIN,168
CHM00056046,2014-02-12,TMAX,-56
CHM00056046,2013-12-11,TMAX,-13
CHM00056080,2008-05-04,TMIN,-6
CHM00052983,2012-11-01,TMAX,123
CHM00056080,2008-09-19,TMAX,227
CHM00052983,2009-04-29,TMAX,206
CHM00056080,2014-10-26,TMAX,156
CHM00052983,2011-10-24,TMAX,118
CHM00052983,2011-10-24,TMIN,39
CHM00052889,2008-05-23,TMAX,284
CHM00052889,2008-05-23,TMIN,162
CHM00056080,2008-09-19,TMIN,53
CHM00052889,2006-05-15,TMIN,22
CHM00052983,2006-04-06,TMAX,168
CHM00056046,2008-05-03,TMIN,9
CHM00056080,2007-10-21,TMAX,86
CHM00056080,2007-10-21,TMIN,-19
CHM00056080,2015-02-03,TMAX,46
CHM00056046,2005-03-18,TMAX,101
CHM00052983,2008-12-23,TMAX,15
CHM00056046,2007-04-08,TMIN,-32
CHM00056080,2012-03-05,TMAX,12
CHM00056080,2012-03-05,TMIN,-71
CHM00056080,2013-02-04,TMAX,110
CHM00052983,2008-09-20,TMAX,247
CHM00056046,2005-03-14,TMAX,120
CHM00056046,2005-03-14,TMIN,-85
CHM00056080,2013-02-04,TMIN,-123
CHM00052983,2008-09-20,TMIN,97
CHM00056046,2007-04-08,TMAX,61
CHM00056080,2015-01-02,TMAX,95
CHM00056080,2015-01-02,TMIN,-138
CHM00056046,2006-12-20,TMAX,-28
CHM00056046,2009-11-17,TMIN,-96
CHM00052983,2008-05-19,TMAX,262
CHM00056046,2009-11-17,TMAX,-11
CHM00056046,2010-04-12,TMAX,111
CHM00056046,2010-04-12,TMIN,-68
CHM00056080,2015-02-03,TMIN,-156
CHM00052983,2006-04-06,TMIN,8
CHM00052983,2006-06-22,TMAX,253
CHM00052983,2008-12-23,TMIN,-140
CHM00056046,2005-06-28,TMAX,180
CHM00052889,2005-06-21,TMAX,294
CHM00056046,2012-08-02,TMIN,58
CHM00052983,2008-10-27,TMIN,29
CHM00056046,2012-08-02,TMAX,174
CHM00052983,2008-10-27,TMAX,124
CHM00056046,2006-03-16,TMAX,42
CHM00056046,2006-12-20,TMIN,-243
CHM00056080,2011-12-18,TMIN,-168
CHM00056046,2006-02-26,TMAX,92
CHM00052889,2005-06-21,TMIN,139
CHM00056080,2014-10-24,TMAX,138
CHM00056046,2013-11-12,TMIN,-118
CHM00056080,2011-04-06,TMAX,22
CHM00056080,2011-04-06,TMIN,-27
CHM00056080,2006-05-05,TMIN,48
CHM00056080,2006-05-05,TMAX,175
CHM00052889,2006-04-01,TMIN,2
CHM00052889,2006-04-01,TMAX,175
CHM00056080,2013-04-29,TMAX,94
CHM00056046,2008-01-11,TMAX,17
CHM00056046,2008-01-11,TMIN,-108
CHM00052983,2008-11-22,TMAX,29
CHM00056046,2005-03-18,TMIN,-90
CHM00056046,2009-12-03,TMAX,16
CHM00052889,2006-05-15,TMAX,251
CHM00056046,2007-10-21,TMAX,45
CHM00056046,2014-10-21,TMAX,81
CHM00056080,2011-01-11,TMAX,-6
CHM00056046,2011-07-09,TMAX,161
CHM00056046,2009-06-17,TMAX,213
CHM00056080,2009-11-04,TMAX,101
CHM00052983,2009-09-08,TMAX,179
CHM00052983,2009-09-08,TMIN,107
CHM00056046,2014-10-21,TMIN,-69
CHM00056046,2009-06-17,TMIN,52
CHM00056080,2009-11-04,TMIN,-59
CHM00052983,2011-11-13,TMIN,-51
CHM00052983,2011-11-13,TMAX,87
CHM00056046,2015-01-02,TMAX,12
CHM00056080,2007-04-08,TMIN,-18
CHM00052889,2008-07-24,TMIN,191
CHM00052889,2008-07-24,TMAX,340
CHM00052983,2013-01-26,TMIN,-129
CHM00056080,2007-04-08,TMAX,100
CHM00056046,2015-05-06,TMIN,-47
CHM00052983,2013-01-26,TMAX,13
CHM00056046,2006-06-01,TMAX,130
CHM00056080,2011-01-11,TMIN,-268
CHM00052889,2006-02-19,TMIN,-135
CHM00056080,2015-10-16,TMIN,-28
CHM00052889,2006-02-19,TMAX,62
CHM00056046,2011-07-09,TMIN,64
CHM00056046,2015-05-06,TMAX,80
CHM00056046,2013-12-09,TMIN,-211
CHM00052889,2008-06-25,TMIN,153
CHM00052983,2012-02-19,TMAX,20
CHM00052889,2005-04-13,TMAX,173
CHM00056046,2013-12-09,TMAX,23
CHM00052983,2015-02-21,TMAX,31
CHM00052983,2015-02-21,TMIN,-41
CHM00052889,2005-04-13,TMIN,-49
CHM00056046,2009-02-04,TMIN,-184
CHM00056046,2007-09-28,TMIN,52
CHM00052983,2006-02-27,TMAX,-7
CHM00052983,2014-03-24,TMAX,162
CHM00056046,2007-09-28,TMAX,179
CHM00056046,2009-02-04,TMAX,44
CHM00052983,2007-08-07,TMAX,289
CHM00052983,2007-08-07,TMIN,153
CHM00056046,2009-12-01,TMIN,-129
CHM00056046,2010-08-31,TMIN,19
CHM00056046,2010-08-31,TMAX,118
CHM00056046,2009-12-01,TMAX,8
CHM00052889,2007-10-15,TMIN,85
CHM00052983,2006-02-27,TMIN,-62
CHM00052983,2009-06-10,TMIN,98
CHM00052889,2007-10-15,TMAX,156
CHM00056046,2007-10-21,TMIN,-61
CHM00052889,2007-09-22,TMIN,140
CHM00052889,2007-09-22,TMAX,246
CHM00056080,2009-11-17,TMIN,-189
CHM00056080,2009-11-17,TMAX,-64
CHM00052983,2012-04-02,TMAX,106
CHM00056080,2011-04-08,TMIN,-53
CHM00056046,2010-10-08,TMAX,129
CHM00056080,2011-04-08,TMAX,61
CHM00056080,2010-05-30,TMIN,74
CHM00056046,2012-03-05,TMAX,33
CHM00056046,2012-03-05,TMIN,-94
CHM00056080,2007-09-21,TMAX,205
CHM00056046,2008-03-06,TMIN,-153
CHM00056080,2006-12-22,TMIN,-159
CHM00056080,2007-09-21,TMIN,-3
CHM00056046,2008-03-06,TMAX,11
CHM00056080,2006-12-22,TMAX,68
CHM00056080,2010-05-30,TMAX,133
CHM00056046,2010-07-09,TMIN,58
CHM00052889,2008-08-13,TMIN,132
CHM00052889,2008-08-13,TMAX,282
CHM00056046,2013-01-25,TMAX,-51
CHM00052889,2008-02-27,TMIN,-41
CHM00056046,2010-07-09,TMAX,153
CHM00052889,2008-02-27,TMAX,65
CHM00052983,2006-10-18,TMAX,192
CHM00052983,2007-02-18,TMAX,58
CHM00056046,2010-10-08,TMIN,-82
CHM00056046,2010-11-16,TMAX,8
CHM00056080,2011-06-17,TMIN,67
CHM00052983,2007-02-18,TMIN,-71
CHM00056046,2006-06-01,TMIN,21
CHM00056080,2011-06-17,TMAX,193
CHM00052983,2006-01-14,TMAX,6
CHM00052983,2006-01-14,TMIN,-93
CHM00056046,2012-07-12,TMIN,59
CHM00056046,2008-12-09,TMIN,-183
CHM00056046,2014-02-14,TMAX,-23
CHM00056046,2008-12-09,TMAX,45
CHM00052983,2007-03-25,TMIN,6
CHM00056080,2011-10-02,TMAX,92
CHM00052983,2007-03-25,TMAX,143
CHM00056046,2012-07-12,TMAX,142
CHM00056046,2009-10-18,TMIN,-34
CHM00056046,2009-10-18,TMAX,36
CHM00056080,2014-10-11,TMAX,18
CHM00056046,2014-02-14,TMIN,-232
CHM00056080,2008-12-02,TMIN,-115
CHM00056080,2008-12-02,TMAX,90
CHM00052983,2005-09-30,TMIN,90
CHM00052983,2005-09-30,TMAX,144
CHM00056046,2010-11-16,TMIN,-163
CHM00056080,2011-10-02,TMIN,20
CHM00052983,2006-06-25,TMAX,293
CHM00052983,2008-03-29,TMAX,105
CHM00056046,2009-01-26,TMAX,-8
CHM00056080,2010-09-18,TMIN,118
CHM00056080,2010-04-07,TMAX,95
CHM00056046,2006-03-27,TMAX,40
CHM00052889,2008-12-30,TMAX,25
CHM00056080,2006-01-15,TMAX,39
CHM00056080,2006-01-15,TMIN,-127
CHM00052983,2009-07-27,TMAX,269
CHM00056080,2015-05-06,TMIN,-13
CHM00056080,2005-05-24,TMIN,39
CHM00056046,2006-03-27,TMIN,-100
CHM00052983,2012-03-05,TMIN,-55
CHM00056080,2006-06-23,TMAX,211
CHM00052983,2008-02-13,TMAX,-66
CHM00056080,2006-06-23,TMIN,39
CHM00056080,2012-03-26,TMIN,-61
CHM00052983,2015-01-02,TMAX,68
CHM00056080,2010-04-07,TMIN,-20
CHM00056046,2008-01-02,TMAX,66
CHM00056046,2008-01-02,TMIN,-198
CHM00056080,2012-03-26,TMAX,112
CHM00056080,2007-06-20,TMAX,125
CHM00056080,2007-06-20,TMIN,27
CHM00052983,2015-06-14,TMAX,251
CHM00052983,2012-03-05,TMAX,-8
CHM00052889,2008-12-30,TMIN,-101
CHM00056080,2010-09-18,TMAX,243
CHM00056080,2007-02-21,TMIN,-102
CHM00056046,2012-09-15,TMIN,-29
CHM00056080,2007-02-21,TMAX,37
CHM00056046,2012-12-16,TMAX,37
CHM00056046,2006-01-15,TMAX,-22
CHM00056046,2012-09-15,TMAX,138
CHM00052983,2011-05-14,TMIN,10
CHM00056046,2006-01-15,TMIN,-182
CHM00056046,2012-12-16,TMIN,-173
CHM00052889,2005-06-29,TMIN,149
CHM00056046,2014-07-07,TMAX,168
CHM00056080,2015-05-06,TMAX,153
CHM00056080,2011-11-01,TMIN,14
CHM00052983,2010-11-04,TMAX,119
CHM00052889,2005-06-29,TMAX,306
CHM00052983,2011-11-05,TMIN,25
CHM00052983,2010-11-04,TMIN,-30
CHM00056080,2011-11-01,TMAX,76
CHM00056046,2014-11-05,TMAX,37
CHM00052983,2011-11-05,TMAX,140
CHM00056046,2014-11-05,TMIN,-112
CHM00056046,2007-02-28,TMIN,-140
CHM00056046,2007-02-28,TMAX,49
CHM00056046,2010-01-25,TMIN,-215
CHM00052983,2013-07-17,TMIN,155
CHM00056046,2005-10-14,TMAX,63
CHM00056046,2010-01-25,TMAX,-18
CHM00052983,2006-07-06,TMAX,267
CHM00052889,2006-07-07,TMAX,290
CHM00056046,2015-02-18,TMIN,-133
CHM00056046,2015-02-18,TMAX,59
CHM00056080,2005-05-07,TMIN,22
CHM00056080,2005-05-07,TMAX,143
CHM00056046,2005-04-15,TMIN,-19
CHM00056046,2005-04-15,TMAX,71
CHM00056080,2012-02-16,TMIN,-154
CHM00052889,2005-04-26,TMIN,111
CHM00052889,2005-04-26,TMAX,253
CHM00056080,2011-05-15,TMAX,139
CHM00056080,2015-02-06,TMAX,22
CHM00052983,2013-12-10,TMAX,15
CHM00056080,2011-05-15,TMIN,56
CHM00056080,2012-02-16,TMAX,-21
CHM00052983,2009-07-27,TMIN,88
CHM00056046,2010-08-22,TMIN,9
CHM00056046,2007-02-25,TMAX,30
CHM00056046,2007-02-25,TMIN,-177
CHM00056046,2010-08-21,TMIN,8
CHM00056046,2010-08-21,TMAX,149
CHM00056080,2010-08-16,TMAX,212
CHM00056080,2014-03-19,TMAX,70
CHM00052983,2011-05-14,TMAX,196
CHM00052889,2006-07-07,TMIN,150
CHM00052889,2008-07-17,TMAX,335
CHM00056080,2011-12-19,TMIN,-153
CHM00056080,2011-12-19,TMAX,54
CHM00052889,2006-12-19,TMAX,2
CHM00052889,2006-12-19,TMIN,-147
CHM00056046,2005-10-14,TMIN,-30
CHM00052983,2013-07-17,TMAX,234
CHM00052983,2008-12-19,TMIN,-98
CHM00052983,2012-03-19,TMAX,140
CHM00052889,2006-06-09,TMIN,82
CHM00052889,2006-06-09,TMAX,271
CHM00052983,2012-03-19,TMIN,-12
CHM00052983,2008-12-22,TMAX,-34
CHM00056080,2006-03-27,TMAX,92
CHM00056080,2006-03-27,TMIN,-84
CHM00052983,2009-11-04,TMAX,152
CHM00052983,2009-11-04,TMIN,-49
CHM00056046,2009-10-29,TMAX,90
CHM00056046,2009-10-29,TMIN,-74
CHM00052983,2008-12-22,TMIN,-154
CHM00056046,2005-10-04,TMIN,9
CHM00056046,2008-10-26,TMAX,48
CHM00056046,2008-10-26,TMIN,-84
CHM00052889,2008-07-17,TMIN,170
CHM00056046,2005-10-04,TMAX,102
CHM00052889,2015-01-30,TMAX,-29
CHM00056046,2015-11-15,TMIN,-89
CHM00056080,2005-05-24,TMAX,146
CHM00056046,2011-08-06,TMIN,-4
CHM00056080,2005-04-15,TMIN,-49
CHM00052983,2012-02-02,TMIN,-136
CHM00052983,2012-02-02,TMAX,-23
CHM00052983,2006-10-09,TMAX,202
CHM00052983,2011-04-22,TMAX,181
CHM00052983,2011-01-27,TMAX,-73
CHM00056080,2013-04-03,TMAX,182
CHM00056080,2013-04-03,TMIN,-58
CHM00056080,2005-04-15,TMAX,130
CHM00052983,2006-10-09,TMIN,29
CHM00056046,2015-06-28,TMAX,228
CHM00052983,2009-09-25,TMAX,177
CHM00052983,2015-03-23,TMIN,-5
CHM00052983,2009-02-15,TMIN,-44
CHM00052983,2009-02-15,TMAX,71
CHM00056080,2009-10-16,TMAX,139
CHM00056080,2008-08-12,TMAX,156
CHM00056080,2009-10-16,TMIN,-48
CHM00056046,2012-12-03,TMIN,-222
CHM00056046,2012-12-03,TMAX,13
CHM00052983,2014-05-03,TMAX,159
CHM00056046,2015-06-28,TMIN,86
CHM00056046,2011-08-06,TMAX,155
CHM00052983,2007-01-10,TMAX,-7
CHM00052983,2010-03-03,TMAX,42
CHM00052983,2014-04-09,TMAX,141
CHM00052889,2006-03-27,TMIN,-12
CHM00052983,2010-12-13,TMAX,-26
CHM00056046,2011-04-20,TMIN,-34
CHM00056080,2006-03-13,TMAX,20
CHM00056046,2012-11-02,TMAX,27
CHM00056080,2006-03-13,TMIN,-153
CHM00052889,2006-12-31,TMIN,-146
CHM00052889,2006-12-31,TMAX,28
CHM00052983,2013-04-28,TMAX,177
CHM00056046,2012-11-02,TMIN,-126
CHM00052983,2011-11-15,TMAX,93
CHM00052983,2015-05-12,TMIN,18
CHM00052983,2015-05-12,TMAX,265
CHM00056080,2007-04-16,TMIN,-39
CHM00052983,2015-07-13,TMIN,122
CHM00052983,2011-11-15,TMIN,-30
CHM00056046,2007-12-16,TMAX,-7
CHM00056080,2007-04-16,TMAX,179
CHM00056080,2011-05-21,TMAX,35
CHM00056080,2011-05-21,TMIN,1
CHM00052889,2005-05-05,TMIN,31
CHM00056046,2011-03-09,TMAX,42
CHM00052983,2010-03-03,TMIN,-44
CHM00056046,2011-04-20,TMAX,98
CHM00056046,2010-08-22,TMAX,109
CHM00052983,2011-08-07,TMIN,126
CHM00056080,2012-05-22,TMIN,28
CHM00052889,2007-04-15,TMIN,75
CHM00052983,2011-04-10,TMAX,148
CHM00052983,2006-05-15,TMIN,20
CHM00056046,2007-12-28,TMAX,3
CHM00056046,2007-12-28,TMIN,-194
CHM00056046,2008-01-08,TMAX,32
CHM00052889,2007-12-11,TMAX,30
CHM00052889,2007-12-11,TMIN,-35
CHM00052983,2011-04-10,TMIN,18
CHM00056046,2006-06-23,TMAX,147
CHM00052889,2006-05-23,TMIN,86
CHM00056080,2008-07-26,TMIN,99
CHM00056080,2008-07-26,TMAX,250
CHM00056046,2011-03-09,TMIN,-116
CHM00056046,2006-06-23,TMIN,42
CHM00052889,2006-05-23,TMAX,236
CHM00056080,2014-10-29,TMIN,0
CHM00056080,2014-10-29,TMAX,137
CHM00052889,2007-03-25,TMIN,49
CHM00052983,2014-05-16,TMIN,62
CHM00052889,2005-07-10,TMAX,256
CHM00052889,2005-07-10,TMIN,130
CHM00052889,2007-03-25,TMAX,173
CHM00052889,2007-04-15,TMAX,169
CHM00056046,2007-12-16,TMIN,-161
CHM00056046,2008-12-24,TMIN,-174
CHM00056080,2011-07-29,TMAX,177
CHM00052983,2011-08-07,TMAX,318
CHM00052983,2015-07-05,TMAX,246
CHM00052889,2006-12-27,TMAX,27
CHM00052889,2006-12-27,TMIN,-150
CHM00052889,2005-05-05,TMAX,188
CHM00056080,2008-08-12,TMIN,56
CHM00056080,2012-05-22,TMAX,119
CHM00052983,2014-10-07,TMAX,191
CHM00056046,2015-05-23,TMIN,-10
CHM00052983,2014-10-07,TMIN,106
CHM00056046,2012-08-17,TMIN,91
CHM00056046,2012-08-17,TMAX,140
CHM00052983,2014-11-09,TMIN,-2
CHM00056080,2007-02-28,TMIN,-76
CHM00052983,2014-11-09,TMAX,77
CHM00056080,2007-02-28,TMAX,120
CHM00052983,2014-05-16,TMAX,208
CHM00056046,2007-04-16,TMIN,-85
CHM00056046,2007-04-16,TMAX,110
CHM00056046,2013-11-11,TMIN,-116
CHM00052983,2006-05-15,TMAX,226
CHM00056046,2008-01-08,TMIN,-191
CHM00056080,2011-07-29,TMIN,83
CHM00056046,2008-12-24,TMAX,-10
CHM00056080,2008-07-20,TMAX,209
CHM00052983,2012-03-27,TMIN,0
CHM00052889,2007-04-13,TMAX,170
CHM00052983,2007-12-16,TMAX,23
CHM00052983,2015-07-21,TMIN,135
CHM00056080,2014-03-18,TMAX,179
CHM00056080,2014-11-10,TMAX,32
CHM00056046,2015-11-09,TMIN,-77
CHM00056046,2010-07-04,TMIN,82
CHM00056046,2010-07-04,TMAX,202
CHM00056046,2015-06-08,TMAX,105
CHM00056080,2008-09-12,TMIN,14
CHM00056080,2008-09-12,TMAX,177
CHM00056080,2005-07-10,TMIN,72
CHM00056080,2014-03-18,TMIN,0
CHM00056046,2015-05-19,TMIN,-14
CHM00056080,2015-10-28,TMAX,110
CHM00056080,2015-10-28,TMIN,2
CHM00052983,2008-02-15,TMIN,-163
CHM00052889,2005-05-04,TMAX,250
CHM00052889,2006-06-25,TMIN,102
CHM00056046,2006-04-10,TMIN,-67
CHM00056046,2006-04-10,TMAX,116
CHM00052983,2011-04-18,TMAX,212
CHM00052889,2005-05-04,TMIN,142
CHM00052983,2008-02-15,TMAX,2
CHM00056080,2005-07-10,TMAX,113
CHM00052983,2006-05-22,TMIN,22
CHM00052983,2006-05-22,TMAX,231
CHM00056046,2005-05-29,TMIN,3
CHM00056080,2008-03-07,TMIN,-36
CHM00056080,2008-03-07,TMAX,50
CHM00056080,2008-12-01,TMIN,-135
CHM00052983,2009-05-20,TMAX,280
CHM00052983,2009-05-20,TMIN,52
CHM00052983,2010-04-03,TMIN,-22
CHM00052983,2008-05-21,TMIN,70
CHM00056080,2015-01-24,TMIN,-117
CHM00056080,2008-12-23,TMAX,45
CHM00052983,2010-04-03,TMAX,168
CHM00052983,2008-07-21,TMAX,250
CHM00056046,2010-08-28,TMAX,202
CHM00056046,2010-08-28,TMIN,2
CHM00056080,2006-04-10,TMIN,-52
CHM00056080,2006-04-10,TMAX,212
CHM00056080,2015-01-24,TMAX,79
CHM00056080,2008-12-01,TMAX,56
CHM00056080,2008-12-23,TMIN,-150
CHM00052983,2008-05-21,TMAX,259
CHM00056080,2010-06-19,TMIN,93
CHM00052889,2007-10-11,TMAX,112
CHM00052889,2007-10-11,TMIN,70
CHM00052889,2006-04-09,TMAX,241
CHM00052983,2011-04-18,TMIN,19
CHM00052983,2008-05-13,TMAX,224
CHM00056080,2007-02-25,TMAX,101
CHM00056046,2006-05-21,TMIN,-44
CHM00056046,2006-12-19,TMAX,-48
CHM00056046,2006-12-19,TMIN,-246
CHM00052983,2008-02-26,TMIN,-87
CHM00056046,2010-04-09,TMAX,96
CHM00056080,2011-05-20,TMIN,26
CHM00056080,2011-05-20,TMAX,111
CHM00056046,2010-04-13,TMIN,-65
CHM00056080,2007-08-16,TMIN,119
CHM00056046,2009-02-12,TMAX,23
CHM00056080,2007-08-16,TMAX,214
CHM00056080,2012-12-16,TMAX,90
CHM00056080,2012-12-16,TMIN,-123
CHM00056046,2009-02-12,TMIN,-128
CHM00056046,2006-02-21,TMIN,-66
CHM00056046,2008-11-28,TMIN,-164
CHM00052983,2012-06-29,TMAX,204
CHM00056080,2014-02-10,TMIN,-138
CHM00056080,2014-02-10,TMAX,2
CHM00052983,2006-05-04,TMIN,122
CHM00056080,2011-08-03,TMIN,36
CHM00056046,2012-12-17,TMIN,-109
CHM00052983,2006-05-04,TMAX,219
CHM00052983,2008-02-26,TMAX,21
CHM00052983,2008-12-19,TMAX,55
CHM00056046,2006-05-21,TMAX,100
CHM00056046,2015-11-25,TMIN,-140
CHM00056080,2007-02-25,TMIN,-136
CHM00052983,2008-05-13,TMIN,29
CHM00052889,2006-04-09,TMIN,-6
CHM00052889,2006-06-25,TMAX,295
CHM00056080,2010-04-02,TMIN,-31
CHM00056046,2008-01-14,TMAX,3
CHM00056046,2008-01-14,TMIN,-126
CHM00056080,2013-05-24,TMIN,46
CHM00056080,2009-11-24,TMAX,95
CHM00056080,2009-11-24,TMIN,-135
CHM00056080,2010-04-02,TMAX,99
CHM00056080,2014-04-11,TMIN,0
CHM00056080,2014-04-11,TMAX,62
CHM00052983,2008-08-01,TMAX,201
CHM00052983,2010-03-21,TMAX,179
CHM00056046,2006-04-21,TMAX,67
CHM00056046,2011-12-14,TMAX,-29
CHM00056046,2011-12-14,TMIN,-196
CHM00056046,2008-09-28,TMAX,104
CHM00056046,2006-04-21,TMIN,-31
CHM00056046,2015-11-25,TMAX,25
CHM00056046,2008-11-28,TMAX,-42
CHM00056080,2007-04-05,TMIN,-65
CHM00056080,2007-04-05,TMAX,98
CHM00056046,2005-05-29,TMAX,161
CHM00052889,2007-10-03,TMIN,123
CHM00052889,2007-10-03,TMAX,184
CHM00056080,2009-09-17,TMIN,75
CHM00052889,2006-04-21,TMAX,209
CHM00052889,2006-04-21,TMIN,86
CHM00056046,2005-10-11,TMAX,96
CHM00056080,2009-09-17,TMAX,215
CHM00056046,2011-11-12,TMAX,27
CHM00056080,2008-10-11,TMAX,132
CHM00052983,2010-03-17,TMAX,190
CHM00052983,2013-03-26,TMIN,-37
CHM00052983,2011-02-07,TMAX,59
CHM00052983,2010-08-17,TMIN,117
CHM00052983,2007-01-16,TMAX,-15
CHM00052983,2010-08-17,TMAX,273
CHM00052889,2006-12-20,TMAX,11
CHM00056080,2011-08-06,TMAX,224
CHM00056080,2011-08-06,TMIN,30
CHM00056080,2015-11-09,TMIN,-41
CHM00056080,2015-11-09,TMAX,102
CHM00056080,2008-03-01,TMAX,22
CHM00052983,2012-03-11,TMIN,-30
CHM00052983,2012-03-11,TMAX,72
CHM00056080,2013-01-29,TMIN,-156
CHM00056080,2012-02-19,TMIN,-157
CHM00052983,2013-03-26,TMAX,170
CHM00056080,2013-01-29,TMAX,65
CHM00052983,2010-03-17,TMIN,-19
CHM00056046,2011-11-12,TMIN,-79
CHM00052889,2007-04-13,TMIN,59
CHM00052889,2006-05-30,TMAX,294
CHM00052889,2006-05-30,TMIN,92
CHM00056080,2010-08-16,TMIN,88
CHM00056046,2010-09-04,TMAX,113
CHM00052983,2011-12-11,TMAX,-36
CHM00056046,2008-05-23,TMAX,153
CHM00056046,2010-09-04,TMIN,44
CHM00056080,2009-01-31,TMIN,-117
CHM00056046,2008-05-23,TMIN,-26
CHM00052983,2006-02-28,TMAX,15
CHM00056046,2005-05-07,TMIN,4
CHM00056080,2014-09-05,TMIN,51
CHM00052889,2008-02-28,TMAX,96
CHM00052889,2008-02-29,TMAX,105
CHM00052889,2008-02-28,TMIN,-41
CHM00052889,2008-02-29,TMIN,-40
CHM00056080,2014-09-05,TMAX,253
CHM00056046,2005-05-07,TMAX,67
CHM00052983,2009-10-11,TMAX,97
CHM00056080,2009-01-31,TMAX,39
CHM00056046,2005-10-11,TMIN,6
CHM00056080,2008-10-11,TMIN,22
CHM00052889,2006-12-20,TMIN,-155
CHM00052983,2012-03-27,TMAX,167
CHM00056080,2008-03-01,TMIN,-113
CHM00052983,2015-07-06,TMIN,78
CHM00056046,2005-07-10,TMAX,127
CHM00052983,2011-04-13,TMIN,30
CHM00056046,2005-07-10,TMIN,50
CHM00056046,2007-02-21,TMAX,-64
CHM00056080,2015-01-07,TMIN,-221
CHM00056046,2009-11-24,TMAX,16
CHM00056046,2009-11-24,TMIN,-160
CHM00056046,2009-09-17,TMIN,69
CHM00056046,2009-09-17,TMAX,173
CHM00056080,2010-06-19,TMAX,149
CHM00052889,2007-02-28,TMIN,51
CHM00052889,2005-01-04,TMIN,-146
CHM00052889,2007-04-16,TMIN,62
CHM00052889,2007-04-16,TMAX,196
CHM00052889,2007-02-28,TMAX,168
CHM00056080,2005-10-12,TMIN,26
CHM00052889,2005-01-04,TMAX,-14
CHM00052889,2007-03-13,TMIN,65
CHM00052889,2007-03-13,TMAX,142
CHM00056046,2014-03-15,TMAX,17
CHM00056046,2012-09-13,TMIN,-67
CHM00056046,2012-09-13,TMAX,126
CHM00056080,2005-10-12,TMAX,133
CHM00052983,2011-04-13,TMAX,225
CHM00056080,2012-02-19,TMAX,54
CHM00056046,2007-02-21,TMIN,-242
CHM00052983,2007-09-16,TMAX,191
CHM00056046,2015-06-09,TMAX,118
CHM00052983,2011-03-18,TMIN,-74
CHM00056046,2007-01-21,TMAX,-15
CHM00052889,2005-05-22,TMAX,186
CHM00056080,2010-10-30,TMAX,126
CHM00056046,2014-10-29,TMIN,-75
CHM00056046,2007-01-21,TMIN,-225
CHM00052889,2005-05-22,TMIN,93
CHM00052983,2015-02-13,TMIN,-95
CHM00056080,2006-02-21,TMIN,-74
CHM00056080,2006-02-21,TMAX,46
CHM00056080,2010-10-09,TMIN,-16
CHM00052983,2015-02-13,TMAX,109
CHM00056080,2010-10-30,TMIN,-70
CHM00056046,2009-05-14,TMAX,35
CHM00056046,2009-06-01,TMAX,41
CHM00052983,2011-03-18,TMAX,41
CHM00056046,2009-05-14,TMIN,-21
CHM00052983,2015-10-16,TMIN,32
CHM00052889,2008-07-16,TMAX,274
CHM00052889,2008-07-16,TMIN,198
CHM00056046,2009-06-01,TMIN,-2
CHM00056080,2010-10-09,TMAX,184
CHM00056080,2015-01-07,TMAX,-20
CHM00052889,2006-03-27,TMAX,164
CHM00056080,2008-07-20,TMIN,88
CHM00052983,2007-01-10,TMIN,-145
CHM00056080,2008-05-29,TMAX,120
CHM00056080,2007-03-25,TMAX,92
CHM00056046,2006-10-14,TMIN,-65
CHM00056080,2008-05-29,TMIN,60
CHM00056080,2010-03-12,TMIN,-84
CHM00056046,2010-06-27,TMAX,205
CHM00052983,2008-09-10,TMIN,45
CHM00056046,2013-07-14,TMAX,154
CHM00056080,2010-03-12,TMAX,161
CHM00052983,2009-07-21,TMAX,243
CHM00052889,2008-04-22,TMAX,107
CHM00056080,2005-03-28,TMIN,-37
CHM00056046,2009-10-16,TMAX,82
CHM00056046,2009-10-16,TMIN,-61
CHM00056046,2009-02-18,TMIN,-110
CHM00056046,2005-04-13,TMAX,18
CHM00056046,2005-04-13,TMIN,-126
CHM00052983,2011-01-19,TMAX,-53
CHM00052983,2007-10-24,TMIN,-25
CHM00056080,2012-08-04,TMAX,228
CHM00056080,2012-08-04,TMIN,96
CHM00052983,2007-10-24,TMAX,117
CHM00056080,2005-03-28,TMAX,51
CHM00052983,2007-12-10,TMAX,3
CHM00052889,2008-04-22,TMIN,37
CHM00056080,2015-03-23,TMIN,-26
CHM00056080,2011-11-16,TMIN,-53
CHM00052983,2009-09-17,TMIN,98
CHM00052983,2009-09-17,TMAX,246
CHM00056046,2010-06-27,TMIN,90
CHM00052889,2006-07-11,TMIN,76
CHM00052889,2005-03-18,TMAX,124
CHM00056080,2008-01-08,TMIN,-138
CHM00056080,2008-01-08,TMAX,101
CHM00052889,2006-07-11,TMAX,314
CHM00052983,2008-05-08,TMIN,61
CHM00052889,2006-05-21,TMIN,48
CHM00052983,2007-12-10,TMIN,-107
CHM00056080,2011-02-04,TMAX,97
CHM00056080,2011-02-04,TMIN,-168
CHM00056046,2006-02-03,TMIN,-119
CHM00056080,2007-03-25,TMIN,-44
CHM00056046,2006-10-14,TMAX,104
CHM00056046,2006-05-23,TMIN,23
CHM00052889,2007-01-21,TMAX,2
CHM00056080,2015-03-23,TMAX,80
CHM00052889,2007-01-21,TMIN,-99
CHM00056046,2006-05-23,TMAX,129
CHM00056046,2006-02-03,TMAX,51
CHM00056080,2007-10-13,TMAX,61
CHM00056080,2010-10-25,TMIN,-51
CHM00056080,2010-10-25,TMAX,10
CHM00056080,2007-10-13,TMIN,11
CHM00056080,2010-03-11,TMIN,-88
CHM00056080,2015-11-01,TMIN,-96
CHM00052889,2007-02-27,TMIN,51
CHM00056046,2008-02-29,TMIN,-227
CHM00056046,2005-03-28,TMIN,-66
CHM00056046,2005-03-28,TMAX,43
CHM00056080,2012-07-11,TMAX,150
CHM00056080,2012-07-11,TMIN,105
CHM00052983,2010-03-15,TMAX,77
CHM00056080,2005-05-31,TMAX,153
CHM00056080,2012-03-16,TMAX,66
CHM00056080,2011-10-09,TMAX,167
CHM00056080,2011-10-09,TMIN,44
CHM00056080,2012-03-16,TMIN,-40
CHM00056080,2005-05-31,TMIN,64
CHM00056046,2009-11-13,TMIN,-125
CHM00056046,2009-11-13,TMAX,63
CHM00056080,2007-06-15,TMAX,214
CHM00056080,2010-08-21,TMIN,61
CHM00052983,2011-02-18,TMAX,11
CHM00056080,2010-08-21,TMAX,190
CHM00056046,2007-03-25,TMIN,-80
CHM00056046,2007-03-25,TMAX,58
CHM00056080,2005-06-28,TMAX,234
CHM00056046,2005-05-14,TMAX,89
CHM00056080,2005-06-29,TMAX,219
CHM00056080,2010-03-11,TMAX,126
CHM00056046,2015-01-15,TMIN,-285
CHM00056046,2015-01-15,TMAX,-74
CHM00052983,2012-03-09,TMAX,29
CHM00052983,2012-01-26,TMIN,-202
CHM00052983,2012-01-26,TMAX,-29
CHM00056046,2007-03-13,TMIN,-103
CHM00056046,2007-03-13,TMAX,89
CHM00052983,2008-09-10,TMAX,200
CHM00052983,2012-03-09,TMIN,-68
CHM00056080,2008-01-27,TMIN,-161
CHM00056046,2008-10-23,TMIN,-102
CHM00056080,2012-09-17,TMIN,36
CHM00052889,2005-06-27,TMIN,105
CHM00056080,2015-09-07,TMIN,60
CHM00056046,2009-02-18,TMAX,28
CHM00056080,2008-01-27,TMAX,-86
CHM00052889,2005-06-27,TMAX,251
CHM00056046,2013-01-23,TMAX,-29
CHM00056080,2012-09-17,TMAX,174
CHM00056046,2013-01-23,TMIN,-262
CHM00056046,2008-10-23,TMAX,32
CHM00056080,2007-06-15,TMIN,67
CHM00052889,2007-02-27,TMAX,155
CHM00056080,2005-06-29,TMIN,85
CHM00056046,2005-05-14,TMIN,3
CHM00052889,2005-03-18,TMIN,-74
CHM00056046,2010-09-18,TMIN,28
CHM00056046,2005-09-28,TMAX,179
CHM00056080,2005-04-24,TMIN,17
CHM00052983,2007-02-28,TMIN,2
CHM00052983,2013-03-10,TMAX,144
CHM00052983,2007-02-28,TMAX,133
CHM00056080,2015-11-20,TMAX,137
CHM00056046,2008-09-17,TMIN,13
CHM00052889,2007-04-08,TMAX,168
CHM00052983,2013-03-10,TMIN,-16
CHM00056080,2005-05-14,TMIN,9
CHM00056046,2006-06-29,TMIN,60
CHM00056080,2011-02-28,TMAX,48
CHM00056046,2006-06-29,TMAX,165
CHM00056080,2011-07-24,TMAX,251
CHM00056080,2011-02-28,TMIN,-85
CHM00056080,2013-01-18,TMAX,102
CHM00056080,2013-01-18,TMIN,-161
CHM00056080,2005-05-14,TMAX,184
CHM00056080,2015-11-20,TMIN,-77
CHM00052889,2008-10-12,TMAX,202
CHM00052889,2008-10-12,TMIN,76
CHM00056046,2010-04-25,TMAX,26
CHM00052983,2007-01-26,TMAX,11
CHM00052889,2007-04-08,TMIN,71
CHM00056046,2010-04-25,TMIN,-51
CHM00056046,2005-09-28,TMIN,31
CHM00052889,2006-01-20,TMAX,-10
CHM00056046,2008-05-29,TMAX,72
CHM00056046,2007-10-29,TMAX,61
CHM00052889,2007-06-14,TMAX,339
CHM00052889,2007-06-14,TMIN,173
CHM00056046,2007-10-29,TMIN,-87
CHM00056046,2013-11-20,TMAX,6
CHM00052983,2007-08-13,TMAX,259
CHM00052983,2008-03-29,TMIN,2
CHM00056046,2008-05-29,TMIN,4
CHM00056046,2013-02-17,TMAX,87
CHM00052983,2007-08-13,TMIN,86
CHM00056046,2005-05-24,TMIN,9
CHM00052983,2005-03-14,TMIN,-15
CHM00056080,2013-05-15,TMIN,57
CHM00052983,2006-02-21,TMAX,6
CHM00056080,2009-10-11,TMAX,64
CHM00056080,2009-10-11,TMIN,15
CHM00056046,2010-10-30,TMAX,97
CHM00052983,2009-03-26,TMAX,58
CHM00056046,2010-10-30,TMIN,-106
CHM00056080,2011-07-24,TMIN,99
CHM00056046,2008-09-17,TMAX,115
CHM00052889,2006-01-20,TMIN,-97
CHM00056080,2005-04-24,TMAX,116
CHM00056046,2011-03-17,TMIN,-140
CHM00052889,2006-04-30,TMAX,317
CHM00056080,2011-11-02,TMIN,-6
CHM00056046,2007-09-23,TMIN,-22
CHM00056046,2012-07-23,TMAX,163
CHM00056046,2012-07-23,TMIN,56
CHM00056080,2012-12-03,TMIN,-112
CHM00056080,2012-12-03,TMAX,87
CHM00056046,2010-09-18,TMAX,210
CHM00056046,2009-06-23,TMIN,75
CHM00052983,2011-06-06,TMIN,95
CHM00056046,2009-06-23,TMAX,182
CHM00052889,2007-10-30,TMIN,9
CHM00056046,2007-09-23,TMAX,176
CHM00052889,2007-10-30,TMAX,116
CHM00056046,2006-07-09,TMIN,43
CHM00052983,2008-05-08,TMAX,172
CHM00056080,2011-11-16,TMAX,42
CHM00052983,2007-10-21,TMAX,138
CHM00056046,2013-02-19,TMAX,-2
CHM00052983,2007-10-21,TMIN,8
CHM00052983,2011-01-19,TMIN,-161
CHM00052889,2006-05-21,TMAX,180
CHM00056046,2013-07-14,TMIN,95
CHM00056080,2006-02-03,TMIN,-107
CHM00056080,2006-02-03,TMAX,84
CHM00052983,2011-06-06,TMAX,273
CHM00052889,2006-04-30,TMIN,81
CHM00056046,2009-02-27,TMIN,-116
CHM00056046,2013-02-19,TMIN,-235
CHM00056080,2005-04-26,TMIN,-28
CHM00056046,2012-11-24,TMAX,22
CHM00056080,2011-11-02,TMAX,67
CHM00056046,2012-11-24,TMIN,-88
CHM00056080,2005-04-26,TMAX,152
CHM00052889,2006-03-13,TMAX,-32
CHM00052983,2015-07-19,TMIN,81
CHM00052889,2006-03-13,TMIN,-110
CHM00056080,2010-09-19,TMIN,115
CHM00056080,2005-06-21,TMAX,190
CHM00056080,2009-05-31,TMAX,165
CHM00052983,2014-04-19,TMIN,18
CHM00056080,2005-06-21,TMIN,57
CHM00056080,2010-09-19,TMAX,263
CHM00056080,2007-02-09,TMAX,52
CHM00056080,2007-02-09,TMIN,-126
CHM00056080,2009-05-31,TMIN,12
CHM00056080,2010-12-24,TMIN,-161
CHM00056080,2010-12-24,TMAX,-30
CHM00056046,2006-07-09,TMAX,150
CHM00052983,2014-04-19,TMAX,111
CHM00052983,2007-02-02,TMAX,116
CHM00052983,2007-02-02,TMIN,-104
CHM00056046,2009-02-27,TMAX,-21
CHM00056046,2005-06-29,TMIN,41
CHM00056080,2008-01-11,TMAX,11
CHM00056046,2005-06-29,TMAX,169
CHM00056080,2007-12-11,TMIN,-101
CHM00056080,2010-04-13,TMAX,120
CHM00052983,2012-07-27,TMIN,182
CHM00052983,2012-07-27,TMAX,274
CHM00056080,2007-12-11,TMAX,7
CHM00056080,2005-04-13,TMAX,61
CHM00056046,2010-04-07,TMAX,-5
CHM00052889,2005-03-28,TMIN,-3
CHM00052889,2005-03-28,TMAX,151
CHM00056046,2010-04-07,TMIN,-74
CHM00052889,2006-05-03,TMIN,147
CHM00052983,2014-06-16,TMAX,281
CHM00052889,2005-05-29,TMAX,254
CHM00052889,2005-05-29,TMIN,122
CHM00056080,2013-03-13,TMAX,141
CHM00056080,2012-11-24,TMAX,29
CHM00056080,2012-11-24,TMIN,-112
CHM00052983,2012-03-17,TMIN,-18
CHM00052889,2005-04-10,TMIN,1
CHM00052889,2005-04-10,TMAX,103
CHM00056080,2007-10-29,TMAX,97
CHM00052983,2008-02-16,TMIN,-112
CHM00052983,2008-02-16,TMAX,-10
CHM00056080,2010-04-13,TMIN,-66
CHM00056080,2010-07-04,TMIN,103
CHM00056046,2006-06-25,TMAX,168
CHM00052983,2012-12-07,TMAX,46
CHM00052889,2008-03-04,TMIN,9
CHM00056080,2012-08-17,TMIN,110
CHM00056080,2012-08-17,TMAX,146
CHM00052983,2006-04-10,TMAX,233
CHM00056046,2010-03-12,TMIN,-131
CHM00052983,2012-09-14,TMAX,199
CHM00052983,2012-09-14,TMIN,19
CHM00056046,2010-03-12,TMAX,77
CHM00052889,2008-03-04,TMAX,149
CHM00056046,2010-05-31,TMAX,87
CHM00056046,2015-02-06,TMAX,7
CHM00056080,2014-04-06,TMIN,-50
CHM00052889,2005-01-07,TMAX,-1
CHM00052983,2009-06-17,TMAX,300
CHM00052983,2009-06-17,TMIN,121
CHM00052889,2005-01-07,TMIN,-133
CHM00056046,2015-02-06,TMIN,-190
CHM00056046,2006-06-25,TMIN,2
CHM00056080,2014-04-06,TMAX,125
CHM00056046,2010-06-21,TMAX,164
CHM00056080,2011-02-22,TMAX,82
CHM00056080,2011-02-22,TMIN,-87
CHM00056046,2008-03-12,TMIN,-60
CHM00052889,2006-05-03,TMAX,265
CHM00056046,2010-06-21,TMIN,22
CHM00056080,2007-10-29,TMIN,-48
CHM00056080,2014-05-20,TMAX,176
CHM00056046,2014-03-12,TMAX,30
CHM00052889,2006-01-15,TMAX,6
CHM00052889,2006-01-15,TMIN,-132
CHM00052889,2005-10-07,TMAX,176
CHM00052889,2005-10-07,TMIN,7
CHM00052983,2011-10-28,TMIN,-15
CHM00052983,2011-10-28,TMAX,148
CHM00056046,2008-12-25,TMIN,-184
CHM00056046,2008-12-25,TMAX,-9
CHM00056080,2011-08-31,TMAX,245
CHM00056080,2011-08-31,TMIN,122
CHM00056080,2013-09-28,TMAX,187
CHM00056080,2013-09-28,TMIN,-26
CHM00052983,2013-07-20,TMIN,98
CHM00056046,2008-11-24,TMIN,-161
CHM00056046,2008-11-24,TMAX,-8
CHM00056046,2008-08-30,TMAX,87
CHM00056046,2008-08-30,TMIN,-1
CHM00056080,2008-06-27,TMAX,210
CHM00056046,2010-10-25,TMIN,-21
CHM00056046,2010-10-25,TMAX,111
CHM00056080,2015-09-04,TMIN,94
CHM00052983,2011-05-13,TMAX,100
CHM00056080,2008-06-27,TMIN,34
CHM00052889,2008-04-29,TMIN,141
CHM00052983,2012-03-17,TMAX,161
CHM00056046,2014-03-12,TMIN,-96
CHM00056080,2014-11-02,TMAX,48
CHM00052889,2008-04-29,TMAX,271
CHM00056046,2010-03-26,TMIN,-108
CHM00056046,2010-03-26,TMAX,55
CHM00052889,2008-10-31,TMIN,16
CHM00052889,2005-05-14,TMIN,79
CHM00056046,2008-03-12,TMAX,22
CHM00052889,2008-10-31,TMAX,165
CHM00056080,2010-07-04,TMAX,160
CHM00056080,2005-04-13,TMIN,-58
CHM00052889,2005-05-14,TMAX,286
CHM00056046,2006-10-19,TMIN,-87
CHM00056046,2006-10-19,TMAX,86
CHM00056080,2013-03-13,TMIN,-74
CHM00052983,2011-03-14,TMAX,-28
CHM00056080,2014-01-08,TMAX,-20
CHM00052889,2006-06-23,TMAX,296
CHM00052889,2006-06-23,TMIN,93
CHM00056080,2007-08-23,TMAX,222
CHM00056080,2007-08-23,TMIN,106
CHM00052983,2011-02-05,TMAX,102
CHM00056080,2014-01-08,TMIN,-197
CHM00052983,2011-02-05,TMIN,-85
CHM00056080,2014-05-20,TMIN,13
CHM00056046,2009-01-26,TMIN,-156
CHM00056046,2006-03-13,TMIN,-200
CHM00056080,2012-12-17,TMIN,-88
CHM00052983,2012-04-05,TMAX,166
CHM00052983,2015-03-20,TMAX,108
CHM00052889,2006-12-22,TMIN,-151
CHM00056080,2006-06-09,TMIN,51
CHM00056080,2006-06-09,TMAX,173
CHM00052889,2006-06-29,TMIN,132
CHM00052889,2006-06-29,TMAX,299
CHM00052889,2006-12-22,TMAX,8
CHM00052983,2009-09-14,TMAX,214
CHM00052983,2006-10-04,TMAX,164
CHM00052983,2006-10-04,TMIN,54
CHM00056080,2015-05-23,TMIN,29
CHM00052983,2008-12-31,TMAX,13
CHM00056080,2014-02-14,TMAX,43
CHM00052983,2009-09-14,TMIN,89
CHM00056046,2008-03-01,TMAX,-62
CHM00056080,2005-06-28,TMIN,43
CHM00056080,2014-02-14,TMIN,-139
CHM00052983,2011-07-05,TMAX,203
CHM00052983,2011-07-05,TMIN,131
CHM00056080,2013-09-11,TMAX,152
CHM00056046,2006-12-31,TMIN,-234
CHM00056046,2006-12-31,TMAX,-74
CHM00056046,2005-04-26,TMAX,110
CHM00056046,2010-12-15,TMAX,-78
CHM00052983,2012-04-05,TMIN,31
CHM00056046,2006-04-30,TMAX,132
CHM00056080,2008-01-11,TMIN,-122
CHM00056046,2008-02-28,TMIN,-176
CHM00056080,2006-12-31,TMIN,-187
CHM00056080,2006-12-31,TMAX,28
CHM00052983,2011-02-14,TMAX,59
CHM00056080,2009-12-02,TMAX,38
CHM00056080,2009-02-27,TMAX,19
CHM00056080,2009-02-27,TMIN,-82
CHM00056080,2009-12-02,TMIN,-127
CHM00056046,2011-03-17,TMAX,75
CHM00052983,2015-03-22,TMIN,0
CHM00056046,2008-02-29,TMAX,-20
CHM00052983,2011-02-14,TMIN,-127
CHM00056080,2006-07-09,TMAX,222
CHM00056080,2006-07-09,TMIN,58
CHM00056080,2010-03-26,TMIN,-55
CHM00056080,2015-02-18,TMIN,-109
CHM00052889,2006-02-03,TMIN,-110
CHM00056046,2005-04-26,TMIN,-44
CHM00052889,2006-02-03,TMAX,83
CHM00056080,2015-02-18,TMAX,107
CHM00056046,2008-02-28,TMAX,-85
CHM00056080,2010-03-26,TMAX,19
CHM00056046,2006-04-30,TMIN,-53
CHM00056080,2012-12-17,TMAX,7
CHM00056046,2010-12-15,TMIN,-224
CHM00052983,2009-05-08,TMAX,209
CHM00056080,2007-10-28,TMAX,23
CHM00056080,2006-06-25,TMIN,36
CHM00056080,2010-04-25,TMAX,74
CHM00056080,2014-08-22,TMAX,114
CHM00056080,2010-04-25,TMIN,2
CHM00056080,2006-06-25,TMAX,211
CHM00056080,2010-04-26,TMAX,124
CHM00056080,2010-04-26,TMIN,-75
CHM00056080,2011-08-07,TMAX,240
CHM00056046,2015-01-07,TMAX,-159
CHM00052983,2010-09-15,TMAX,237
CHM00056080,2006-04-30,TMAX,215
CHM00056046,2015-01-07,TMIN,-333
CHM00056080,2011-08-07,TMIN,45
CHM00052983,2010-09-15,TMIN,170
CHM00052983,2007-09-21,TMAX,221
CHM00056080,2006-04-30,TMIN,-2
CHM00056046,2010-05-31,TMIN,18
CHM00052983,2007-09-21,TMIN,83
CHM00056046,2010-08-16,TMAX,207
CHM00056046,2010-08-16,TMIN,18
CHM00056046,2006-03-13,TMAX,-22
CHM00056046,2013-06-20,TMAX,173
CHM00056046,2006-06-09,TMAX,142
CHM00056046,2007-08-23,TMAX,175
CHM00056080,2007-10-28,TMIN,-22
CHM00056046,2006-06-09,TMIN,38
CHM00056046,2007-08-23,TMIN,63
CHM00052983,2009-05-08,TMIN,130
CHM00052983,2008-12-31,TMIN,-152
CHM00056046,2008-03-01,TMIN,-148
CHM00056080,2015-05-19,TMIN,22
CHM00052889,2007-02-25,TMAX,195
CHM00052983,2009-07-29,TMIN,109
CHM00052983,2009-07-29,TMAX,297
CHM00052889,2007-02-25,TMIN,-13
CHM00052889,2008-04-24,TMIN,53
CHM00056080,2012-07-23,TMAX,205
CHM00056080,2012-07-23,TMIN,100
CHM00052983,2012-08-07,TMIN,169
CHM00056080,2011-11-12,TMIN,-31
CHM00052983,2007-08-16,TMIN,128
CHM00052983,2012-08-07,TMAX,218
CHM00052983,2007-08-16,TMAX,244
CHM00056080,2011-11-12,TMAX,25
CHM00056046,2010-12-14,TMAX,-12
CHM00052889,2008-04-24,TMAX,218
CHM00056046,2010-09-19,TMIN,27
CHM00056046,2010-09-19,TMAX,200
CHM00056046,2015-08-30,TMIN,29
CHM00056046,2010-12-14,TMIN,-232
CHM00056046,2011-12-12,TMAX,-67
CHM00056080,2015-06-05,TMIN,5
CHM00052983,2013-04-14,TMIN,11
CHM00056046,2014-10-20,TMAX,36
CHM00056080,2014-09-18,TMAX,198
CHM00052889,2007-01-25,TMAX,37
CHM00056046,2013-06-19,TMIN,57
CHM00052889,2008-04-27,TMIN,83
CHM00052889,2008-04-27,TMAX,235
CHM00056046,2011-07-31,TMIN,63
CHM00052889,2005-09-29,TMIN,143
CHM00056046,2011-05-04,TMAX,121
CHM00056046,2011-05-04,TMIN,-73
CHM00052983,2012-12-14,TMAX,102
CHM00052983,2011-10-26,TMAX,115
CHM00056046,2010-04-18,TMIN,-82
CHM00056046,2011-03-11,TMAX,-3
CHM00056046,2011-03-11,TMIN,-112
CHM00056046,2012-12-12,TMIN,-174
CHM00056046,2012-12-12,TMAX,-12
CHM00052889,2006-03-19,TMIN,-40
CHM00056046,2011-07-31,TMAX,154
CHM00052889,2006-03-19,TMAX,199
CHM00056046,2015-10-08,TMAX,97
CHM00056080,2008-08-07,TMAX,141
CHM00056046,2010-04-18,TMAX,119
CHM00052983,2012-12-14,TMIN,-89
CHM00056046,2008-11-25,TMAX,-49
CHM00052983,2010-09-01,TMAX,180
CHM00056080,2012-12-01,TMIN,-96
CHM00052983,2008-03-11,TMIN,10
CHM00052983,2012-05-20,TMAX,229
CHM00052983,2008-03-11,TMAX,152
CHM00056046,2010-03-15,TMAX,-8
CHM00052983,2009-05-30,TMIN,74
CHM00052983,2011-04-20,TMAX,221
CHM00052983,2011-04-20,TMIN,89
CHM00052983,2011-05-15,TMAX,210
CHM00052983,2013-02-05,TMIN,-81
CHM00052983,2013-05-14,TMIN,98
CHM00056080,2012-12-01,TMAX,43
CHM00052983,2013-02-05,TMAX,112
CHM00056046,2007-09-11,TMIN,44
CHM00052889,2005-09-29,TMAX,196
CHM00056046,2011-03-12,TMAX,25
CHM00056046,2007-09-11,TMAX,133
CHM00052983,2008-05-24,TMAX,278
CHM00052983,2007-02-14,TMIN,-72
CHM00052983,2007-02-14,TMAX,106
CHM00056046,2008-11-25,TMIN,-148
CHM00052983,2008-05-24,TMIN,89
CHM00056046,2011-03-12,TMIN,-174
CHM00052983,2010-10-27,TMIN,-8
CHM00056046,2012-08-01,TMAX,168
CHM00052983,2010-10-27,TMAX,68
CHM00056080,2008-08-07,TMIN,103
CHM00056046,2014-06-10,TMIN,57
CHM00056046,2014-06-10,TMAX,161
CHM00056080,2008-09-20,TMAX,264
CHM00052983,2006-02-10,TMIN,-73
CHM00052983,2006-02-10,TMAX,48
CHM00056080,2008-09-20,TMIN,66
CHM00056046,2013-08-17,TMIN,50
CHM00056080,2010-04-11,TMAX,176
CHM00056080,2010-04-11,TMIN,-14
CHM00056046,2014-05-24,TMAX,169
CHM00056046,2011-08-29,TMIN,-11
CHM00056080,2007-08-21,TMAX,241
CHM00056080,2007-08-21,TMIN,83
CHM00056080,2013-04-13,TMAX,112
CHM00056046,2011-04-09,TMAX,37
CHM00052983,2013-10-06,TMAX,217
CHM00056046,2011-04-09,TMIN,-61
CHM00052983,2007-01-28,TMIN,-133
CHM00056046,2010-11-05,TMIN,-125
CHM00056080,2007-04-10,TMIN,-73
CHM00056080,2005-04-02,TMIN,-52
CHM00052983,2007-01-28,TMAX,84
CHM00056080,2005-04-02,TMAX,70
CHM00056080,2014-07-26,TMAX,233
CHM00052889,2007-03-04,TMAX,27
CHM00056046,2007-08-11,TMAX,162
CHM00056046,2007-08-11,TMIN,50
CHM00052889,2005-05-27,TMAX,297
CHM00052889,2005-05-27,TMIN,96
CHM00056080,2009-11-05,TMIN,-79
CHM00056080,2009-11-05,TMAX,156
CHM00056080,2008-02-20,TMAX,15
CHM00052889,2005-07-28,TMIN,131
CHM00056080,2010-12-25,TMAX,-18
CHM00056080,2010-12-25,TMIN,-216
CHM00056046,2008-11-30,TMAX,0
CHM00056046,2008-11-30,TMIN,-198
CHM00052889,2005-07-28,TMAX,303
CHM00052889,2008-03-27,TMIN,44
CHM00052983,2010-03-28,TMAX,155
CHM00052983,2010-03-28,TMIN,3
CHM00052889,2008-03-27,TMAX,201
CHM00052983,2008-08-02,TMAX,244
CHM00052983,2006-03-21,TMAX,93
CHM00056046,2014-05-24,TMIN,11
CHM00056046,2012-08-01,TMIN,54
CHM00052983,2008-09-11,TMAX,210
CHM00052889,2007-08-09,TMIN,156
CHM00052889,2007-08-09,TMAX,276
CHM00052983,2013-11-18,TMIN,-76
CHM00056046,2013-08-17,TMAX,215
CHM00052889,2007-03-04,TMIN,-54
CHM00056080,2005-10-10,TMAX,177
CHM00056080,2005-10-10,TMIN,-10
CHM00056080,2006-01-09,TMIN,-170
CHM00056080,2010-05-27,TMAX,178
CHM00052889,2008-02-18,TMIN,-42
CHM00052983,2010-04-05,TMAX,124
CHM00056046,2014-09-11,TMAX,151
CHM00056046,2005-05-17,TMIN,-20
CHM00056046,2005-05-17,TMAX,117
CHM00056080,2010-03-24,TMAX,10
CHM00056080,2010-03-24,TMIN,-81
CHM00052983,2013-09-27,TMIN,57
CHM00052983,2015-01-18,TMIN,-150
CHM00052889,2008-07-31,TMIN,155
CHM00052889,2008-07-31,TMAX,225
CHM00056080,2008-02-25,TMAX,-52
CHM00056080,2015-12-30,TMIN,-178
CHM00052983,2009-11-20,TMAX,-27
CHM00052983,2013-04-18,TMAX,232
CHM00052983,2007-09-15,TMAX,244
CHM00052983,2014-03-27,TMAX,159
CHM00056080,2006-05-10,TMIN,27
CHM00056080,2006-05-10,TMAX,156
CHM00052983,2009-06-03,TMIN,89
CHM00052983,2009-06-03,TMAX,282
CHM00056080,2006-01-09,TMAX,69
CHM00056046,2008-05-18,TMIN,-24
CHM00052889,2008-02-18,TMAX,36
CHM00052983,2014-10-25,TMIN,10
CHM00052983,2012-01-29,TMAX,-30
CHM00052983,2012-01-29,TMIN,-120
CHM00056080,2009-02-08,TMIN,-77
CHM00056046,2010-04-11,TMAX,105
CHM00056046,2010-04-11,TMIN,-71
CHM00052889,2007-09-07,TMAX,189
CHM00052983,2013-02-03,TMAX,125
CHM00052889,2007-09-07,TMIN,142
CHM00052983,2013-02-03,TMIN,-91
CHM00056080,2006-10-12,TMAX,151
CHM00056080,2006-10-12,TMIN,-34
CHM00056080,2015-07-20,TMIN,36
CHM00056080,2009-02-08,TMAX,68
CHM00052983,2008-12-17,TMIN,-117
CHM00056080,2015-10-19,TMIN,-51
CHM00056046,2006-04-23,TMIN,-48
CHM00052983,2013-04-04,TMAX,141
CHM00056046,2010-09-08,TMIN,23
CHM00056080,2010-05-27,TMIN,65
CHM00056046,2010-09-08,TMAX,88
CHM00052983,2015-01-18,TMAX,42
CHM00056046,2006-04-23,TMAX,78
CHM00052983,2014-10-25,TMAX,179
CHM00056080,2011-06-09,TMAX,167
CHM00056080,2010-04-18,TMAX,174
CHM00056046,2008-05-18,TMAX,115
CHM00056080,2015-01-21,TMIN,-211
CHM00056046,2011-04-11,TMIN,-63
CHM00056046,2008-05-06,TMIN,-26
CHM00052983,2012-02-09,TMAX,-80
CHM00056046,2015-06-30,TMIN,87
CHM00052889,2005-03-21,TMAX,114
CHM00052889,2006-02-24,TMAX,97
CHM00052889,2005-03-21,TMIN,19
CHM00056080,2009-11-26,TMAX,49
CHM00052889,2008-01-03,TMAX,16
CHM00056046,2005-06-25,TMIN,14
CHM00056080,2009-10-01,TMAX,179
CHM00056080,2009-10-01,TMIN,33
CHM00052889,2008-01-03,TMIN,-87
CHM00052889,2007-10-18,TMAX,168
CHM00052889,2007-10-18,TMIN,88
CHM00056046,2011-03-07,TMIN,-146
CHM00056046,2011-03-07,TMAX,22
CHM00052889,2006-02-24,TMIN,-81
CHM00052983,2010-10-10,TMAX,70
CHM00056080,2009-11-26,TMIN,-100
CHM00052983,2015-12-31,TMIN,-131
CHM00056080,2005-05-26,TMIN,27
CHM00056080,2005-05-26,TMAX,199
CHM00056046,2008-05-06,TMAX,174
CHM00056080,2015-01-21,TMAX,32
CHM00056046,2006-03-14,TMIN,-159
CHM00056046,2006-05-10,TMAX,135
CHM00056046,2007-08-21,TMAX,189
CHM00056046,2007-08-21,TMIN,75
CHM00056046,2010-10-26,TMIN,-38
CHM00056046,2006-03-14,TMAX,30
CHM00052983,2007-09-15,TMIN,74
CHM00056046,2010-10-26,TMAX,43
CHM00056080,2005-03-25,TMAX,41
CHM00052983,2012-04-09,TMAX,148
CHM00056046,2012-10-19,TMAX,72
CHM00056046,2013-12-02,TMAX,11
CHM00056046,2013-12-02,TMIN,-202
CHM00052983,2013-07-03,TMIN,156
CHM00056080,2005-03-25,TMIN,-45
CHM00056046,2012-10-19,TMIN,-68
CHM00056046,2014-12-04,TMAX,42
CHM00056046,2010-06-14,TMIN,35
CHM00052983,2006-07-16,TMAX,325
CHM00056046,2005-06-25,TMAX,131
CHM00056080,2009-09-25,TMAX,120
CHM00056046,2010-06-14,TMAX,110
CHM00052983,2015-11-16,TMIN,-27
CHM00056080,2009-09-25,TMIN,41
CHM00056046,2006-05-10,TMIN,-21
CHM00056046,2011-04-11,TMAX,98
CHM00052983,2006-05-19,TMAX,233
CHM00056080,2010-04-18,TMIN,-18
CHM00056046,2010-11-05,TMAX,66
CHM00056046,2008-03-03,TMAX,-25
CHM00056046,2008-03-03,TMIN,-182
CHM00056080,2007-02-07,TMIN,-163
CHM00056080,2007-02-07,TMAX,69
CHM00056080,2005-06-11,TMAX,203
CHM00056046,2008-12-15,TMAX,4
CHM00056046,2008-12-15,TMIN,-194
CHM00056080,2010-09-16,TMIN,108
CHM00056080,2010-09-16,TMAX,258
CHM00052889,2006-06-03,TMIN,132
CHM00056080,2006-02-23,TMAX,59
CHM00052889,2006-06-03,TMAX,258
CHM00052983,2015-02-24,TMIN,-51
CHM00052983,2015-02-24,TMAX,9
CHM00056080,2009-02-07,TMIN,-103
CHM00056080,2009-02-07,TMAX,71
CHM00056046,2014-07-20,TMAX,197
CHM00056046,2014-07-20,TMIN,98
CHM00056046,2010-12-19,TMAX,9
CHM00056046,2010-12-19,TMIN,-172
CHM00056046,2012-08-16,TMAX,211
CHM00056080,2011-02-14,TMIN,-171
CHM00052983,2006-04-03,TMAX,157
CHM00056080,2015-01-18,TMAX,11
CHM00052983,2011-10-23,TMAX,81
CHM00056046,2005-05-26,TMAX,130
CHM00052983,2011-07-28,TMAX,158
CHM00052983,2011-07-28,TMIN,125
CHM00052983,2006-05-12,TMAX,96
CHM00056080,2008-05-24,TMIN,27
CHM00056080,2008-05-24,TMAX,236
CHM00056046,2006-12-28,TMAX,1
CHM00052983,2009-11-06,TMAX,191
CHM00056080,2015-01-18,TMIN,-212
CHM00056046,2012-08-16,TMIN,85
CHM00056046,2010-04-06,TMAX,50
CHM00056046,2010-04-06,TMIN,-58
CHM00056080,2005-06-11,TMIN,79
CHM00056080,2006-02-23,TMIN,-90
CHM00056046,2008-11-27,TMIN,-225
CHM00056046,2008-11-27,TMAX,-30
CHM00056046,2009-02-08,TMIN,-161
CHM00056046,2009-02-08,TMAX,39
CHM00056080,2007-10-18,TMAX,74
CHM00056080,2007-10-18,TMIN,-9
CHM00056080,2006-06-16,TMAX,210
CHM00056080,2006-06-16,TMIN,29
CHM00056080,2014-10-20,TMAX,65
CHM00056046,2005-05-26,TMIN,-12
CHM00056080,2011-02-14,TMAX,93
CHM00056046,2006-10-16,TMIN,-21
CHM00056046,2006-10-16,TMAX,90
CHM00052983,2006-01-09,TMAX,60
CHM00056046,2006-06-13,TMAX,104
CHM00056080,2006-07-02,TMIN,114
CHM00052889,2005-04-02,TMIN,-19
CHM00052983,2007-06-21,TMAX,169
CHM00052889,2005-04-02,TMAX,162
CHM00056080,2005-07-02,TMIN,84
CHM00056080,2015-06-01,TMAX,147
CHM00056080,2005-07-02,TMAX,154
CHM00056046,2006-02-10,TMIN,-191
CHM00056046,2006-02-10,TMAX,2
CHM00056080,2006-07-02,TMAX,206
CHM00052983,2008-06-26,TMAX,234
CHM00056080,2013-01-16,TMAX,13
CHM00052889,2005-05-09,TMIN,75
CHM00052889,2005-05-09,TMAX,249
CHM00052889,2005-04-09,TMIN,-37
CHM00052889,2007-01-13,TMIN,-97
CHM00056046,2010-04-17,TMIN,-52
CHM00056046,2010-04-17,TMAX,116
CHM00056080,2008-07-15,TMIN,21
CHM00056080,2008-07-15,TMAX,206
CHM00052983,2006-12-15,TMAX,-7
CHM00052983,2006-12-15,TMIN,-131
CHM00056046,2006-06-13,TMIN,33
CHM00056080,2006-06-13,TMAX,87
CHM00056080,2012-10-04,TMAX,122
CHM00052889,2006-06-07,TMIN,138
CHM00056046,2010-02-26,TMAX,28
CHM00056046,2011-07-07,TMAX,150
CHM00052983,2006-01-09,TMIN,-149
CHM00056080,2006-02-10,TMIN,-144
CHM00056080,2006-02-10,TMAX,66
CHM00052889,2006-06-07,TMAX,247
CHM00056046,2010-02-26,TMIN,-162
CHM00056046,2011-07-07,TMIN,64
CHM00052889,2008-11-12,TMAX,94
CHM00056080,2005-04-28,TMIN,-24
CHM00056080,2013-07-23,TMIN,70
CHM00056080,2008-05-09,TMIN,14
CHM00056080,2008-05-09,TMAX,141
CHM00052983,2009-12-01,TMIN,-73
CHM00056080,2005-04-28,TMAX,185
CHM00052889,2008-11-12,TMIN,33
CHM00052889,2008-09-12,TMIN,113
CHM00056080,2012-10-04,TMIN,32
CHM00056080,2007-09-07,TMAX,112
CHM00056080,2007-09-07,TMIN,79
CHM00056080,2013-06-02,TMIN,12
CHM00056046,2014-08-20,TMIN,60
CHM00056046,2014-08-20,TMAX,120
CHM00052983,2009-12-01,TMAX,35
CHM00056080,2006-06-13,TMIN,64
CHM00052983,2009-11-06,TMIN,-27
CHM00056046,2007-04-10,TMAX,71
CHM00056046,2011-08-29,TMAX,199
CHM00056080,2005-06-25,TMAX,191
CHM00056080,2005-06-25,TMIN,83
CHM00052983,2014-03-13,TMIN,-65
CHM00052983,2014-03-13,TMAX,91
CHM00052983,2008-09-08,TMAX,156
CHM00056046,2012-02-28,TMAX,32
CHM00056046,2005-10-13,TMAX,63
CHM00056046,2005-10-13,TMIN,-29
CHM00056046,2005-04-02,TMIN,-105
CHM00056046,2005-04-02,TMAX,-11
CHM00052983,2006-02-13,TMAX,99
CHM00052983,2006-02-13,TMIN,-23
CHM00056046,2015-07-10,TMIN,10
CHM00056080,2008-05-06,TMAX,254
CHM00056080,2008-05-06,TMIN,18
CHM00056046,2007-01-23,TMIN,-264
CHM00052889,2006-10-18,TMIN,56
CHM00052889,2006-10-18,TMAX,224
CHM00056080,2013-09-22,TMAX,133
CHM00056046,2012-12-02,TMAX,-13
CHM00056046,2007-01-23,TMAX,-43
CHM00052889,2008-06-04,TMIN,146
CHM00052983,2013-10-06,TMIN,73
CHM00052889,2008-06-04,TMAX,335
CHM00056046,2010-03-15,TMIN,-87
CHM00052889,2006-06-16,TMAX,330
CHM00056080,2007-04-10,TMAX,122
CHM00056046,2011-04-10,TMIN,-88
CHM00052889,2007-08-05,TMAX,323
CHM00052889,2007-08-05,TMIN,203
CHM00056046,2011-04-10,TMAX,98
CHM00052983,2009-10-26,TMAX,135
CHM00052983,2013-11-18,TMAX,96
CHM00056080,2009-05-10,TMIN,24
CHM00052983,2014-06-27,TMAX,267
CHM00056080,2009-05-10,TMAX,135
CHM00056046,2009-06-15,TMAX,158
CHM00056046,2009-06-15,TMIN,49
CHM00052983,2014-11-07,TMAX,97
CHM00052983,2014-11-07,TMIN,-30
CHM00052983,2006-05-25,TMAX,251
CHM00052889,2006-05-10,TMIN,35
CHM00052889,2006-05-10,TMAX,170
CHM00056080,2008-02-20,TMIN,-160
CHM00052983,2008-05-02,TMAX,226
CHM00056080,2010-06-17,TMAX,230
CHM00056080,2007-02-20,TMIN,-161
CHM00056080,2010-06-17,TMIN,43
CHM00056080,2007-02-20,TMAX,34
CHM00052889,2006-06-16,TMIN,105
CHM00056080,2015-11-14,TMIN,-58
CHM00056046,2008-07-27,TMIN,51
CHM00056046,2012-12-02,TMIN,-200
CHM00056046,2012-11-25,TMIN,-112
CHM00052889,2005-07-17,TMIN,166
CHM00052889,2005-07-17,TMAX,311
CHM00056046,2012-11-25,TMAX,-44
CHM00056080,2007-09-13,TMIN,31
CHM00056046,2005-10-06,TMIN,16
CHM00056080,2015-07-10,TMAX,237
CHM00056080,2015-07-10,TMIN,32
CHM00052889,2008-09-29,TMIN,106
CHM00056080,2007-09-13,TMAX,143
CHM00056046,2005-10-06,TMAX,82
CHM00056046,2006-12-21,TMAX,13
CHM00056046,2009-02-03,TMIN,-169
CHM00056046,2006-12-21,TMIN,-248
CHM00056046,2009-02-11,TMAX,92
CHM00056046,2009-02-11,TMIN,-157
CHM00056046,2009-03-29,TMAX,14
CHM00056046,2009-03-29,TMIN,-48
CHM00052889,2008-09-29,TMAX,218
CHM00056046,2006-06-16,TMAX,130
CHM00056046,2006-06-16,TMIN,21
CHM00056046,2006-12-28,TMIN,-205
CHM00056046,2007-04-10,TMIN,-114
CHM00056046,2013-06-19,TMAX,188
CHM00056046,2007-10-18,TMAX,29
CHM00056046,2008-10-28,TMIN,-45
CHM00056046,2015-06-01,TMIN,26
CHM00056046,2008-07-27,TMAX,209
CHM00056046,2012-02-29,TMAX,-15
CHM00056046,2007-10-18,TMIN,-12
CHM00056080,2014-08-18,TMAX,214
CHM00052889,2008-10-18,TMAX,157
CHM00052889,2008-10-18,TMIN,52
CHM00056046,2012-02-28,TMIN,-48
CHM00056080,2014-08-18,TMIN,48
CHM00056080,2010-04-17,TMIN,-4
CHM00056080,2010-04-17,TMAX,145
CHM00056046,2012-02-29,TMIN,-101
CHM00056080,2014-05-07,TMIN,-28
CHM00056080,2009-03-26,TMIN,-25
CHM00052889,2005-05-17,TMIN,22
CHM00056080,2009-03-26,TMAX,136
CHM00056080,2009-06-15,TMAX,212
CHM00056080,2009-06-15,TMIN,68
CHM00056046,2007-09-07,TMAX,101
CHM00056046,2009-04-30,TMIN,3
CHM00056046,2009-04-30,TMAX,93
CHM00056046,2009-02-03,TMAX,3
CHM00056046,2007-09-07,TMIN,58
CHM00052889,2005-05-17,TMAX,174
CHM00056046,2008-10-28,TMAX,37
CHM00056080,2009-04-30,TMAX,110
CHM00056080,2009-04-30,TMIN,20
CHM00056046,2005-05-09,TMAX,89
CHM00056046,2010-12-01,TMIN,-219
CHM00056046,2007-03-19,TMAX,41
CHM00052983,2009-05-18,TMAX,213
CHM00052983,2009-05-18,TMIN,7
CHM00056080,2014-02-01,TMAX,118
CHM00056080,2014-05-07,TMAX,179
CHM00052983,2008-12-24,TMAX,26
CHM00052983,2009-06-20,TMIN,100
CHM00056046,2010-06-17,TMAX,158
CHM00056046,2010-06-17,TMIN,28
CHM00056046,2007-01-13,TMAX,-35
CHM00052983,2014-08-04,TMAX,198
CHM00056046,2005-07-04,TMIN,85
CHM00052983,2007-09-19,TMAX,220
CHM00052983,2007-09-19,TMIN,42
CHM00056080,2008-07-22,TMAX,216
CHM00056080,2008-03-30,TMAX,64
CHM00056046,2007-01-05,TMIN,-208
CHM00056080,2008-07-22,TMIN,96
CHM00056046,2007-01-05,TMAX,29
CHM00056080,2008-03-30,TMIN,-57
CHM00052983,2009-06-20,TMAX,227
CHM00056046,2005-07-04,TMAX,178
CHM00056046,2007-01-13,TMIN,-111
CHM00056046,2009-05-15,TMAX,55
CHM00056046,2006-06-03,TMAX,162
CHM00056046,2005-07-18,TMIN,83
CHM00056080,2015-07-18,TMAX,198
CHM00056046,2007-03-19,TMIN,-145
CHM00056080,2006-12-28,TMAX,38
CHM00052889,2008-10-16,TMIN,71
CHM00056080,2012-05-23,TMIN,48
CHM00052889,2008-10-16,TMAX,196
CHM00052983,2008-09-14,TMAX,254
CHM00052983,2014-08-04,TMIN,146
CHM00052983,2005-04-28,TMIN,79
CHM00056046,2008-04-27,TMIN,-46
CHM00056046,2010-03-24,TMAX,50
CHM00056046,2006-06-03,TMIN,59
CHM00052983,2012-02-21,TMAX,100
CHM00052983,2005-04-28,TMAX,257
CHM00052983,2012-02-21,TMIN,-89
CHM00056046,2008-04-27,TMAX,71
CHM00056046,2010-03-24,TMIN,-54
CHM00052983,2009-11-29,TMAX,41
CHM00056080,2012-05-23,TMAX,119
CHM00052983,2008-09-14,TMIN,68
CHM00056046,2015-10-14,TMIN,-78
CHM00056046,2010-12-01,TMAX,-13
CHM00056080,2005-04-23,TMAX,132
CHM00052889,2008-03-29,TMIN,48
CHM00052889,2008-03-29,TMAX,137
CHM00052889,2008-08-05,TMIN,191
CHM00056080,2009-02-17,TMAX,111
CHM00052983,2011-01-22,TMIN,-166
CHM00056080,2005-04-23,TMIN,-16
CHM00052889,2008-05-02,TMIN,161
CHM00056080,2005-07-04,TMAX,146
CHM00056080,2005-07-04,TMIN,77
CHM00052889,2008-05-02,TMAX,274
CHM00052889,2007-01-25,TMIN,-101
CHM00056046,2006-12-15,TMAX,-92
CHM00056046,2006-12-15,TMIN,-213
CHM00056080,2008-05-25,TMIN,87
CHM00056080,2009-02-17,TMIN,-84
CHM00056080,2008-01-07,TMIN,-124
CHM00056080,2012-07-29,TMIN,120
CHM00056046,2007-12-31,TMIN,-204
CHM00056046,2009-09-28,TMAX,144
CHM00056080,2012-07-29,TMAX,260
CHM00056046,2007-04-11,TMAX,76
CHM00056080,2008-01-07,TMAX,60
CHM00056046,2007-01-11,TMAX,-7
CHM00056046,2007-04-11,TMIN,-96
CHM00056046,2006-01-18,TMIN,-108
CHM00056046,2006-01-18,TMAX,4
CHM00056080,2013-03-26,TMAX,120
CHM00056046,2005-07-18,TMAX,149
CHM00056080,2006-02-13,TMIN,-102
CHM00056046,2011-02-07,TMAX,46
CHM00052889,2008-08-05,TMAX,333
CHM00056080,2013-03-26,TMIN,-99
CHM00052889,2008-01-09,TMAX,58
CHM00052983,2007-03-21,TMAX,161
CHM00056046,2009-11-10,TMAX,86
CHM00056046,2009-11-10,TMIN,-100
CHM00052889,2008-01-09,TMIN,-64
CHM00052889,2006-03-21,TMAX,122
CHM00052889,2006-03-21,TMIN,26
CHM00052983,2007-03-21,TMIN,-4
CHM00052983,2009-02-20,TMIN,-91
CHM00052983,2009-02-20,TMAX,87
CHM00052983,2008-12-24,TMIN,-122
CHM00056046,2015-05-25,TMIN,26
CHM00056080,2012-04-13,TMIN,-52
CHM00052983,2012-08-09,TMAX,285
CHM00052983,2012-08-09,TMIN,148
CHM00052983,2010-09-03,TMAX,215
CHM00056080,2009-09-12,TMIN,77
CHM00056080,2006-02-13,TMAX,88
CHM00056080,2009-09-12,TMAX,151
CHM00056080,2012-04-13,TMAX,109
CHM00056046,2011-02-07,TMIN,-119
CHM00056080,2008-05-25,TMAX,177
CHM00056046,2009-05-15,TMIN,-8
CHM00056080,2009-07-22,TMIN,115
CHM00056080,2009-07-22,TMAX,187
CHM00052889,2006-04-08,TMIN,46
CHM00056080,2006-02-20,TMIN,-123
CHM00056046,2010-06-15,TMAX,156
CHM00056046,2009-11-19,TMIN,-99
CHM00056046,2009-11-19,TMAX,-38
CHM00052983,2011-11-09,TMAX,126
CHM00056046,2010-06-15,TMIN,49
CHM00056046,2015-03-25,TMIN,-128
CHM00056080,2012-07-25,TMAX,246
CHM00056080,2015-10-14,TMIN,-49
CHM00056080,2015-10-14,TMAX,170
CHM00052983,2008-03-04,TMAX,121
CHM00052889,2008-07-21,TMIN,188
CHM00052983,2008-03-04,TMIN,-10
CHM00056046,2013-11-27,TMAX,-12
CHM00056046,2011-02-03,TMAX,25
CHM00052889,2006-01-24,TMAX,6
CHM00052889,2006-01-24,TMIN,-146
CHM00056046,2007-03-12,TMIN,-129
CHM00056080,2012-07-25,TMIN,69
CHM00056046,2011-02-03,TMIN,-238
CHM00056046,2006-02-13,TMAX,31
CHM00056046,2007-03-12,TMAX,57
CHM00056080,2007-01-13,TMAX,-23
CHM00056046,2012-09-28,TMAX,145
CHM00052983,2012-11-17,TMIN,-52
CHM00056080,2009-02-09,TMIN,-118
CHM00052983,2012-03-29,TMAX,122
CHM00052983,2012-11-02,TMAX,136
CHM00056046,2012-03-19,TMIN,-86
CHM00056080,2009-01-25,TMIN,-166
CHM00056080,2012-11-25,TMIN,-123
CHM00056080,2012-11-25,TMAX,-41
CHM00056080,2007-01-13,TMIN,-152
CHM00052983,2012-03-26,TMAX,153
CHM00056080,2008-05-08,TMAX,137
CHM00052889,2007-08-20,TMIN,215
CHM00052889,2007-08-20,TMAX,324
CHM00056080,2009-02-09,TMAX,89
CHM00056080,2014-10-06,TMAX,184
CHM00056080,2014-10-06,TMIN,-17
CHM00056046,2007-04-20,TMIN,-23
CHM00056046,2007-04-20,TMAX,109
CHM00052983,2008-01-15,TMAX,13
CHM00056046,2005-04-04,TMAX,33
CHM00056046,2014-02-11,TMAX,13
CHM00056046,2014-02-11,TMIN,-180
CHM00056080,2006-02-20,TMAX,107
CHM00056046,2005-04-04,TMIN,-43
CHM00052983,2012-11-17,TMAX,130
CHM00052889,2006-04-08,TMAX,188
CHM00052889,2006-01-09,TMAX,22
CHM00056046,2012-09-28,TMIN,4
CHM00056046,2007-08-26,TMAX,169
CHM00056046,2005-03-25,TMIN,-49
CHM00056080,2010-07-05,TMAX,235
CHM00056080,2010-07-05,TMIN,88
CHM00056080,2015-02-09,TMIN,-163
CHM00056080,2015-02-09,TMAX,68
CHM00056080,2007-01-25,TMIN,-185
CHM00052983,2007-06-19,TMAX,164
CHM00056080,2007-04-14,TMAX,93
CHM00056080,2007-04-14,TMIN,-42
CHM00052983,2013-06-16,TMIN,126
CHM00056046,2012-01-23,TMAX,-15
CHM00052983,2007-06-19,TMIN,85
CHM00056080,2007-01-05,TMIN,-166
CHM00056046,2012-01-23,TMIN,-191
CHM00056080,2007-01-05,TMAX,2
CHM00056080,2011-07-31,TMIN,92
CHM00056080,2011-07-31,TMAX,191
CHM00052983,2010-03-25,TMIN,-64
CHM00052983,2014-11-01,TMAX,35
CHM00052983,2010-01-15,TMAX,73
CHM00052983,2010-01-15,TMIN,-123
CHM00056046,2013-10-01,TMIN,-5
CHM00056080,2006-12-28,TMIN,-189
CHM00052889,2005-03-20,TMAX,112
CHM00056046,2006-02-13,TMIN,-137
CHM00052889,2005-03-20,TMIN,67
CHM00056046,2005-03-25,TMAX,18
CHM00056080,2010-11-07,TMIN,-102
CHM00056080,2010-11-07,TMAX,60
CHM00056046,2007-08-26,TMIN,74
CHM00052983,2010-04-02,TMIN,-22
CHM00056046,2006-10-12,TMAX,80
CHM00052983,2007-01-19,TMAX,38
CHM00056046,2006-10-12,TMIN,-74
CHM00052983,2010-03-25,TMAX,111
CHM00052983,2012-03-03,TMAX,30
CHM00052983,2010-04-02,TMAX,142
CHM00056046,2009-07-22,TMIN,87
CHM00052983,2007-01-19,TMIN,-164
CHM00056046,2009-07-22,TMAX,178
CHM00056046,2009-05-16,TMAX,101
CHM00056046,2009-05-16,TMIN,-40
CHM00056080,2006-01-18,TMIN,-124
CHM00052983,2010-09-13,TMIN,91
CHM00052983,2010-09-13,TMAX,262
CHM00056080,2006-01-18,TMAX,-4
CHM00056080,2005-04-04,TMAX,106
CHM00052889,2008-07-21,TMAX,284
CHM00056080,2005-04-04,TMIN,-52
CHM00052983,2007-09-26,TMAX,144
CHM00056080,2007-01-25,TMAX,32
CHM00052889,2006-01-09,TMIN,-188
CHM00052889,2007-03-28,TMIN,106
CHM00052983,2011-01-22,TMAX,-30
CHM00052889,2005-06-13,TMIN,107
CHM00056080,2015-06-23,TMIN,83
CHM00056046,2006-03-21,TMAX,48
CHM00056046,2006-03-21,TMIN,-93
CHM00052983,2012-03-21,TMAX,76
CHM00056080,2006-05-12,TMAX,58
CHM00052889,2008-07-29,TMIN,212
CHM00052889,2008-07-29,TMAX,327
CHM00052889,2005-06-13,TMAX,319
CHM00052983,2012-02-27,TMAX,87
CHM00056080,2005-05-17,TMIN,-12
CHM00056080,2005-05-17,TMAX,135
CHM00056080,2006-05-12,TMIN,-12
CHM00052983,2012-02-27,TMIN,-81
CHM00056080,2012-03-10,TMIN,-98
CHM00056046,2008-02-19,TMAX,-68
CHM00056046,2015-02-09,TMIN,-189
CHM00052889,2007-01-05,TMIN,-81
CHM00052983,2015-08-30,TMIN,115
CHM00052889,2007-01-05,TMAX,-7
CHM00056046,2015-02-09,TMAX,31
CHM00056080,2008-05-18,TMIN,0
CHM00056080,2008-05-18,TMAX,163
CHM00056046,2013-01-16,TMAX,24
CHM00056046,2005-07-17,TMIN,75
CHM00056046,2006-01-24,TMIN,-186
CHM00056046,2012-07-29,TMAX,214
CHM00052983,2013-11-24,TMIN,-120
CHM00056046,2013-03-23,TMAX,62
CHM00052983,2010-08-12,TMAX,248
CHM00052983,2010-08-12,TMIN,150
CHM00056080,2007-03-04,TMIN,-125
CHM00056080,2007-03-04,TMAX,12
CHM00052983,2012-10-05,TMAX,171
CHM00056046,2013-03-23,TMIN,-102
CHM00052983,2014-07-21,TMAX,195
CHM00056046,2009-10-01,TMAX,101
CHM00056046,2009-10-01,TMIN,-5
CHM00052983,2012-10-05,TMIN,34
CHM00052983,2008-05-27,TMAX,156
CHM00056046,2006-01-24,TMAX,62
CHM00052983,2012-12-08,TMIN,-121
CHM00052983,2012-12-08,TMAX,54
CHM00056080,2009-05-06,TMIN,21
CHM00056080,2009-05-06,TMAX,225
CHM00056046,2012-07-29,TMIN,50
CHM00056080,2006-03-05,TMAX,87
CHM00056080,2013-03-06,TMAX,113
CHM00056046,2005-07-28,TMIN,90
CHM00056046,2005-07-28,TMAX,175
CHM00056080,2006-03-05,TMIN,-110
CHM00052983,2013-11-24,TMAX,25
CHM00056046,2007-03-04,TMIN,-173
CHM00056080,2007-04-11,TMAX,142
CHM00056080,2006-01-24,TMAX,-14
CHM00056046,2014-05-25,TMAX,58
CHM00056080,2007-08-11,TMIN,65
CHM00056046,2014-05-25,TMIN,-3
CHM00056080,2007-08-26,TMAX,167
CHM00056080,2007-08-11,TMAX,186
CHM00056046,2010-11-07,TMAX,52
CHM00052889,2007-09-06,TMIN,164
CHM00056080,2007-08-26,TMIN,82
CHM00056080,2006-01-24,TMIN,-102
CHM00052889,2008-02-26,TMAX,50
CHM00056080,2012-05-26,TMIN,-1
CHM00056080,2012-05-26,TMAX,201
CHM00052889,2008-02-26,TMIN,-60
CHM00052889,2007-09-06,TMAX,210
CHM00056046,2006-01-09,TMAX,12
CHM00056046,2006-01-09,TMIN,-207
CHM00056046,2009-05-06,TMIN,21
CHM00056046,2009-05-06,TMAX,136
CHM00056080,2011-06-09,TMIN,49
CHM00056046,2014-08-13,TMAX,113
CHM00056046,2015-06-23,TMIN,58
CHM00052983,2014-10-30,TMAX,103
CHM00056046,2008-02-19,TMIN,-131
CHM00056046,2007-03-04,TMAX,27
CHM00052983,2012-04-04,TMAX,179
CHM00052889,2008-09-20,TMIN,150
CHM00056046,2006-03-19,TMIN,-95
CHM00056046,2006-03-19,TMAX,38
CHM00056080,2007-04-11,TMIN,-68
CHM00056080,2008-05-30,TMAX,175
CHM00056080,2006-03-21,TMAX,71
CHM00056046,2011-02-27,TMIN,-159
CHM00056046,2005-07-17,TMAX,159
CHM00056080,2006-03-21,TMIN,-75
CHM00056046,2015-01-21,TMAX,-40
CHM00052983,2008-01-11,TMIN,-96
CHM00052983,2008-01-11,TMAX,-53
CHM00056046,2009-09-12,TMIN,69
CHM00056046,2015-01-21,TMIN,-278
CHM00056046,2009-09-12,TMAX,172
CHM00052983,2012-04-04,TMIN,33
CHM00052889,2008-08-30,TMIN,132
CHM00056080,2008-02-25,TMIN,-105
CHM00052889,2008-04-30,TMIN,119
CHM00052889,2008-08-30,TMAX,242
CHM00052889,2008-04-30,TMAX,309
CHM00056046,2010-11-07,TMIN,-79
CHM00056046,2005-05-09,TMIN,-24
CHM00052983,2010-09-11,TMAX,267
CHM00052889,2008-09-20,TMAX,277
CHM00056046,2011-04-07,TMAX,25
CHM00056080,2012-02-17,TMAX,-46
CHM00056080,2012-02-17,TMIN,-125
CHM00056080,2005-07-18,TMIN,115
CHM00056046,2009-09-28,TMIN,-52
CHM00056080,2005-07-28,TMIN,115
CHM00056080,2005-07-28,TMAX,219
CHM00052889,2007-04-20,TMIN,135
CHM00052983,2006-07-02,TMIN,164
CHM00056080,2013-01-21,TMIN,-179
CHM00052889,2007-04-20,TMAX,237
CHM00056080,2009-03-24,TMIN,-70
CHM00056046,2010-08-15,TMIN,7
CHM00056080,2006-12-15,TMAX,-10
CHM00056080,2006-12-15,TMIN,-191
CHM00056046,2006-05-12,TMAX,55
CHM00056046,2006-05-12,TMIN,-12
CHM00056046,2010-12-25,TMAX,-86
CHM00056046,2010-08-15,TMAX,207
CHM00056080,2009-03-24,TMAX,124
CHM00056080,2013-01-21,TMAX,-43
CHM00056046,2010-12-25,TMIN,-216
CHM00052983,2015-02-15,TMAX,58
CHM00052983,2006-07-02,TMAX,308
CHM00052889,2005-04-12,TMAX,130
CHM00052983,2008-07-18,TMIN,123
CHM00056080,2005-07-18,TMAX,173
CHM00056080,2014-02-11,TMAX,2
CHM00056046,2013-04-19,TMAX,94
CHM00052983,2006-06-13,TMAX,185
CHM00052983,2015-06-12,TMAX,250
CHM00052983,2015-06-12,TMIN,118
CHM00052983,2014-09-18,TMAX,241
CHM00052889,2007-03-28,TMAX,233
CHM00056080,2012-01-23,TMAX,-5
CHM00056080,2012-01-23,TMIN,-221
CHM00052983,2006-05-10,TMIN,12
CHM00052983,2006-05-10,TMAX,163
CHM00052983,2012-07-08,TMAX,223
CHM00056080,2007-01-23,TMIN,-181
CHM00056046,2013-03-08,TMIN,-181
CHM00052983,2012-03-30,TMAX,69
CHM00056046,2013-03-08,TMAX,80
CHM00052983,2007-12-15,TMAX,10
CHM00052983,2007-12-15,TMIN,-75
CHM00056080,2009-06-22,TMAX,173
CHM00052889,2007-09-24,TMIN,119
CHM00052889,2007-09-24,TMAX,237
CHM00056080,2005-05-09,TMIN,5
CHM00056080,2010-10-26,TMIN,-46
CHM00056080,2010-10-26,TMAX,48
CHM00056080,2015-10-08,TMAX,98
CHM00056080,2007-01-23,TMAX,29
CHM00056080,2005-05-09,TMAX,157
CHM00052983,2008-07-29,TMAX,291
CHM00052983,2008-07-18,TMAX,288
CHM00052889,2005-10-08,TMIN,25
CHM00056080,2012-10-01,TMAX,175
CHM00056046,2008-11-26,TMAX,-55
CHM00052983,2010-01-17,TMIN,-111
CHM00052983,2010-01-17,TMAX,84
CHM00056046,2008-11-26,TMIN,-144
CHM00052889,2008-10-30,TMIN,69
CHM00052889,2008-10-30,TMAX,172
CHM00052983,2010-03-10,TMIN,-79
CHM00056080,2006-03-19,TMIN,-80
CHM00052983,2008-11-23,TMAX,55
CHM00052983,2008-11-23,TMIN,-82
CHM00052983,2010-03-10,TMAX,110
CHM00056046,2007-01-11,TMIN,-203
CHM00056080,2006-03-19,TMAX,122
CHM00056080,2012-10-01,TMIN,15
CHM00052983,2013-08-21,TMIN,133
CHM00056080,2008-05-30,TMIN,31
CHM00056080,2009-11-10,TMAX,142
CHM00056080,2012-02-12,TMAX,26
CHM00056080,2012-02-12,TMIN,-107
CHM00056080,2009-11-10,TMIN,-1
CHM00056080,2008-11-27,TMIN,-144
CHM00056080,2008-11-27,TMAX,56
CHM00056080,2012-03-10,TMAX,21
CHM00056080,2014-02-11,TMIN,-158
CHM00056080,2007-02-10,TMIN,-141
CHM00056046,2014-10-15,TMAX,96
CHM00052889,2005-10-08,TMAX,201
CHM00056046,2007-12-31,TMAX,46
CHM00056046,2010-11-02,TMAX,12
CHM00056046,2012-10-05,TMIN,-12
CHM00056046,2010-11-02,TMIN,-64
CHM00052889,2005-04-12,TMIN,-51
CHM00056046,2009-05-24,TMAX,72
CHM00056046,2009-05-24,TMIN,16
CHM00056046,2012-04-13,TMIN,-42
CHM00056046,2012-04-13,TMAX,63
CHM00056046,2006-10-15,TMIN,-46
CHM00056046,2006-10-15,TMAX,127
CHM00056046,2006-03-05,TMAX,20
CHM00056046,2012-10-05,TMAX,68
CHM00056046,2006-03-05,TMIN,-154
CHM00056080,2015-06-30,TMAX,166
CHM00056080,2005-07-17,TMIN,89
CHM00056080,2009-06-22,TMIN,66
CHM00056046,2011-02-27,TMAX,42
CHM00056080,2007-02-10,TMAX,72
CHM00052983,2011-10-12,TMAX,83
CHM00056046,2013-07-15,TMIN,82
CHM00056080,2005-07-17,TMAX,233
CHM00056046,2014-10-15,TMIN,2
CHM00056046,2012-03-19,TMAX,41
CHM00052889,2007-01-13,TMAX,-13
CHM00052889,2008-03-28,TMIN,59
CHM00052983,2013-01-18,TMIN,-127
CHM00056046,2006-05-27,TMAX,123
CHM00056046,2006-05-27,TMIN,19
CHM00056046,2010-10-29,TMAX,44
CHM00056080,2006-04-08,TMAX,87
CHM00056080,2006-04-08,TMIN,-8
CHM00056046,2010-10-29,TMIN,-79
CHM00052983,2008-04-24,TMIN,14
CHM00056080,2007-01-28,TMIN,-186
CHM00052983,2013-01-18,TMAX,59
CHM00052983,2009-06-15,TMAX,279
CHM00052983,2010-04-24,TMAX,186
CHM00056046,2014-07-10,TMAX,165
CHM00056080,2014-06-06,TMIN,54
CHM00056080,2014-06-06,TMAX,196
CHM00056080,2007-01-28,TMAX,62
CHM00056080,2007-08-24,TMIN,80
CHM00052983,2012-03-08,TMAX,-1
CHM00056080,2011-05-14,TMAX,139
CHM00056080,2012-02-05,TMIN,-115
CHM00056080,2012-02-05,TMAX,56
CHM00056080,2011-05-14,TMIN,-2
CHM00056046,2010-12-23,TMAX,3
CHM00052983,2007-03-30,TMAX,175
CHM00052983,2008-04-24,TMAX,179
CHM00052983,2007-08-21,TMIN,147
CHM00056080,2010-01-21,TMIN,-160
CHM00056046,2013-11-14,TMIN,-91
CHM00056080,2010-09-20,TMAX,271
CHM00056080,2010-01-21,TMAX,100
CHM00056080,2010-04-05,TMIN,-31
CHM00056080,2010-04-05,TMAX,103
CHM00056080,2013-06-04,TMIN,35
CHM00056080,2013-06-04,TMAX,256
CHM00056080,2011-09-30,TMAX,137
CHM00056080,2011-09-30,TMIN,26
CHM00056046,2008-05-09,TMAX,96
CHM00056080,2015-11-13,TMIN,-83
CHM00056046,2008-05-24,TMIN,-26
CHM00056046,2008-05-24,TMAX,181
CHM00056080,2011-03-14,TMAX,-33
CHM00052983,2012-03-18,TMAX,111
CHM00052983,2009-09-20,TMIN,28
CHM00052983,2009-09-20,TMAX,169
CHM00056046,2011-10-13,TMAX,56
CHM00052983,2006-06-27,TMAX,308
CHM00056046,2011-10-13,TMIN,-62
CHM00052983,2011-10-11,TMAX,135
CHM00052983,2007-08-21,TMAX,309
CHM00056046,2010-12-23,TMIN,-227
CHM00056046,2009-10-21,TMAX,31
CHM00056046,2009-10-21,TMIN,-55
CHM00052983,2008-08-28,TMAX,212
CHM00052983,2009-10-07,TMIN,78
CHM00052983,2009-10-07,TMAX,144
CHM00056080,2006-05-25,TMAX,191
CHM00056046,2013-01-24,TMAX,-16
CHM00056046,2013-01-24,TMIN,-256
CHM00052889,2005-07-05,TMAX,286
CHM00052889,2005-07-05,TMIN,111
CHM00052983,2010-03-18,TMIN,-6
CHM00052983,2006-03-30,TMIN,19
CHM00056046,2010-09-16,TMIN,12
CHM00056046,2010-09-16,TMAX,223
CHM00056080,2012-06-22,TMAX,220
CHM00056080,2012-06-22,TMIN,39
CHM00052889,2008-07-13,TMAX,198
CHM00056080,2009-05-07,TMAX,247
CHM00056046,2010-04-05,TMIN,-72
CHM00052889,2005-05-19,TMAX,174
CHM00052889,2005-05-19,TMIN,65
CHM00056046,2010-04-05,TMAX,64
CHM00052889,2008-07-13,TMIN,163
CHM00056080,2009-05-07,TMIN,45
CHM00052983,2010-03-18,TMAX,242
CHM00056046,2007-01-28,TMIN,-261
CHM00056046,2012-10-20,TMAX,93
CHM00056046,2013-11-14,TMAX,-2
CHM00056080,2006-05-25,TMIN,31
CHM00056046,2012-10-20,TMIN,-60
CHM00056046,2009-11-05,TMIN,-110
CHM00056080,2013-02-27,TMIN,-62
CHM00056080,2009-03-29,TMAX,73
CHM00056080,2009-03-29,TMIN,-40
CHM00056080,2013-02-27,TMAX,161
CHM00056080,2011-03-14,TMIN,-114
CHM00052983,2011-07-20,TMAX,289
CHM00052983,2013-01-04,TMIN,-149
CHM00052983,2007-01-04,TMAX,-30
CHM00052983,2013-01-04,TMAX,-25
CHM00056046,2008-08-08,TMIN,48
CHM00056046,2008-08-08,TMAX,142
CHM00056046,2011-06-06,TMAX,125
CHM00056046,2011-06-06,TMIN,3
CHM00056080,2009-02-03,TMAX,77
CHM00056046,2010-03-13,TMIN,-132
CHM00056046,2010-03-13,TMAX,98
CHM00056080,2009-02-03,TMIN,-132
CHM00056046,2009-11-05,TMAX,79
CHM00056080,2012-12-02,TMAX,61
CHM00056080,2012-12-02,TMIN,-127
CHM00052983,2012-10-18,TMAX,147
CHM00056080,2007-08-24,TMAX,237
CHM00052983,2006-03-30,TMAX,186
CHM00056080,2005-05-12,TMAX,140
CHM00056080,2010-09-20,TMIN,114
CHM00056046,2005-06-19,TMIN,43
CHM00052983,2010-04-18,TMAX,184
CHM00052889,2006-04-23,TMIN,33
CHM00052983,2010-04-18,TMIN,42
CHM00052889,2006-04-23,TMAX,232
CHM00052889,2007-02-08,TMAX,105
CHM00052889,2007-02-08,TMIN,7
CHM00056046,2007-02-14,TMIN,-180
CHM00056080,2011-03-11,TMIN,-101
CHM00056046,2007-01-30,TMAX,1
CHM00056046,2007-02-14,TMAX,-50
CHM00056046,2007-01-30,TMIN,-258
CHM00056046,2014-06-27,TMAX,141
CHM00056046,2008-07-15,TMIN,3
CHM00056080,2006-04-17,TMAX,128
CHM00056046,2008-07-15,TMAX,160
CHM00052983,2015-01-25,TMAX,96
CHM00052983,2015-01-25,TMIN,-67
CHM00056046,2013-04-13,TMAX,47
CHM00056046,2013-03-10,TMIN,-109
CHM00056046,2012-06-22,TMAX,156
CHM00056046,2005-04-30,TMAX,65
CHM00056046,2012-06-22,TMIN,35
CHM00056046,2005-04-30,TMIN,-1
CHM00052983,2011-03-12,TMAX,172
CHM00056080,2006-04-17,TMIN,-11
CHM00056080,2007-06-16,TMAX,142
CHM00056046,2005-10-03,TMIN,-14
CHM00056046,2013-02-26,TMIN,-129
CHM00052983,2014-01-20,TMAX,48
CHM00056046,2009-06-12,TMAX,139
CHM00056080,2009-09-15,TMAX,139
CHM00052983,2014-01-20,TMIN,-146
CHM00056080,2010-02-23,TMAX,162
CHM00056080,2010-02-23,TMIN,-131
CHM00056080,2009-05-11,TMAX,93
CHM00052983,2008-09-12,TMIN,58
CHM00056046,2005-10-10,TMIN,-37
CHM00056046,2005-10-10,TMAX,125
CHM00052983,2015-11-08,TMIN,-41
CHM00056080,2010-06-15,TMAX,188
CHM00056080,2014-06-09,TMAX,178
CHM00052983,2010-01-25,TMIN,-114
CHM00056080,2010-06-15,TMIN,55
CHM00052983,2009-11-14,TMAX,-2
CHM00052983,2008-09-12,TMAX,220
CHM00052983,2010-01-25,TMAX,36
CHM00052983,2009-11-14,TMIN,-44
CHM00056080,2012-07-18,TMAX,208
CHM00056080,2012-07-18,TMIN,116
CHM00056080,2011-03-11,TMAX,57
CHM00056080,2007-06-16,TMIN,82
CHM00056046,2007-01-28,TMAX,-5
CHM00056080,2008-03-03,TMAX,77
CHM00052983,2007-04-11,TMAX,199
CHM00056046,2009-04-26,TMAX,173
CHM00056046,2009-04-26,TMIN,27
CHM00052983,2006-03-03,TMIN,-32
CHM00052983,2013-11-29,TMIN,-110
CHM00052983,2013-11-29,TMAX,51
CHM00052889,2007-03-11,TMAX,121
CHM00052983,2010-08-24,TMAX,262
CHM00056046,2009-06-04,TMAX,114
CHM00056046,2009-06-04,TMIN,17
CHM00052889,2007-03-11,TMIN,8
CHM00052983,2006-03-03,TMAX,100
CHM00056046,2013-03-10,TMAX,81
CHM00052983,2009-11-10,TMAX,61
CHM00052889,2006-02-23,TMIN,-90
CHM00056046,2015-01-18,TMIN,-313
CHM00056046,2014-10-13,TMAX,87
CHM00056046,2005-06-11,TMIN,41
CHM00056046,2015-01-18,TMAX,-98
CHM00052889,2006-02-23,TMAX,83
CHM00056046,2005-06-11,TMAX,134
CHM00056080,2005-05-12,TMIN,63
CHM00056046,2008-05-09,TMIN,-15
CHM00056046,2005-06-19,TMAX,109
CHM00052889,2005-05-26,TMAX,277
CHM00056080,2008-03-03,TMIN,-123
CHM00052889,2005-05-26,TMIN,78
CHM00056080,2007-01-30,TMIN,-178
CHM00052983,2007-04-11,TMIN,22
CHM00052889,2006-10-11,TMAX,227
CHM00056046,2009-05-07,TMAX,164
CHM00052983,2010-08-26,TMIN,95
CHM00056046,2009-05-07,TMIN,-3
CHM00056046,2008-01-07,TMIN,-147
CHM00052983,2010-08-26,TMAX,253
CHM00056046,2014-06-27,TMIN,63
CHM00052983,2009-02-05,TMAX,143
CHM00052983,2009-02-05,TMIN,-67
CHM00052889,2005-01-06,TMIN,-127
CHM00052889,2005-01-06,TMAX,27
CHM00056046,2014-05-08,TMAX,126
CHM00056046,2008-01-07,TMAX,46
CHM00052889,2006-10-11,TMIN,42
CHM00056046,2014-05-08,TMIN,-39
CHM00052889,2007-01-07,TMAX,-20
CHM00052889,2007-01-07,TMIN,-110
CHM00056080,2005-04-30,TMAX,141
CHM00056080,2005-04-30,TMIN,57
CHM00052889,2005-04-28,TMIN,78
CHM00052889,2005-04-28,TMAX,281
CHM00056080,2007-01-30,TMAX,67
CHM00052983,2010-08-24,TMIN,62
CHM00056046,2013-02-26,TMAX,58
CHM00056080,2014-10-09,TMAX,208
CHM00056080,2011-02-23,TMIN,-135
CHM00056080,2009-05-16,TMIN,-6
CHM00056080,2010-11-11,TMAX,95
CHM00052889,2006-10-10,TMIN,34
CHM00052889,2006-10-10,TMAX,225
CHM00056046,2007-01-07,TMIN,-175
CHM00056046,2007-02-16,TMAX,-16
CHM00056080,2012-03-19,TMIN,-53
CHM00056046,2007-02-16,TMIN,-102
CHM00056080,2008-09-29,TMAX,151
CHM00056080,2010-11-11,TMIN,-68
CHM00056046,2007-01-07,TMAX,24
CHM00052983,2010-12-21,TMIN,-150
CHM00056046,2011-09-26,TMAX,142
CHM00056046,2011-09-26,TMIN,20
CHM00056046,2006-01-30,TMAX,57
CHM00052983,2010-07-05,TMAX,270
CHM00052983,2010-07-05,TMIN,130
CHM00052983,2010-12-21,TMAX,49
CHM00056046,2013-07-13,TMIN,88
CHM00052983,2008-01-13,TMAX,-30
CHM00056046,2006-01-30,TMIN,-121
CHM00052889,2007-08-12,TMIN,181
CHM00052889,2007-08-12,TMAX,280
CHM00056046,2010-09-20,TMAX,201
CHM00056046,2010-09-20,TMIN,14
CHM00056080,2009-05-16,TMAX,151
CHM00056046,2010-03-07,TMIN,-128
CHM00056080,2007-12-26,TMAX,36
CHM00052889,2007-01-23,TMAX,16
CHM00056080,2007-12-26,TMIN,-114
CHM00052889,2007-02-07,TMAX,108
CHM00052889,2008-10-15,TMIN,122
CHM00056046,2008-09-10,TMAX,144
CHM00052889,2008-10-15,TMAX,239
CHM00052889,2008-10-10,TMAX,146
CHM00052889,2008-10-10,TMIN,73
CHM00056046,2008-09-10,TMIN,35
CHM00056046,2012-03-25,TMAX,38
CHM00056046,2012-03-25,TMIN,-77
CHM00056080,2006-04-03,TMIN,-17
CHM00056046,2013-11-21,TMAX,24
CHM00056080,2006-04-03,TMAX,78
CHM00056080,2008-07-18,TMIN,44
CHM00056046,2013-11-21,TMIN,-161
CHM00056080,2008-07-18,TMAX,202
CHM00056080,2015-10-04,TMIN,13
CHM00052983,2015-06-07,TMAX,175
CHM00052889,2007-01-22,TMAX,51
CHM00052983,2015-07-18,TMIN,82
CHM00056080,2008-01-12,TMAX,-57
CHM00052983,2013-09-21,TMIN,60
CHM00056046,2006-04-03,TMIN,-54
CHM00052983,2008-01-13,TMIN,-125
CHM00052983,2007-08-19,TMIN,166
CHM00052983,2007-08-19,TMAX,273
CHM00056080,2012-02-11,TMIN,-152
CHM00056080,2008-01-15,TMIN,-170
CHM00056080,2008-01-12,TMIN,-111
CHM00052983,2012-12-11,TMIN,-77
CHM00056080,2011-04-11,TMAX,141
CHM00056080,2008-01-15,TMAX,-44
CHM00056080,2014-07-18,TMIN,87
CHM00052983,2007-09-22,TMAX,208
CHM00052889,2006-03-22,TMAX,89
CHM00056080,2014-07-18,TMAX,250
CHM00056046,2005-07-05,TMAX,175
CHM00056080,2011-04-11,TMIN,-21
CHM00056046,2005-07-05,TMIN,90
CHM00052889,2006-03-22,TMIN,-23
CHM00056046,2010-04-01,TMAX,29
CHM00052983,2015-09-06,TMIN,84
CHM00056046,2010-04-01,TMIN,-136
CHM00052983,2012-07-16,TMIN,146
CHM00056080,2015-01-03,TMIN,-146
CHM00056046,2009-02-07,TMIN,-166
CHM00056046,2009-02-07,TMAX,84
CHM00052889,2007-01-22,TMIN,-73
CHM00056046,2010-03-07,TMAX,28
CHM00056080,2011-08-02,TMIN,36
CHM00056080,2013-01-30,TMIN,-150
CHM00052983,2013-09-21,TMAX,230
CHM00052983,2014-10-06,TMAX,210
CHM00052983,2014-10-06,TMIN,47
CHM00056046,2006-04-03,TMAX,97
CHM00056080,2013-01-30,TMAX,90
CHM00056080,2012-02-11,TMAX,66
CHM00056046,2007-12-13,TMIN,-183
CHM00056080,2009-06-08,TMIN,41
CHM00056080,2011-08-02,TMAX,177
CHM00056046,2009-06-03,TMIN,-16
CHM00052889,2008-11-26,TMIN,-29
CHM00056046,2015-05-15,TMIN,8
CHM00056080,2009-06-08,TMAX,165
CHM00056046,2011-05-19,TMIN,-11
CHM00056080,2014-10-13,TMAX,98
CHM00056046,2011-05-19,TMAX,142
CHM00056046,2009-06-03,TMAX,135
CHM00052983,2015-02-05,TMAX,12
CHM00052983,2012-12-11,TMAX,79
CHM00052889,2007-02-14,TMIN,-33
CHM00052983,2015-03-24,TMAX,118
CHM00052983,2015-02-05,TMIN,-95
CHM00052889,2007-02-14,TMAX,127
CHM00052889,2008-11-26,TMAX,16
CHM00052889,2007-02-07,TMIN,-41
CHM00056080,2009-06-04,TMIN,34
CHM00056080,2009-06-04,TMAX,200
CHM00052889,2007-06-27,TMAX,327
CHM00052983,2009-11-09,TMAX,134
CHM00056080,2014-07-24,TMAX,216
CHM00056046,2014-02-06,TMAX,23
CHM00056046,2011-12-17,TMIN,-161
CHM00056046,2006-05-20,TMAX,60
CHM00056046,2006-05-20,TMIN,-6
CHM00056080,2010-12-28,TMIN,-202
CHM00056080,2010-12-28,TMAX,44
CHM00056080,2006-04-14,TMIN,-44
CHM00056080,2010-09-11,TMIN,25
CHM00056080,2014-07-24,TMIN,53
CHM00056080,2006-04-14,TMAX,57
CHM00052983,2011-09-01,TMAX,284
CHM00056080,2005-06-19,TMAX,156
CHM00052983,2011-09-01,TMIN,150
CHM00056080,2010-08-14,TMIN,107
CHM00056080,2005-06-19,TMIN,78
CHM00056046,2012-02-05,TMIN,-152
CHM00056046,2012-02-05,TMAX,22
CHM00056046,2012-05-24,TMIN,7
CHM00056046,2013-04-28,TMAX,116
CHM00056080,2010-09-11,TMAX,209
CHM00056080,2006-12-21,TMIN,-178
CHM00052889,2008-11-24,TMAX,68
CHM00056046,2011-12-17,TMAX,-57
CHM00056046,2013-11-17,TMIN,-167
CHM00052983,2007-09-07,TMAX,155
CHM00052983,2009-03-01,TMAX,9
CHM00052983,2015-05-21,TMIN,45
CHM00052983,2008-07-27,TMAX,309
CHM00056080,2011-02-23,TMAX,133
CHM00052983,2012-03-02,TMAX,27
CHM00056080,2008-11-19,TMIN,-111
CHM00056080,2009-06-03,TMIN,14
CHM00056080,2009-06-03,TMAX,197
CHM00056080,2008-11-19,TMAX,38
CHM00056080,2010-12-19,TMAX,14
CHM00056046,2012-05-24,TMAX,88
CHM00056080,2006-12-21,TMAX,42
CHM00056080,2014-10-09,TMIN,0
CHM00056080,2009-04-26,TMAX,124
CHM00056080,2009-04-26,TMIN,-6
CHM00056080,2006-05-27,TMAX,163
CHM00056080,2010-12-19,TMIN,-131
CHM00056080,2006-05-27,TMIN,18
CHM00052983,2009-11-09,TMIN,-13
CHM00052983,2007-02-22,TMIN,-72
CHM00056046,2013-11-17,TMAX,10
CHM00052889,2007-06-27,TMIN,169
CHM00052983,2007-02-22,TMAX,116
CHM00052983,2015-06-01,TMIN,99
CHM00056080,2008-12-15,TMAX,67
CHM00056046,2007-09-02,TMIN,41
CHM00052983,2011-06-07,TMIN,100
CHM00056080,2011-04-15,TMAX,79
CHM00056046,2006-04-14,TMIN,-46
CHM00056046,2005-01-01,TMAX,36
CHM00052889,2006-07-04,TMAX,315
CHM00056046,2006-04-14,TMAX,50
CHM00052889,2006-07-04,TMIN,168
CHM00052889,2008-12-17,TMAX,52
CHM00052983,2011-07-17,TMIN,112
CHM00052983,2006-01-22,TMAX,-18
CHM00056046,2015-02-20,TMIN,-120
CHM00056080,2013-09-12,TMIN,-8
CHM00052889,2008-12-17,TMIN,-73
CHM00052983,2011-07-17,TMAX,305
CHM00056080,2007-09-30,TMIN,89
CHM00056080,2014-03-11,TMIN,-66
CHM00052889,2007-01-23,TMIN,-75
CHM00052983,2006-01-29,TMAX,-1
CHM00056080,2007-09-30,TMAX,215
CHM00056080,2008-09-29,TMIN,56
CHM00056046,2015-02-20,TMAX,23
CHM00056046,2012-09-27,TMAX,124
CHM00056046,2012-09-27,TMIN,1
CHM00052983,2011-06-07,TMAX,315
CHM00056046,2013-01-21,TMAX,-4
CHM00056080,2012-03-19,TMAX,141
CHM00056080,2011-04-15,TMIN,-11
CHM00056046,2007-09-02,TMAX,98
CHM00052983,2013-10-22,TMIN,-5
CHM00056080,2008-12-15,TMIN,-170
CHM00052983,2014-06-19,TMIN,115
CHM00052983,2014-06-19,TMAX,199
CHM00056080,2010-08-14,TMAX,190
CHM00056080,2008-11-29,TMAX,21
CHM00056080,2008-11-29,TMIN,-145
CHM00052983,2015-01-21,TMAX,68
CHM00056080,2009-10-21,TMAX,93
CHM00052983,2015-01-21,TMIN,-140
CHM00056046,2011-12-12,TMIN,-204
CHM00056080,2012-12-06,TMAX,55
CHM00056080,2009-10-21,TMIN,-22
CHM00056046,2006-05-25,TMAX,139
CHM00056080,2012-12-06,TMIN,-131
CHM00056046,2015-03-27,TMAX,103
CHM00056080,2015-05-15,TMIN,20
CHM00052889,2008-11-24,TMIN,-34
CHM00056046,2005-01-01,TMIN,-129
CHM00052983,2006-01-29,TMIN,-88
CHM00056080,2014-03-11,TMAX,53
CHM00052983,2011-03-08,TMIN,-57
CHM00052983,2011-03-08,TMAX,101
CHM00052889,2005-09-26,TMIN,107
CHM00052983,2007-06-17,TMIN,97
CHM00052889,2008-05-16,TMIN,141
CHM00056080,2011-08-28,TMIN,43
CHM00056046,2009-05-10,TMIN,6
CHM00056046,2013-07-02,TMIN,101
CHM00052983,2008-02-23,TMIN,-35
CHM00056046,2009-05-10,TMAX,134
CHM00052889,2008-10-19,TMIN,61
CHM00052983,2008-02-23,TMAX,17
CHM00052889,2008-10-19,TMAX,172
CHM00056080,2006-03-14,TMAX,27
CHM00052983,2011-12-12,TMAX,-19
CHM00056046,2009-09-06,TMIN,31
CHM00052889,2006-07-08,TMAX,316
CHM00056046,2011-09-30,TMIN,8
CHM00056080,2010-07-25,TMAX,185
CHM00052889,2006-07-08,TMIN,128
CHM00052983,2011-12-12,TMIN,-138
CHM00056080,2014-04-12,TMAX,124
CHM00052983,2010-07-03,TMAX,179
CHM00056080,2009-05-26,TMIN,74
CHM00056080,2010-07-25,TMIN,118
CHM00052983,2013-05-30,TMIN,55
CHM00056046,2007-08-05,TMAX,174
CHM00056046,2011-09-30,TMAX,85
CHM00056080,2011-01-22,TMAX,10
CHM00056080,2011-01-22,TMIN,-202
CHM00056046,2005-10-16,TMIN,-59
CHM00056046,2007-02-07,TMIN,-213
CHM00056046,2007-02-07,TMAX,17
CHM00056046,2015-05-02,TMIN,-51
CHM00052983,2014-09-10,TMAX,202
CHM00056080,2010-04-06,TMAX,82
CHM00056080,2010-04-06,TMIN,-43
CHM00056046,2007-09-13,TMIN,6
CHM00052889,2006-06-13,TMIN,138
CHM00052889,2006-06-13,TMAX,218
CHM00056046,2014-10-09,TMAX,144
CHM00056080,2008-11-30,TMAX,40
CHM00056080,2008-11-30,TMIN,-153
CHM00056046,2014-10-09,TMIN,-25
CHM00056080,2013-10-01,TMIN,-11
CHM00056080,2009-06-14,TMIN,51
CHM00056080,2009-06-14,TMAX,217
CHM00056046,2007-09-13,TMAX,93
CHM00056080,2012-07-21,TMIN,110
CHM00052983,2014-09-10,TMIN,143
CHM00056080,2012-07-21,TMAX,134
CHM00056080,2011-08-28,TMAX,238
CHM00056080,2014-08-14,TMAX,186
CHM00056046,2009-09-06,TMAX,224
CHM00056046,2007-08-05,TMIN,89
CHM00056080,2012-12-20,TMIN,-79
CHM00056046,2005-10-16,TMAX,90
CHM00056080,2012-12-20,TMAX,-42
CHM00052983,2006-06-16,TMIN,99
CHM00052983,2015-05-15,TMIN,81
CHM00056046,2011-08-02,TMAX,136
CHM00052889,2007-01-30,TMAX,97
CHM00056080,2013-12-17,TMAX,31
CHM00056080,2009-09-06,TMAX,241
CHM00056080,2009-09-06,TMIN,104
CHM00052889,2007-01-30,TMIN,-70
CHM00052983,2015-05-08,TMAX,219
CHM00056046,2007-03-30,TMAX,146
CHM00056046,2007-03-30,TMIN,-60
CHM00056046,2008-07-23,TMIN,31
CHM00052889,2005-04-30,TMAX,243
CHM00056046,2011-08-02,TMIN,38
CHM00056080,2013-12-17,TMIN,-200
CHM00056080,2015-05-02,TMAX,156
CHM00056080,2015-05-02,TMIN,-14
CHM00052983,2006-04-14,TMIN,2
CHM00052889,2005-04-30,TMIN,124
CHM00052983,2015-05-08,TMIN,6
CHM00056046,2012-02-14,TMIN,-139
CHM00056046,2012-02-14,TMAX,6
CHM00052983,2006-04-14,TMAX,109
CHM00052983,2006-06-16,TMAX,303
CHM00056046,2013-03-12,TMAX,51
CHM00056080,2012-03-29,TMAX,92
CHM00052889,2006-04-17,TMAX,201
CHM00056080,2006-10-06,TMAX,103
CHM00056046,2009-09-22,TMAX,147
CHM00056080,2009-05-26,TMAX,208
CHM00056080,2011-02-05,TMAX,123
CHM00056080,2011-02-05,TMIN,-121
CHM00056080,2006-10-06,TMIN,23
CHM00056046,2009-09-22,TMIN,-38
CHM00056080,2009-02-11,TMAX,186
CHM00056080,2009-02-11,TMIN,-114
CHM00056080,2006-03-14,TMIN,-94
CHM00052983,2010-07-03,TMIN,135
CHM00056080,2011-07-26,TMAX,237
CHM00056080,2011-07-26,TMIN,90
CHM00056080,2010-05-31,TMAX,74
CHM00052983,2015-03-21,TMIN,-18
CHM00052983,2010-09-09,TMIN,76
CHM00052983,2010-09-09,TMAX,223
CHM00052889,2005-05-30,TMIN,124
CHM00056080,2008-10-28,TMAX,113
CHM00056080,2008-10-28,TMIN,28
CHM00052889,2005-06-19,TMAX,313
CHM00052889,2005-06-19,TMIN,132
CHM00056080,2012-03-29,TMIN,-5
CHM00052889,2006-04-17,TMIN,40
CHM00056080,2014-08-14,TMIN,13
CHM00056046,2012-02-17,TMAX,12
CHM00056080,2009-07-26,TMAX,141
CHM00056046,2006-07-02,TMAX,173
CHM00056080,2015-01-28,TMAX,-14
CHM00056046,2012-12-06,TMAX,-8
CHM00052983,2007-02-04,TMAX,88
CHM00056046,2005-07-02,TMIN,82
CHM00052983,2012-02-05,TMIN,-91
CHM00052983,2010-06-14,TMAX,276
CHM00056080,2009-07-24,TMAX,224
CHM00052983,2012-02-05,TMAX,28
CHM00052983,2010-06-14,TMIN,86
CHM00056046,2005-09-27,TMIN,36
CHM00056046,2005-07-02,TMAX,180
CHM00056046,2014-05-21,TMAX,145
CHM00056046,2012-12-06,TMIN,-140
CHM00056046,2005-09-27,TMAX,131
CHM00056080,2011-10-15,TMIN,-65
CHM00056080,2011-10-15,TMAX,91
CHM00056046,2005-04-28,TMIN,-14
CHM00056080,2009-07-24,TMIN,92
CHM00052983,2010-03-19,TMAX,201
CHM00056046,2014-05-21,TMIN,18
CHM00052983,2011-08-08,TMAX,326
CHM00056080,2012-02-14,TMIN,-92
CHM00056080,2006-07-16,TMAX,274
CHM00056080,2012-02-14,TMAX,5
CHM00056080,2006-07-16,TMIN,134
CHM00056080,2013-12-02,TMAX,78
CHM00052983,2008-05-22,TMAX,226
CHM00056080,2008-09-28,TMIN,42
CHM00056046,2015-06-24,TMIN,73
CHM00052983,2011-07-10,TMIN,88
CHM00052983,2009-01-28,TMAX,60
CHM00052889,2007-03-30,TMAX,233
CHM00052889,2007-03-30,TMIN,91
CHM00052983,2007-09-18,TMIN,30
CHM00052983,2011-07-10,TMAX,244
CHM00052983,2009-01-28,TMIN,-111
CHM00052983,2008-05-22,TMIN,89
CHM00052889,2008-09-12,TMAX,239
CHM00052983,2007-09-18,TMAX,222
CHM00052889,2008-03-28,TMAX,161
CHM00056080,2013-04-30,TMAX,151
CHM00056080,2013-04-30,TMIN,14
CHM00052983,2007-02-04,TMIN,-92
CHM00056080,2008-09-28,TMAX,139
CHM00056046,2005-03-21,TMAX,80
CHM00056046,2005-03-21,TMIN,-66
CHM00052983,2014-12-03,TMAX,-3
CHM00052983,2006-10-20,TMAX,198
CHM00052983,2006-10-20,TMIN,42
CHM00056046,2006-07-02,TMIN,89
CHM00056046,2005-05-27,TMAX,160
CHM00056080,2013-12-02,TMIN,-144
CHM00052983,2011-08-08,TMIN,126
CHM00056046,2009-10-04,TMIN,-64
CHM00052889,2008-09-07,TMAX,216
CHM00052889,2008-09-07,TMIN,108
CHM00052889,2008-04-23,TMAX,183
CHM00052889,2008-04-23,TMIN,19
CHM00056080,2005-10-13,TMAX,94
CHM00056080,2005-10-13,TMIN,-1
CHM00056080,2005-03-21,TMAX,29
CHM00056080,2005-03-21,TMIN,-18
CHM00052889,2006-02-10,TMIN,-75
CHM00052889,2006-02-10,TMAX,29
CHM00052983,2015-10-26,TMAX,56
CHM00056046,2006-02-23,TMIN,-118
CHM00056046,2006-02-23,TMAX,30
CHM00052983,2015-10-26,TMIN,-10
CHM00052983,2006-01-24,TMAX,1
CHM00052983,2006-01-24,TMIN,-118
CHM00056046,2012-07-18,TMAX,146
CHM00056046,2012-07-18,TMIN,92
CHM00056080,2011-11-14,TMIN,-41
CHM00052983,2008-09-18,TMAX,240
CHM00052983,2015-10-18,TMIN,10
CHM00056080,2011-11-14,TMAX,59
CHM00056080,2013-09-16,TMIN,70
CHM00056046,2005-04-28,TMAX,94
CHM00052983,2013-11-16,TMAX,97
CHM00056080,2011-05-13,TMIN,18
CHM00052889,2008-10-24,TMAX,141
CHM00052889,2006-05-20,TMAX,151
CHM00052889,2006-05-20,TMIN,78
CHM00056046,2010-02-28,TMAX,54
CHM00052889,2008-10-24,TMIN,12
CHM00056046,2013-01-30,TMAX,-9
CHM00056046,2013-01-30,TMIN,-187
CHM00056080,2010-09-06,TMIN,57
CHM00056080,2010-09-06,TMAX,166
CHM00056046,2010-02-28,TMIN,-95
CHM00052889,2005-04-09,TMAX,79
CHM00056046,2012-02-17,TMIN,-107
CHM00056046,2009-10-04,TMAX,103
CHM00056080,2011-05-13,TMAX,56
CHM00056046,2006-07-16,TMIN,67
CHM00056046,2006-07-16,TMAX,238
CHM00056080,2009-07-26,TMIN,90
CHM00052983,2007-09-30,TMAX,124
CHM00056080,2011-11-18,TMIN,-91
CHM00056046,2013-09-13,TMIN,-49
CHM00052983,2007-04-06,TMAX,131
CHM00056080,2011-11-18,TMAX,53
CHM00052983,2013-11-16,TMIN,-68
CHM00056080,2010-05-31,TMIN,40
CHM00052889,2007-12-30,TMAX,-24
CHM00052889,2007-12-30,TMIN,-114
CHM00052889,2005-05-30,TMAX,261
CHM00056046,2012-02-11,TMIN,-161
CHM00052889,2008-01-06,TMIN,-53
CHM00056046,2009-06-12,TMIN,7
CHM00056080,2011-07-07,TMAX,182
CHM00056046,2009-06-14,TMIN,53
CHM00056046,2009-06-14,TMAX,130
CHM00056046,2010-05-27,TMIN,-19
CHM00056046,2010-05-27,TMAX,135
CHM00056080,2008-08-08,TMIN,104
CHM00056080,2011-07-07,TMIN,48
CHM00056080,2009-05-11,TMIN,8
CHM00052983,2011-07-30,TMAX,227
CHM00056080,2008-08-08,TMAX,195
CHM00052983,2011-07-30,TMIN,94
CHM00056080,2009-10-04,TMAX,160
CHM00056080,2009-10-04,TMIN,14
CHM00052983,2005-05-30,TMIN,123
CHM00052889,2007-08-11,TMIN,168
CHM00052889,2007-08-11,TMAX,290
CHM00052983,2014-10-12,TMIN,-4
CHM00052983,2007-11-01,TMIN,-51
CHM00052983,2007-11-01,TMAX,70
CHM00052983,2011-07-04,TMAX,185
CHM00052889,2008-01-06,TMAX,45
CHM00056080,2010-03-13,TMIN,-64
CHM00056046,2012-02-11,TMAX,-20
CHM00056046,2011-02-09,TMIN,-139
CHM00056080,2013-03-05,TMAX,149
CHM00056080,2007-09-02,TMAX,137
CHM00056080,2006-02-24,TMAX,96
CHM00056080,2006-02-24,TMIN,-95
CHM00056046,2007-02-20,TMAX,-58
CHM00056046,2011-05-17,TMIN,-42
CHM00056046,2011-05-17,TMAX,138
CHM00052983,2006-04-26,TMAX,102
CHM00052983,2009-02-13,TMAX,63
CHM00052889,2007-06-25,TMIN,167
CHM00052889,2007-06-25,TMAX,289
CHM00052983,2012-11-28,TMIN,-112
CHM00052983,2014-09-12,TMAX,203
CHM00056080,2015-02-20,TMAX,83
CHM00056080,2007-02-14,TMIN,-129
CHM00056080,2007-02-14,TMAX,72
CHM00052983,2005-05-30,TMAX,259
CHM00052983,2012-02-16,TMIN,-102
CHM00056080,2005-05-27,TMAX,190
CHM00056080,2005-05-27,TMIN,61
CHM00052983,2012-02-16,TMAX,-19
CHM00052983,2009-02-18,TMAX,63
CHM00056046,2011-02-09,TMAX,-2
CHM00052983,2012-11-28,TMAX,27
CHM00056046,2012-03-29,TMAX,48
CHM00056080,2010-03-13,TMAX,184
CHM00052983,2009-02-01,TMAX,27
CHM00056080,2011-12-11,TMIN,-133
CHM00056080,2013-01-04,TMAX,26
CHM00056080,2013-01-04,TMIN,-142
CHM00056046,2013-05-20,TMIN,-26
CHM00056080,2013-05-31,TMAX,109
CHM00052983,2011-06-03,TMIN,116
CHM00052983,2015-07-10,TMAX,266
CHM00056080,2008-01-28,TMIN,-213
CHM00056080,2008-01-28,TMAX,-58
CHM00052983,2015-07-10,TMIN,79
CHM00052889,2007-02-16,TMAX,60
CHM00056046,2011-11-14,TMIN,-87
CHM00056046,2011-03-27,TMAX,50
CHM00052889,2006-06-04,TMAX,282
CHM00056046,2011-11-14,TMAX,10
CHM00052889,2007-02-16,TMIN,4
CHM00052983,2007-10-18,TMAX,131
CHM00056080,2005-04-12,TMAX,24
CHM00056080,2005-04-12,TMIN,-66
CHM00052889,2006-06-04,TMIN,105
CHM00052983,2011-06-03,TMAX,267
CHM00052983,2007-06-17,TMAX,122
CHM00052889,2005-09-26,TMAX,237
CHM00056080,2011-12-11,TMAX,13
CHM00056046,2010-07-02,TMAX,197
CHM00052889,2008-05-16,TMAX,312
CHM00056080,2010-11-02,TMIN,-27
CHM00052983,2014-10-12,TMAX,46
CHM00056046,2007-12-26,TMAX,61
CHM00056080,2012-08-01,TMAX,203
CHM00056046,2010-07-02,TMIN,85
CHM00056046,2007-12-26,TMIN,-190
CHM00052983,2007-10-12,TMAX,103
CHM00056046,2006-04-17,TMAX,74
CHM00056080,2012-08-01,TMIN,81
CHM00056080,2013-07-13,TMIN,109
CHM00056046,2006-04-17,TMIN,-45
CHM00056046,2005-10-03,TMAX,117
CHM00052983,2009-05-13,TMAX,133
CHM00056080,2009-09-15,TMIN,39
CHM00056080,2014-10-15,TMAX,86
CHM00056046,2008-05-30,TMIN,10
CHM00052889,2005-05-10,TMAX,275
CHM00056080,2008-09-11,TMIN,49
CHM00056046,2012-12-20,TMIN,-97
CHM00052889,2005-05-10,TMIN,48
CHM00056046,2008-05-30,TMAX,66
CHM00056080,2008-09-11,TMAX,113
CHM00056080,2014-10-15,TMIN,1
CHM00056080,2010-11-02,TMAX,63
CHM00056046,2012-12-20,TMAX,6
CHM00056046,2011-04-07,TMIN,-54
CHM00056046,2012-03-29,TMIN,-56
CHM00056080,2007-09-02,TMIN,56
CHM00056080,2010-02-28,TMIN,-36
CHM00056046,2009-07-23,TMAX,159
CHM00056046,2009-07-23,TMIN,86
CHM00056046,2006-04-08,TMIN,-60
CHM00052983,2013-08-12,TMIN,106
CHM00056080,2007-08-05,TMAX,226
CHM00056080,2007-08-05,TMIN,129
CHM00056080,2012-10-20,TMIN,-24
CHM00056046,2012-07-21,TMIN,95
CHM00056046,2008-05-08,TMIN,8
CHM00052889,2006-05-27,TMAX,260
CHM00056046,2011-03-27,TMIN,-182
CHM00056080,2011-04-09,TMAX,122
CHM00052983,2008-11-28,TMIN,-84
CHM00056080,2011-04-09,TMIN,-64
CHM00056080,2012-10-20,TMAX,154
CHM00056080,2013-03-03,TMAX,69
CHM00056080,2013-03-03,TMIN,-121
CHM00056046,2011-11-18,TMIN,-168
CHM00052889,2008-05-18,TMIN,100
CHM00052889,2006-05-27,TMIN,49
CHM00056046,2011-11-18,TMAX,-29
CHM00056046,2014-07-26,TMIN,31
CHM00052983,2008-05-12,TMIN,8
CHM00056046,2014-07-26,TMAX,195
CHM00052983,2008-05-12,TMAX,203
CHM00052983,2013-11-27,TMIN,-93
CHM00056080,2011-11-05,TMAX,109
CHM00056046,2005-05-27,TMIN,23
CHM00052983,2012-10-16,TMAX,94
CHM00052983,2008-07-26,TMIN,135
CHM00056080,2009-05-24,TMAX,145
CHM00056080,2009-05-24,TMIN,53
CHM00052983,2005-04-17,TMIN,11
CHM00056046,2013-06-17,TMIN,61
CHM00056046,2006-02-24,TMAX,38
CHM00052889,2006-07-16,TMIN,192
CHM00052889,2006-07-16,TMAX,353
CHM00056046,2015-01-28,TMIN,-116
CHM00056080,2009-09-28,TMAX,193
CHM00056046,2006-02-24,TMIN,-93
CHM00056046,2015-01-28,TMAX,10
CHM00052983,2005-04-17,TMAX,163
CHM00056080,2008-10-15,TMAX,128
CHM00056080,2007-03-30,TMAX,228
CHM00056080,2007-03-30,TMIN,-30
CHM00056080,2009-09-28,TMIN,-13
CHM00052983,2008-07-26,TMAX,311
CHM00056080,2010-02-28,TMAX,123
CHM00052983,2013-11-27,TMAX,16
CHM00056046,2006-04-08,TMAX,35
CHM00056046,2010-02-23,TMIN,-144
CHM00056080,2008-10-15,TMIN,18
CHM00056046,2012-07-21,TMAX,172
CHM00056046,2010-07-25,TMIN,35
CHM00052889,2006-07-02,TMIN,188
CHM00052889,2006-07-02,TMAX,327
CHM00056046,2007-02-20,TMIN,-240
CHM00052983,2009-09-30,TMAX,181
CHM00056080,2011-11-05,TMIN,-7
CHM00052983,2008-11-28,TMAX,52
CHM00056046,2008-05-08,TMAX,92
CHM00056080,2014-11-12,TMAX,10
CHM00056046,2009-05-26,TMIN,50
CHM00056046,2009-05-26,TMAX,183
CHM00056046,2010-09-06,TMIN,30
CHM00056046,2010-09-06,TMAX,119
CHM00052983,2011-09-28,TMAX,143
CHM00056046,2010-07-25,TMAX,157
CHM00052889,2006-01-18,TMIN,-83
CHM00056046,2011-10-15,TMIN,-39
CHM00056046,2011-10-15,TMAX,30
CHM00052983,2015-06-11,TMIN,80
CHM00052983,2015-06-11,TMAX,249
CHM00056046,2010-02-23,TMAX,70
CHM00052889,2006-01-18,TMAX,-23
CHM00052983,2014-09-12,TMIN,60
CHM00056080,2009-09-22,TMIN,23
CHM00052889,2008-05-18,TMAX,222
CHM00056080,2009-09-22,TMAX,203
CHM00052889,2007-04-10,TMAX,233
CHM00052983,2007-02-23,TMAX,92
CHM00052983,2009-05-15,TMAX,183
CHM00052889,2006-01-30,TMAX,96
CHM00052889,2005-07-02,TMIN,138
CHM00056080,2008-10-22,TMIN,-15
CHM00056080,2008-10-22,TMAX,75
CHM00052889,2006-01-30,TMIN,-126
CHM00052983,2011-03-12,TMIN,-57
CHM00052889,2005-07-02,TMAX,238
CHM00052889,2005-01-03,TMAX,7
CHM00052983,2007-01-18,TMIN,-155
CHM00052889,2005-01-03,TMIN,-150
CHM00052889,2007-04-10,TMIN,62
CHM00052983,2012-01-23,TMAX,-103
CHM00052983,2012-01-23,TMIN,-241
CHM00056046,2008-07-23,TMAX,182
CHM00052983,2007-01-18,TMAX,-11
CHM00056046,2005-04-12,TMAX,-14
CHM00056046,2005-04-12,TMIN,-90
CHM00056080,2014-05-25,TMAX,97
CHM00052983,2006-10-15,TMAX,202
CHM00056080,2014-05-25,TMIN,29
CHM00052983,2006-03-05,TMAX,126
CHM00052983,2006-10-15,TMIN,46
CHM00056080,2008-07-27,TMAX,251
CHM00052889,2005-07-04,TMIN,131
CHM00052889,2005-07-04,TMAX,244
CHM00056046,2008-02-22,TMIN,-246
CHM00056046,2008-08-28,TMAX,158
CHM00056046,2015-05-16,TMAX,50
CHM00052983,2006-03-04,TMAX,87
CHM00056080,2007-10-26,TMAX,147
CHM00056046,2007-03-05,TMIN,-94
CHM00056080,2007-01-29,TMAX,43
CHM00056080,2007-01-29,TMIN,-179
CHM00056046,2008-02-22,TMAX,-32
CHM00056080,2008-05-02,TMIN,15
CHM00052983,2006-03-04,TMIN,-31
CHM00052889,2007-04-14,TMAX,163
CHM00052889,2007-04-14,TMIN,72
CHM00052983,2011-10-18,TMIN,16
CHM00052983,2011-10-18,TMAX,139
CHM00056046,2012-02-25,TMIN,-67
CHM00056046,2013-04-29,TMAX,94
CHM00056046,2013-04-29,TMIN,-44
CHM00056046,2006-04-27,TMAX,47
CHM00056046,2007-10-17,TMIN,-9
CHM00056046,2007-10-17,TMAX,85
CHM00056046,2012-02-25,TMAX,30
CHM00056080,2008-05-02,TMAX,169
CHM00052983,2015-11-03,TMIN,7
CHM00056080,2011-10-11,TMIN,55
CHM00056080,2011-10-11,TMAX,159
CHM00052983,2007-02-20,TMAX,86
CHM00056046,2009-05-30,TMIN,-16
CHM00056080,2008-07-29,TMAX,239
CHM00056046,2007-03-05,TMAX,-1
CHM00056046,2007-08-30,TMIN,82
CHM00056046,2007-08-30,TMAX,137
CHM00056046,2009-05-30,TMAX,36
CHM00056080,2012-08-19,TMIN,89
CHM00056046,2006-01-23,TMAX,20
CHM00056046,2008-08-28,TMIN,58
CHM00056080,2012-08-19,TMAX,212
CHM00052889,2007-10-12,TMIN,83
CHM00052889,2007-10-12,TMAX,145
CHM00052983,2007-02-20,TMIN,-62
CHM00056046,2007-06-27,TMIN,3
CHM00056046,2014-07-24,TMIN,33
CHM00056080,2007-10-26,TMIN,-13
CHM00056046,2007-06-27,TMAX,170
CHM00052889,2007-11-02,TMIN,-7
CHM00052889,2007-11-02,TMAX,133
CHM00056046,2012-10-16,TMAX,36
CHM00056046,2012-10-16,TMIN,-70
CHM00056046,2014-07-24,TMAX,163
CHM00056046,2006-05-17,TMAX,101
CHM00056080,2008-11-22,TMAX,-21
CHM00056046,2014-07-11,TMAX,133
CHM00056080,2014-08-19,TMAX,218
CHM00052889,2007-10-08,TMIN,46
CHM00056046,2007-10-12,TMIN,4
CHM00052889,2006-04-16,TMAX,209
CHM00052889,2006-04-16,TMIN,-9
CHM00052889,2007-10-08,TMAX,90
CHM00052983,2012-03-06,TMAX,20
CHM00056046,2012-03-03,TMAX,-24
CHM00052983,2007-12-12,TMIN,-80
CHM00052983,2007-12-12,TMAX,16
CHM00056046,2012-03-03,TMIN,-103
CHM00056046,2009-02-09,TMAX,34
CHM00056080,2015-11-16,TMIN,-54
CHM00056046,2013-12-08,TMAX,-7
CHM00056080,2009-02-28,TMIN,-106
CHM00056080,2009-05-13,TMAX,64
CHM00056080,2009-05-13,TMIN,26
CHM00056080,2009-02-28,TMAX,16
CHM00052983,2010-08-19,TMAX,276
CHM00052983,2010-08-19,TMIN,130
CHM00056080,2005-04-03,TMIN,-69
CHM00056080,2005-04-03,TMAX,99
CHM00052983,2006-12-24,TMAX,86
CHM00052983,2015-02-09,TMAX,58
CHM00052889,2006-02-20,TMAX,99
CHM00052983,2008-11-24,TMAX,41
CHM00056080,2006-03-11,TMAX,53
CHM00056046,2011-03-06,TMIN,-120
CHM00056046,2006-04-27,TMIN,-67
CHM00056080,2007-01-19,TMAX,7
CHM00056080,2007-12-12,TMAX,12
CHM00056046,2006-05-17,TMIN,-19
CHM00056080,2014-08-19,TMIN,80
CHM00056046,2007-10-12,TMAX,51
CHM00056080,2007-01-19,TMIN,-210
CHM00056046,2008-03-31,TMIN,-127
CHM00056046,2012-11-23,TMIN,-130
CHM00056046,2012-11-23,TMAX,41
CHM00056080,2008-11-22,TMIN,-61
CHM00056046,2010-12-22,TMIN,-180
CHM00056046,2011-02-02,TMIN,-169
CHM00056046,2011-02-02,TMAX,-22
CHM00056046,2008-03-31,TMAX,-14
CHM00056046,2011-11-09,TMAX,32
CHM00056046,2009-06-25,TMIN,69
CHM00052983,2012-03-06,TMIN,-56
CHM00056046,2009-06-25,TMAX,196
CHM00056046,2011-11-09,TMIN,-139
CHM00052983,2015-11-22,TMIN,-11
CHM00056046,2011-03-06,TMAX,23
CHM00052889,2006-02-20,TMIN,-105
CHM00056080,2006-03-11,TMIN,-29
CHM00052983,2011-08-04,TMIN,135
CHM00052983,2011-08-04,TMAX,266
CHM00056080,2013-11-19,TMIN,-134
CHM00056046,2011-04-14,TMIN,-51
CHM00056080,2011-07-25,TMAX,220
CHM00056080,2007-03-21,TMIN,-59
CHM00056046,2011-04-14,TMAX,89
CHM00056080,2005-10-16,TMAX,141
CHM00056080,2005-10-16,TMIN,13
CHM00056046,2006-05-26,TMAX,161
CHM00056080,2010-11-12,TMIN,-120
CHM00056046,2006-05-26,TMIN,-9
CHM00052889,2005-05-18,TMAX,153
CHM00056080,2008-04-30,TMAX,206
CHM00052889,2005-05-18,TMIN,82
CHM00052983,2012-11-29,TMIN,-100
CHM00056046,2013-12-19,TMIN,-229
CHM00056046,2013-12-19,TMAX,-24
CHM00052983,2012-11-29,TMAX,52
CHM00052983,2014-09-07,TMAX,223
CHM00056046,2006-01-08,TMAX,28
CHM00052983,2014-09-07,TMIN,136
CHM00056080,2006-05-11,TMIN,47
CHM00056046,2006-01-08,TMIN,-145
CHM00056080,2006-05-11,TMAX,104
CHM00056080,2013-12-16,TMAX,9
CHM00056080,2006-04-04,TMIN,-56
CHM00056080,2013-12-16,TMIN,-202
CHM00056080,2009-06-25,TMAX,250
CHM00056080,2006-04-04,TMAX,70
CHM00056080,2006-01-23,TMAX,32
CHM00052889,2006-03-14,TMAX,15
CHM00052889,2006-03-14,TMIN,-76
CHM00052889,2007-08-26,TMIN,152
CHM00052889,2005-04-18,TMIN,46
CHM00052889,2007-03-21,TMIN,24
CHM00056046,2008-05-25,TMAX,162
CHM00052889,2006-06-14,TMIN,82
CHM00052983,2006-10-17,TMIN,25
CHM00052983,2006-10-17,TMAX,185
CHM00052889,2006-06-14,TMAX,291
CHM00056046,2008-02-20,TMIN,-165
CHM00052889,2005-04-18,TMAX,177
CHM00056080,2007-08-09,TMIN,93
CHM00056080,2007-03-21,TMAX,158
CHM00052889,2007-03-21,TMAX,204
CHM00056046,2015-01-25,TMIN,-221
CHM00056046,2015-01-25,TMAX,-4
CHM00052889,2005-04-29,TMAX,287
CHM00052889,2008-08-14,TMIN,155
CHM00052889,2008-08-14,TMAX,297
CHM00056080,2014-11-14,TMAX,58
CHM00056080,2009-06-25,TMIN,95
CHM00052889,2005-04-29,TMIN,98
CHM00052983,2015-02-09,TMIN,-117
CHM00056080,2008-04-30,TMIN,-9
CHM00056080,2013-04-05,TMIN,-77
CHM00056080,2006-01-08,TMIN,-146
CHM00056080,2006-03-30,TMAX,125
CHM00056080,2011-02-07,TMAX,89
CHM00056080,2011-02-07,TMIN,-84
CHM00056046,2014-04-09,TMAX,114
CHM00056046,2015-11-22,TMIN,-120
CHM00052983,2008-03-05,TMAX,39
CHM00056046,2015-11-22,TMAX,87
CHM00056046,2014-04-09,TMIN,-47
CHM00056046,2006-05-11,TMIN,5
CHM00056046,2006-05-11,TMAX,74
CHM00056080,2013-09-19,TMIN,70
CHM00056080,2005-04-09,TMIN,-72
CHM00056046,2005-06-18,TMIN,42
CHM00056080,2014-03-10,TMAX,123
CHM00056046,2005-06-18,TMAX,133
CHM00056080,2005-04-09,TMAX,17
CHM00056080,2014-03-10,TMIN,-70
CHM00056080,2006-05-26,TMAX,171
CHM00056080,2006-05-26,TMIN,24
CHM00056080,2013-11-19,TMAX,87
CHM00056046,2006-01-23,TMIN,-169
CHM00056080,2008-07-29,TMIN,97
CHM00056080,2006-03-30,TMIN,-48
CHM00052983,2014-05-04,TMAX,163
CHM00056080,2006-01-08,TMAX,77
CHM00052983,2008-04-27,TMAX,197
CHM00056080,2011-10-26,TMIN,11
CHM00056080,2010-11-12,TMAX,91
CHM00056080,2011-10-26,TMAX,86
CHM00056080,2014-02-07,TMAX,86
CHM00052983,2014-05-04,TMIN,25
CHM00056080,2014-02-07,TMIN,-142
CHM00056080,2007-08-09,TMAX,227
CHM00056080,2013-04-05,TMAX,40
CHM00056080,2011-07-25,TMIN,94
CHM00056080,2014-10-10,TMAX,111
CHM00052983,2007-08-11,TMIN,120
CHM00052983,2006-07-17,TMIN,190
CHM00052983,2009-09-21,TMIN,40
CHM00052983,2009-09-21,TMAX,204
CHM00052983,2006-07-17,TMAX,286
CHM00052983,2007-08-11,TMAX,264
CHM00056046,2008-05-25,TMIN,51
CHM00052983,2009-05-02,TMAX,194
CHM00056046,2007-01-29,TMAX,-9
CHM00056046,2007-01-29,TMIN,-217
CHM00052983,2009-05-02,TMIN,25
CHM00052983,2008-04-27,TMIN,24
CHM00056046,2010-12-22,TMAX,-24
CHM00056046,2015-06-17,TMIN,56
CHM00056046,2012-12-11,TMAX,-8
CHM00056046,2013-02-03,TMAX,-4
CHM00056080,2011-12-13,TMIN,-144
CHM00056080,2006-10-20,TMAX,165
CHM00052983,2013-06-25,TMIN,86
CHM00056080,2011-11-09,TMAX,79
CHM00056080,2011-11-09,TMIN,-94
CHM00056080,2015-11-03,TMIN,-57
CHM00056080,2012-07-02,TMIN,118
CHM00056080,2012-07-02,TMAX,199
CHM00052889,2007-03-29,TMAX,284
CHM00052889,2007-03-29,TMIN,89
CHM00056080,2013-03-10,TMAX,142
CHM00056080,2006-10-20,TMIN,-19
CHM00056080,2015-11-03,TMAX,146
CHM00052889,2008-11-30,TMIN,-48
CHM00056046,2013-07-23,TMIN,26
CHM00056046,2006-03-11,TMIN,-95
CHM00056046,2006-03-11,TMAX,-16
CHM00056046,2011-10-25,TMIN,-45
CHM00052983,2008-05-09,TMAX,179
CHM00052983,2008-05-09,TMIN,62
CHM00056080,2005-05-18,TMAX,61
CHM00056046,2011-10-25,TMAX,94
CHM00052983,2010-03-22,TMAX,70
CHM00052889,2008-11-30,TMAX,93
CHM00056046,2013-07-23,TMAX,199
CHM00056080,2007-12-31,TMAX,10
CHM00056046,2012-12-04,TMIN,-169
CHM00052983,2014-01-07,TMAX,-33
CHM00056080,2013-06-03,TMAX,216
CHM00056080,2011-05-18,TMIN,14
CHM00056080,2011-05-18,TMAX,236
CHM00052983,2012-12-20,TMAX,-59
CHM00052889,2006-05-11,TMIN,86
CHM00056080,2013-06-03,TMIN,27
CHM00056046,2008-10-16,TMIN,-46
CHM00052889,2006-05-11,TMAX,147
CHM00052889,2008-07-22,TMAX,314
CHM00056080,2008-02-22,TMIN,-139
CHM00056080,2014-01-28,TMIN,-127
CHM00052889,2005-07-13,TMIN,117
CHM00052889,2005-07-13,TMAX,344
CHM00052983,2012-07-29,TMAX,285
CHM00052983,2015-09-02,TMIN,137
CHM00056080,2007-12-31,TMIN,-196
CHM00052983,2012-10-08,TMAX,138
CHM00052983,2006-04-15,TMIN,14
CHM00056046,2005-04-29,TMAX,89
CHM00056046,2005-04-29,TMIN,14
CHM00052983,2006-04-15,TMAX,145
CHM00056046,2012-12-04,TMAX,-12
CHM00052983,2015-01-16,TMAX,38
CHM00056080,2005-05-18,TMIN,3
CHM00052983,2012-06-26,TMAX,225
CHM00052983,2012-06-26,TMIN,119
CHM00052983,2010-12-27,TMIN,-149
CHM00052983,2010-12-27,TMAX,1
CHM00052889,2008-09-16,TMIN,137
CHM00056046,2010-10-31,TMAX,121
CHM00056046,2008-05-12,TMAX,154
CHM00056046,2010-10-31,TMIN,-82
CHM00052889,2008-01-27,TMAX,-111
CHM00056080,2007-12-12,TMIN,-123
CHM00056080,2009-10-08,TMAX,68
CHM00056080,2009-10-08,TMIN,39
CHM00056080,2008-11-18,TMAX,26
CHM00052983,2015-07-24,TMIN,94
CHM00056080,2008-11-18,TMIN,-74
CHM00056046,2014-08-30,TMAX,162
CHM00056046,2008-05-12,TMIN,-55
CHM00052983,2012-10-09,TMAX,154
CHM00052889,2008-09-16,TMAX,268
CHM00056046,2009-09-25,TMIN,10
CHM00056046,2013-03-11,TMAX,92
CHM00056046,2011-10-23,TMAX,64
CHM00056046,2009-06-11,TMAX,111
CHM00056046,2011-10-23,TMIN,-26
CHM00056080,2009-11-02,TMIN,-96
CHM00052889,2008-03-03,TMIN,-32
CHM00056080,2008-02-22,TMAX,76
CHM00056080,2014-06-12,TMAX,86
CHM00056046,2007-09-19,TMIN,12
CHM00052983,2011-05-12,TMIN,24
CHM00056080,2011-08-08,TMIN,39
CHM00052983,2011-05-12,TMAX,123
CHM00052983,2015-01-16,TMIN,-119
CHM00056080,2011-08-08,TMAX,251
CHM00056046,2009-09-25,TMAX,93
CHM00056080,2014-01-28,TMAX,43
CHM00052983,2011-11-14,TMAX,94
CHM00052983,2010-03-06,TMIN,-60
CHM00052983,2010-03-06,TMAX,38
CHM00052983,2009-11-19,TMIN,-130
CHM00056046,2015-06-12,TMIN,23
CHM00056046,2006-04-16,TMAX,81
CHM00052889,2006-12-24,TMIN,-142
CHM00056046,2006-04-16,TMIN,-88
CHM00052983,2009-11-19,TMAX,-24
CHM00052889,2006-12-24,TMAX,37
CHM00056080,2008-08-05,TMAX,219
CHM00056046,2013-06-03,TMIN,13
CHM00056046,2013-06-03,TMAX,155
CHM00056080,2008-08-05,TMIN,60
CHM00052983,2006-03-20,TMAX,120
CHM00056046,2007-09-19,TMAX,109
CHM00052889,2008-03-03,TMAX,142
CHM00056046,2008-10-16,TMAX,95
CHM00052889,2008-07-22,TMIN,170
CHM00056080,2012-03-03,TMIN,-51
CHM00056046,2012-03-18,TMIN,-96
CHM00056080,2006-04-27,TMAX,95
CHM00056080,2006-04-27,TMIN,-23
CHM00056046,2007-10-26,TMIN,-60
CHM00052889,2007-03-15,TMIN,9
CHM00052889,2007-03-15,TMAX,40
CHM00052983,2008-05-18,TMAX,196
CHM00056046,2007-10-26,TMAX,82
CHM00056080,2010-06-24,TMAX,209
CHM00056080,2010-06-24,TMIN,116
CHM00056046,2005-10-02,TMIN,26
CHM00056046,2005-10-02,TMAX,66
CHM00056080,2011-08-11,TMIN,78
CHM00056046,2012-01-29,TMAX,-24
CHM00056046,2012-01-29,TMIN,-176
CHM00056080,2011-08-11,TMAX,261
CHM00056046,2012-03-18,TMAX,35
CHM00056080,2014-09-09,TMIN,74
CHM00056046,2005-10-08,TMIN,6
CHM00056080,2010-01-18,TMAX,154
CHM00052983,2011-10-15,TMIN,-26
CHM00056046,2005-10-08,TMAX,83
CHM00056046,2014-11-11,TMIN,-68
CHM00056046,2014-11-11,TMAX,60
CHM00052983,2011-10-15,TMAX,133
CHM00056080,2005-07-13,TMAX,228
CHM00056080,2007-03-05,TMIN,-109
CHM00056046,2010-07-24,TMAX,207
CHM00052983,2009-05-10,TMAX,209
CHM00056046,2008-11-22,TMIN,-98
CHM00056046,2008-11-22,TMAX,-18
CHM00056080,2009-01-28,TMAX,74
CHM00056080,2015-07-09,TMAX,190
CHM00052983,2009-05-10,TMIN,63
CHM00056046,2010-07-24,TMIN,38
CHM00052983,2011-02-24,TMIN,-29
CHM00052983,2011-02-24,TMAX,118
CHM00052983,2012-02-06,TMAX,-39
CHM00056080,2007-09-24,TMIN,55
CHM00056080,2008-01-01,TMIN,-173
CHM00056080,2008-01-01,TMAX,17
CHM00056080,2009-01-28,TMIN,-102
CHM00056046,2009-02-09,TMIN,-191
CHM00056080,2013-07-24,TMIN,107
CHM00056080,2007-09-24,TMAX,243
CHM00056046,2015-10-23,TMAX,84
CHM00056080,2014-01-20,TMAX,33
CHM00052983,2011-05-03,TMAX,114
CHM00056080,2007-03-05,TMAX,17
CHM00056080,2014-01-20,TMIN,-214
CHM00056046,2015-10-23,TMIN,-47
CHM00052983,2006-12-24,TMIN,-109
CHM00056046,2005-04-03,TMIN,-109
CHM00056080,2014-09-09,TMAX,182
CHM00056080,2011-05-17,TMIN,1
CHM00052889,2005-06-07,TMAX,304
CHM00052983,2013-06-23,TMIN,90
CHM00056046,2006-03-30,TMIN,-49
CHM00056046,2008-05-27,TMAX,125
CHM00052983,2005-01-09,TMIN,-131
CHM00056046,2008-05-27,TMIN,40
CHM00052983,2005-01-09,TMAX,2
CHM00052889,2005-06-07,TMIN,88
CHM00056046,2009-10-08,TMAX,50
CHM00056046,2009-10-08,TMIN,3
CHM00056080,2011-05-17,TMAX,217
CHM00056046,2006-03-30,TMAX,40
CHM00056046,2014-09-12,TMAX,171
CHM00056080,2013-03-10,TMIN,-63
CHM00056046,2012-03-21,TMAX,78
CHM00052983,2013-07-22,TMIN,111
CHM00052983,2014-12-31,TMAX,16
CHM00056046,2012-03-21,TMIN,-29
CHM00052983,2014-12-31,TMIN,-134
CHM00052983,2014-08-30,TMAX,216
CHM00056080,2012-03-03,TMAX,44
CHM00052983,2014-01-07,TMIN,-120
CHM00056046,2012-08-19,TMAX,139
CHM00056046,2005-04-03,TMAX,30
CHM00056046,2012-08-19,TMIN,50
CHM00052983,2007-10-26,TMIN,10
CHM00056080,2010-01-18,TMIN,-143
CHM00056046,2014-06-14,TMIN,23
CHM00056046,2013-03-03,TMAX,28
CHM00056046,2013-03-03,TMIN,-158
CHM00056046,2009-05-18,TMAX,81
CHM00052983,2006-03-11,TMAX,30
CHM00056046,2009-10-26,TMAX,63
CHM00056046,2014-06-14,TMAX,96
CHM00056046,2009-05-18,TMIN,-40
CHM00056046,2008-03-30,TMAX,32
CHM00056046,2005-05-18,TMAX,95
CHM00056080,2009-07-29,TMIN,47
CHM00056080,2005-07-13,TMIN,49
CHM00056046,2014-11-14,TMIN,-130
CHM00056046,2005-05-18,TMIN,1
CHM00056046,2014-11-14,TMAX,42
CHM00056046,2008-03-30,TMIN,-80
CHM00052983,2007-10-26,TMAX,128
CHM00056046,2014-02-08,TMAX,39
CHM00056046,2014-02-08,TMIN,-126
CHM00056046,2009-10-26,TMIN,-48
CHM00056080,2009-07-29,TMAX,260
CHM00056080,2015-07-15,TMIN,40
CHM00056046,2013-09-29,TMIN,-36
CHM00056080,2006-01-23,TMIN,-138
CHM00056080,2009-02-25,TMIN,-86
CHM00056080,2009-02-25,TMAX,22
CHM00056046,2008-05-22,TMAX,127
CHM00056046,2005-07-03,TMAX,177
CHM00056046,2008-05-22,TMIN,7
CHM00056046,2005-07-03,TMIN,73
CHM00056080,2006-06-14,TMIN,24
CHM00052983,2011-10-05,TMIN,31
CHM00056080,2009-05-09,TMAX,120
CHM00056046,2008-08-07,TMAX,158
CHM00056046,2006-06-27,TMIN,16
CHM00052983,2011-10-05,TMAX,201
CHM00056080,2009-05-09,TMIN,31
CHM00052983,2007-09-02,TMAX,182
CHM00056080,2007-11-02,TMAX,90
CHM00052983,2006-06-14,TMAX,250
CHM00052983,2006-06-14,TMIN,81
CHM00056046,2006-06-27,TMAX,154
CHM00056080,2006-06-14,TMAX,150
CHM00056046,2013-11-19,TMIN,-177
CHM00056080,2009-05-30,TMIN,16
CHM00056080,2009-06-12,TMAX,186
CHM00056080,2009-05-30,TMAX,149
CHM00052983,2006-04-23,TMAX,205
CHM00056080,2007-11-02,TMIN,-98
CHM00056080,2007-03-15,TMIN,-58
CHM00056046,2005-07-13,TMAX,146
CHM00056080,2007-03-15,TMAX,3
CHM00056080,2009-06-12,TMIN,22
CHM00052983,2006-01-23,TMAX,-19
CHM00052983,2013-06-20,TMIN,126
CHM00056046,2009-11-29,TMIN,-66
CHM00056046,2005-01-05,TMAX,20
CHM00052889,2007-06-23,TMAX,293
CHM00056080,2006-02-12,TMIN,-148
CHM00056080,2006-02-12,TMAX,126
CHM00052983,2006-01-23,TMIN,-116
CHM00056046,2005-01-05,TMIN,-185
CHM00052889,2007-06-23,TMIN,141
CHM00056080,2013-03-12,TMAX,116
CHM00056046,2005-05-30,TMIN,15
CHM00056046,2005-05-06,TMAX,116
CHM00052983,2012-07-02,TMAX,252
CHM00052983,2012-07-02,TMIN,157
CHM00052983,2013-07-16,TMIN,130
CHM00056046,2014-10-25,TMIN,-81
CHM00056046,2013-11-24,TMAX,-40
CHM00056046,2013-11-24,TMIN,-226
CHM00056046,2014-10-25,TMAX,75
CHM00056046,2006-02-12,TMIN,-180
CHM00056046,2006-02-12,TMAX,64
CHM00056046,2013-11-19,TMAX,13
CHM00052983,2008-06-04,TMIN,82
CHM00052983,2008-06-04,TMAX,298
CHM00052983,2014-01-26,TMIN,-99
CHM00056080,2012-12-12,TMIN,-147
CHM00056046,2008-08-07,TMIN,73
CHM00052889,2008-08-04,TMAX,339
CHM00056080,2005-01-06,TMAX,34
CHM00052889,2008-08-04,TMIN,181
CHM00052983,2009-10-28,TMIN,-3
CHM00056080,2015-05-21,TMIN,47
CHM00052983,2010-11-29,TMAX,72
CHM00056080,2012-12-12,TMAX,66
CHM00052889,2006-03-20,TMAX,127
CHM00052889,2006-03-20,TMIN,-18
CHM00052983,2015-07-09,TMAX,242
CHM00052983,2015-10-08,TMAX,157
CHM00052889,2006-05-26,TMAX,231
CHM00052889,2006-05-26,TMIN,50
CHM00052983,2009-10-20,TMIN,-3
CHM00052983,2009-10-20,TMAX,152
CHM00056046,2006-12-24,TMIN,-241
CHM00056046,2006-12-24,TMAX,3
CHM00052889,2006-04-27,TMAX,192
CHM00056080,2014-10-25,TMAX,140
CHM00056080,2014-10-25,TMIN,-50
CHM00056046,2007-01-06,TMAX,119
CHM00052983,2006-02-12,TMIN,-57
CHM00052889,2006-12-21,TMAX,9
CHM00056046,2011-05-14,TMAX,83
CHM00052983,2006-02-12,TMAX,79
CHM00052889,2007-01-19,TMIN,-113
CHM00056046,2011-02-21,TMIN,-157
CHM00052983,2006-04-23,TMIN,35
CHM00056046,2005-05-06,TMIN,-44
CHM00056046,2011-02-21,TMAX,12
CHM00056046,2011-07-25,TMIN,33
CHM00052889,2008-05-27,TMAX,250
CHM00052889,2008-05-27,TMIN,125
CHM00056046,2011-07-25,TMAX,205
CHM00056046,2010-06-24,TMIN,50
CHM00052889,2006-07-03,TMIN,163
CHM00052889,2007-01-19,TMAX,36
CHM00052889,2006-07-03,TMAX,316
CHM00056046,2010-06-24,TMAX,177
CHM00056046,2005-07-13,TMIN,12
CHM00056080,2014-01-22,TMAX,115
CHM00052983,2014-01-26,TMAX,106
CHM00056080,2010-09-01,TMAX,158
CHM00056080,2005-01-06,TMIN,-135
CHM00056080,2010-09-01,TMIN,73
CHM00052983,2007-01-23,TMAX,0
CHM00052889,2007-03-05,TMAX,45
CHM00052889,2007-03-05,TMIN,-53
CHM00052983,2015-11-26,TMAX,71
CHM00056080,2007-10-01,TMIN,35
CHM00056080,2012-04-07,TMAX,107
CHM00056080,2012-04-07,TMIN,-18
CHM00052889,2007-10-06,TMAX,149
CHM00056046,2006-07-03,TMAX,164
CHM00056046,2013-04-30,TMIN,-28
CHM00056046,2007-06-22,TMAX,124
CHM00056046,2012-07-19,TMAX,195
CHM00052983,2007-09-01,TMAX,237
CHM00056046,2006-07-03,TMIN,89
CHM00052983,2007-09-01,TMIN,105
CHM00056046,2011-11-05,TMIN,-85
CHM00056046,2013-08-20,TMIN,38
CHM00056046,2011-11-05,TMAX,38
CHM00056080,2006-06-27,TMIN,67
CHM00056080,2012-02-25,TMIN,-112
CHM00056046,2007-03-15,TMAX,50
CHM00056046,2013-12-16,TMAX,-61
CHM00056046,2013-12-16,TMIN,-268
CHM00056080,2006-12-24,TMIN,-159
CHM00056080,2006-12-24,TMAX,57
CHM00052983,2013-07-13,TMIN,143
CHM00052889,2007-10-06,TMIN,90
CHM00056080,2012-02-25,TMAX,-38
CHM00056046,2007-03-15,TMIN,-62
CHM00052889,2008-01-13,TMAX,-6
CHM00056080,2006-06-27,TMAX,234
CHM00056080,2013-02-03,TMAX,56
CHM00056046,2014-09-13,TMAX,141
CHM00056046,2012-07-19,TMIN,77
CHM00052889,2008-05-12,TMAX,234
CHM00052889,2008-05-12,TMIN,82
CHM00056046,2007-10-01,TMAX,155
CHM00056046,2011-05-13,TMIN,27
CHM00056080,2007-03-12,TMIN,-56
CHM00052983,2006-10-05,TMAX,170
CHM00056080,2011-05-10,TMAX,193
CHM00056080,2011-05-10,TMIN,30
CHM00052889,2005-07-03,TMAX,275
CHM00052889,2005-07-03,TMIN,129
CHM00056046,2011-05-13,TMAX,142
CHM00056080,2005-04-18,TMAX,122
CHM00056046,2007-06-22,TMIN,24
CHM00052983,2006-10-05,TMIN,57
CHM00056046,2013-04-30,TMAX,125
CHM00056080,2007-03-12,TMAX,115
CHM00056080,2005-04-18,TMIN,-6
CHM00052889,2007-06-18,TMAX,173
CHM00052889,2007-06-18,TMIN,116
CHM00056080,2012-06-28,TMIN,98
CHM00056046,2005-07-29,TMIN,88
CHM00056046,2005-07-29,TMAX,148
CHM00056080,2012-06-28,TMAX,129
CHM00056046,2014-09-13,TMIN,59
CHM00056046,2007-01-06,TMIN,-205
CHM00052983,2009-09-05,TMAX,207
CHM00052983,2007-06-16,TMAX,160
CHM00052889,2007-02-10,TMAX,135
CHM00052983,2007-08-04,TMAX,266
CHM00052983,2007-08-04,TMIN,139
CHM00056080,2014-06-14,TMAX,154
CHM00056046,2011-10-11,TMAX,108
CHM00056046,2011-10-11,TMIN,-10
CHM00052983,2010-10-26,TMIN,-48
CHM00052889,2007-02-15,TMIN,-27
CHM00052983,2010-10-26,TMAX,45
CHM00052889,2007-02-15,TMAX,95
CHM00052889,2007-02-10,TMIN,-27
CHM00052889,2006-12-21,TMIN,-162
CHM00056046,2010-09-01,TMIN,22
CHM00056046,2010-09-01,TMAX,148
CHM00052983,2009-11-02,TMIN,-86
CHM00052983,2009-11-02,TMAX,95
CHM00052983,2006-05-11,TMAX,99
CHM00052889,2006-04-04,TMIN,21
CHM00056046,2009-11-29,TMAX,42
CHM00056080,2007-10-01,TMAX,114
CHM00056046,2014-03-10,TMAX,51
CHM00056046,2014-03-10,TMIN,-139
CHM00052889,2006-04-04,TMAX,177
CHM00056080,2014-06-14,TMIN,55
CHM00052889,2008-01-13,TMIN,-79
CHM00056046,2015-05-21,TMAX,57
CHM00056046,2005-04-18,TMAX,32
CHM00052983,2011-07-29,TMAX,234
CHM00056080,2011-07-28,TMIN,83
CHM00056080,2011-07-28,TMAX,161
CHM00056080,2012-02-27,TMIN,-103
CHM00052983,2009-04-30,TMAX,109
CHM00056080,2012-02-27,TMAX,54
CHM00056046,2013-12-12,TMAX,-36
CHM00052983,2006-12-14,TMAX,-3
CHM00052983,2006-12-14,TMIN,-155
CHM00056080,2015-01-25,TMIN,-120
CHM00056080,2015-01-25,TMAX,72
CHM00056080,2013-09-13,TMIN,-18
CHM00056046,2015-05-21,TMIN,-16
CHM00056080,2006-07-03,TMAX,230
CHM00056080,2006-07-03,TMIN,115
CHM00056080,2005-10-02,TMIN,21
CHM00052889,2007-01-06,TMIN,-116
CHM00056046,2005-05-30,TMAX,157
CHM00056080,2005-10-02,TMAX,88
CHM00052889,2007-01-06,TMAX,-20
CHM00056046,2005-04-18,TMIN,-42
CHM00056046,2010-12-20,TMAX,-41
CHM00052983,2005-03-20,TMAX,65
CHM00056046,2010-12-20,TMIN,-112
CHM00056080,2014-08-15,TMIN,34
CHM00052983,2009-09-12,TMAX,136
CHM00052889,2006-04-27,TMIN,36
CHM00056046,2012-02-06,TMAX,9
CHM00056046,2007-03-21,TMAX,106
CHM00056080,2005-10-08,TMAX,112
CHM00056046,2006-03-20,TMAX,62
CHM00056046,2006-03-20,TMIN,-121
CHM00056046,2007-03-21,TMIN,-73
CHM00056046,2011-07-08,TMIN,20
CHM00056080,2013-11-24,TMAX,32
CHM00056080,2013-11-24,TMIN,-189
CHM00052889,2008-01-17,TMIN,-103
CHM00052889,2008-01-17,TMAX,-16
CHM00056046,2011-07-08,TMAX,174
CHM00052983,2007-08-14,TMAX,261
CHM00052983,2010-12-09,TMAX,72
CHM00056080,2005-01-01,TMAX,39
CHM00052983,2008-09-13,TMAX,232
CHM00052983,2007-08-14,TMIN,105
CHM00056080,2005-05-30,TMAX,186
CHM00052983,2010-12-09,TMIN,-115
CHM00056046,2008-07-31,TMAX,147
CHM00052983,2010-12-10,TMAX,33
CHM00056046,2008-07-31,TMIN,62
CHM00056080,2007-10-08,TMAX,95
CHM00056080,2005-10-08,TMIN,38
CHM00056080,2007-10-08,TMIN,-12
CHM00056046,2012-02-06,TMIN,-160
CHM00052983,2014-02-09,TMAX,-60
CHM00052983,2012-10-20,TMIN,23
CHM00056080,2007-02-15,TMAX,73
CHM00052983,2012-10-20,TMAX,178
CHM00056080,2007-02-15,TMIN,-120
CHM00056046,2014-08-19,TMAX,202
CHM00056080,2014-08-15,TMAX,175
CHM00056080,2011-12-13,TMAX,26
CHM00056046,2007-06-25,TMAX,85
CHM00056080,2015-06-19,TMIN,79
CHM00056046,2007-06-25,TMIN,15
CHM00052983,2011-10-30,TMAX,147
CHM00052983,2011-10-30,TMIN,-13
CHM00056080,2005-01-01,TMIN,-158
CHM00052983,2014-10-14,TMIN,4
CHM00052983,2010-12-16,TMAX,2
CHM00052983,2014-10-14,TMAX,151
CHM00052983,2010-12-16,TMIN,-203
CHM00052889,2006-01-08,TMAX,-10
CHM00052889,2006-01-08,TMIN,-195
CHM00052983,2012-07-13,TMAX,260
CHM00056046,2008-08-05,TMAX,161
CHM00056046,2008-08-05,TMIN,65
CHM00052983,2014-11-05,TMAX,132
CHM00056046,2008-02-20,TMAX,-67
CHM00052983,2014-04-10,TMAX,138
CHM00056080,2007-10-17,TMIN,19
CHM00056080,2005-06-18,TMIN,53
CHM00052889,2008-12-18,TMAX,58
CHM00056046,2015-11-16,TMAX,88
CHM00052889,2008-01-04,TMAX,55
CHM00056046,2014-05-02,TMAX,95
CHM00056080,2006-03-20,TMIN,-89
CHM00052889,2008-01-04,TMIN,-59
CHM00056046,2015-11-16,TMIN,-107
CHM00056046,2014-05-02,TMIN,-44
CHM00056080,2008-05-22,TMAX,173
CHM00056080,2008-05-22,TMIN,45
CHM00056046,2014-09-17,TMIN,20
CHM00052889,2007-09-19,TMAX,256
CHM00052889,2007-09-19,TMIN,89
CHM00056046,2014-09-17,TMAX,117
CHM00056046,2007-01-19,TMAX,-69
CHM00056080,2012-11-23,TMIN,-151
CHM00056080,2012-11-23,TMAX,37
CHM00056046,2007-01-19,TMIN,-299
CHM00052889,2007-10-05,TMAX,168
CHM00052983,2008-12-20,TMAX,13
CHM00056046,2013-05-21,TMIN,-17
CHM00056046,2012-12-11,TMIN,-198
CHM00052889,2007-08-26,TMAX,214
CHM00052889,2008-12-18,TMIN,-73
CHM00052983,2015-06-30,TMAX,249
CHM00056080,2007-08-30,TMAX,124
CHM00052983,2009-12-06,TMIN,-82
CHM00052983,2012-03-14,TMIN,-1
CHM00052983,2012-03-14,TMAX,96
CHM00056080,2005-06-18,TMAX,183
CHM00056046,2014-10-18,TMAX,50
CHM00056080,2005-05-30,TMIN,59
CHM00056080,2007-10-17,TMAX,84
CHM00056046,2014-10-18,TMIN,-8
CHM00052889,2006-10-12,TMAX,222
CHM00052889,2006-10-12,TMIN,13
CHM00056080,2015-06-19,TMAX,126
CHM00056080,2013-08-04,TMIN,30
CHM00056080,2006-03-20,TMAX,113
CHM00052983,2014-06-18,TMAX,252
CHM00056046,2014-01-22,TMIN,-235
CHM00052983,2015-01-10,TMIN,-130
CHM00056080,2006-10-10,TMIN,-5
CHM00052983,2015-01-10,TMAX,72
CHM00056080,2006-10-10,TMAX,132
CHM00056080,2007-08-30,TMIN,81
CHM00052889,2007-10-05,TMIN,128
CHM00056080,2010-08-12,TMAX,151
CHM00056080,2014-06-05,TMAX,194
CHM00056080,2010-08-12,TMIN,120
CHM00052983,2009-12-06,TMAX,24
CHM00056080,2009-11-02,TMAX,127
CHM00056080,2011-10-25,TMIN,2
CHM00052983,2007-01-13,TMAX,-18
CHM00056046,2013-07-24,TMIN,89
CHM00052983,2008-08-08,TMAX,176
CHM00052983,2015-11-26,TMIN,-73
CHM00052983,2008-09-21,TMAX,180
CHM00056046,2006-10-09,TMIN,-80
CHM00056080,2013-03-24,TMAX,154
CHM00056080,2014-12-01,TMAX,61
CHM00052983,2014-07-15,TMAX,283
CHM00056080,2012-03-18,TMIN,-51
CHM00056046,2014-04-10,TMAX,88
CHM00056080,2013-12-12,TMAX,18
CHM00056080,2014-12-01,TMIN,-102
CHM00056046,2009-02-25,TMAX,37
CHM00056046,2009-02-25,TMIN,-104
CHM00052983,2009-01-20,TMAX,8
CHM00056046,2011-02-08,TMAX,71
CHM00056046,2011-02-08,TMIN,-125
CHM00056080,2007-01-06,TMAX,-13
CHM00052983,2014-07-15,TMIN,123
CHM00056080,2012-03-18,TMAX,148
CHM00052983,2005-04-03,TMIN,-17
CHM00052983,2005-04-03,TMAX,182
CHM00056080,2005-10-01,TMIN,50
CHM00056046,2014-01-05,TMAX,35
CHM00052889,2006-02-12,TMIN,-75
CHM00056046,2008-10-30,TMIN,-142
CHM00052983,2015-05-31,TMAX,193
CHM00056046,2007-02-15,TMAX,-8
CHM00056080,2005-07-03,TMAX,149
CHM00056046,2006-06-14,TMIN,14
CHM00056046,2006-10-09,TMAX,98
CHM00056046,2010-08-12,TMAX,186
CHM00052983,2009-10-28,TMAX,158
CHM00056080,2005-07-03,TMIN,95
CHM00056046,2007-02-15,TMIN,-119
CHM00052983,2010-11-29,TMIN,-78
CHM00056046,2010-08-12,TMIN,99
CHM00052889,2005-07-29,TMIN,181
CHM00052889,2005-07-29,TMAX,253
CHM00052889,2007-01-29,TMAX,89
CHM00056046,2007-10-08,TMAX,207
CHM00052889,2007-01-29,TMIN,-72
CHM00056046,2007-10-08,TMIN,9
CHM00056046,2006-06-14,TMAX,71
CHM00052983,2007-09-06,TMAX,170
CHM00056046,2007-11-02,TMIN,-128
CHM00056046,2011-05-14,TMIN,-4
CHM00056046,2008-10-30,TMAX,1
CHM00056046,2007-11-02,TMAX,38
CHM00056080,2015-03-26,TMIN,-62
CHM00056080,2013-03-24,TMIN,-70
CHM00056080,2011-10-25,TMAX,78
CHM00052889,2006-02-12,TMAX,93
CHM00056046,2015-02-02,TMAX,-6
CHM00056046,2012-02-27,TMAX,5
CHM00056046,2006-04-04,TMIN,-89
CHM00056080,2013-12-19,TMAX,1
CHM00056080,2009-09-10,TMAX,192
CHM00056080,2011-02-02,TMIN,-179
CHM00056046,2011-07-28,TMIN,84
CHM00052983,2010-12-17,TMIN,-170
CHM00052983,2007-10-17,TMAX,137
CHM00052983,2007-10-17,TMIN,20
CHM00056046,2014-01-20,TMAX,-71
CHM00056046,2009-01-28,TMAX,14
CHM00056046,2014-01-20,TMIN,-272
CHM00056046,2011-07-28,TMAX,169
CHM00056046,2008-11-18,TMAX,13
CHM00056046,2009-01-28,TMIN,-73
CHM00052983,2010-12-17,TMAX,13
CHM00056046,2011-05-11,TMAX,146
CHM00056046,2008-11-18,TMIN,-137
CHM00056046,2014-08-19,TMIN,24
CHM00052889,2007-10-01,TMIN,112
CHM00052889,2007-10-01,TMAX,159
CHM00056046,2013-01-04,TMAX,1
CHM00052983,2007-01-13,TMIN,-149
CHM00056046,2012-02-27,TMIN,-73
CHM00056080,2007-01-06,TMIN,-170
CHM00056046,2011-05-11,TMIN,-8
CHM00056080,2011-02-02,TMAX,48
CHM00056080,2005-10-01,TMAX,97
CHM00056080,2012-12-11,TMAX,59
CHM00056080,2012-12-11,TMIN,-132
CHM00052983,2013-04-29,TMAX,121
CHM00056046,2009-05-13,TMAX,161
CHM00056046,2009-05-13,TMIN,23
CHM00056080,2012-02-06,TMIN,-118
CHM00056080,2012-02-06,TMAX,-19
CHM00052983,2006-06-03,TMAX,219
CHM00056046,2012-04-07,TMIN,-31
CHM00052983,2006-01-18,TMIN,-64
CHM00056046,2012-04-07,TMAX,19
CHM00056046,2008-04-30,TMIN,-50
CHM00056046,2008-04-30,TMAX,118
CHM00052983,2014-11-05,TMIN,-47
CHM00056080,2009-11-29,TMAX,71
CHM00056080,2007-01-15,TMIN,-148
CHM00056080,2015-11-22,TMIN,-56
CHM00056080,2015-11-22,TMAX,157
CHM00056046,2006-04-04,TMAX,58
CHM00056080,2007-01-15,TMAX,-66
CHM00056080,2009-11-29,TMIN,-99
CHM00056080,2009-09-10,TMIN,99
CHM00056080,2013-12-19,TMIN,-205
CHM00056046,2014-08-18,TMAX,183
CHM00056046,2013-03-11,TMIN,-90
CHM00056046,2014-09-18,TMAX,139
CHM00056080,2013-09-15,TMIN,53
CHM00056080,2008-01-13,TMAX,43
CHM00056046,2009-02-05,TMAX,46
CHM00052983,2007-03-29,TMAX,246
CHM00052983,2010-09-20,TMAX,227
CHM00052983,2007-03-29,TMIN,27
CHM00056080,2008-01-13,TMIN,-173
CHM00056046,2009-02-05,TMIN,-167
CHM00056046,2015-01-10,TMIN,-356
CHM00056046,2015-01-10,TMAX,-177
CHM00056046,2011-05-18,TMAX,149
CHM00056046,2012-08-03,TMAX,160
CHM00056046,2006-02-11,TMIN,-217
CHM00056046,2006-02-11,TMAX,35
CHM00056046,2013-02-07,TMIN,-99
CHM00052889,2008-05-22,TMIN,119
CHM00052889,2007-04-11,TMAX,235
CHM00052983,2010-08-23,TMAX,238
CHM00052889,2006-03-04,TMIN,-46
CHM00052889,2007-04-11,TMIN,71
CHM00056046,2013-02-07,TMAX,42
CHM00052889,2008-05-22,TMAX,256
CHM00056046,2012-08-03,TMIN,50
CHM00056046,2011-05-18,TMIN,-33
CHM00052983,2015-02-07,TMAX,15
CHM00052983,2015-02-07,TMIN,-110
CHM00052983,2014-05-07,TMIN,62
CHM00056080,2007-03-19,TMAX,31
CHM00056080,2007-08-20,TMIN,106
CHM00056080,2007-08-20,TMAX,211
CHM00056046,2009-10-24,TMIN,-73
CHM00056046,2006-03-09,TMAX,42
CHM00056046,2005-06-06,TMIN,22
CHM00056046,2005-06-06,TMAX,137
CHM00052983,2006-03-19,TMIN,-20
CHM00052983,2006-03-19,TMAX,185
CHM00056046,2009-06-22,TMAX,136
CHM00056080,2006-02-11,TMIN,-150
CHM00056080,2006-02-11,TMAX,73
CHM00056046,2009-06-22,TMIN,71
CHM00052983,2013-05-13,TMIN,101
CHM00052983,2009-02-23,TMAX,89
CHM00052889,2006-03-09,TMIN,-29
CHM00052983,2009-02-23,TMIN,-49
CHM00052983,2006-04-04,TMAX,156
CHM00052983,2006-04-04,TMIN,18
CHM00052889,2005-07-18,TMAX,275
CHM00052889,2005-07-18,TMIN,203
CHM00052983,2007-01-05,TMAX,-44
CHM00052889,2005-04-04,TMAX,216
CHM00056080,2008-06-04,TMIN,14
CHM00052889,2005-04-04,TMIN,-23
CHM00056080,2008-06-04,TMAX,229
CHM00056046,2009-10-24,TMAX,68
CHM00056080,2015-02-05,TMAX,0
CHM00056080,2015-02-05,TMIN,-134
CHM00052889,2006-04-15,TMIN,5
CHM00056046,2015-11-14,TMIN,-79
CHM00052889,2006-04-15,TMAX,167
CHM00056080,2015-05-31,TMAX,133
CHM00052983,2012-02-14,TMIN,-80
CHM00052983,2012-02-14,TMAX,11
CHM00052983,2011-03-19,TMAX,13
CHM00056080,2007-03-28,TMIN,-50
CHM00056080,2008-11-25,TMIN,-124
CHM00056080,2008-11-25,TMAX,9
CHM00056046,2014-10-06,TMAX,107
CHM00056046,2014-10-06,TMIN,-55
CHM00056080,2008-07-23,TMAX,235
CHM00056080,2014-03-17,TMAX,138
CHM00056046,2011-01-15,TMAX,-23
CHM00056080,2014-03-17,TMIN,-43
CHM00052983,2011-03-19,TMIN,-32
CHM00052983,2007-04-10,TMIN,14
CHM00056046,2007-02-10,TMAX,25
CHM00056080,2007-03-28,TMAX,163
CHM00056080,2010-11-05,TMAX,97
CHM00056046,2005-03-20,TMAX,103
CHM00056080,2010-11-05,TMIN,-98
CHM00052983,2012-10-03,TMAX,200
CHM00056080,2015-05-08,TMAX,163
CHM00056046,2007-01-15,TMIN,-178
CHM00052889,2006-03-04,TMAX,118
CHM00056080,2015-05-08,TMIN,-33
CHM00056046,2012-10-01,TMAX,140
CHM00056046,2012-10-01,TMIN,-11
CHM00056080,2008-07-23,TMIN,65
CHM00052889,2006-03-11,TMIN,-21
CHM00052889,2006-03-11,TMAX,98
CHM00056046,2007-01-15,TMAX,-96
CHM00052889,2005-10-13,TMAX,74
CHM00052889,2005-10-13,TMIN,22
CHM00052889,2008-10-28,TMAX,176
CHM00056046,2007-08-20,TMIN,68
CHM00052889,2008-10-28,TMIN,86
CHM00056046,2007-08-20,TMAX,189
CHM00056046,2006-10-20,TMIN,-64
CHM00056046,2006-10-20,TMAX,95
CHM00056080,2015-07-04,TMAX,126
CHM00052889,2006-03-09,TMAX,150
CHM00056080,2011-08-09,TMIN,54
CHM00056080,2011-08-09,TMAX,254
CHM00052983,2012-10-03,TMIN,25
CHM00052983,2009-05-26,TMAX,195
CHM00056046,2005-03-20,TMIN,-38
CHM00052983,2010-12-22,TMAX,16
CHM00052983,2014-05-07,TMAX,241
CHM00056046,2011-10-05,TMAX,90
CHM00052983,2010-01-22,TMAX,-30
CHM00056046,2009-10-15,TMIN,-36
CHM00056080,2011-06-03,TMIN,79
CHM00056080,2011-06-03,TMAX,183
CHM00052983,2011-11-18,TMIN,-42
CHM00052983,2011-11-18,TMAX,41
CHM00056080,2012-10-05,TMIN,29
CHM00056080,2006-06-15,TMAX,192
CHM00056080,2006-06-15,TMIN,21
CHM00056080,2013-03-11,TMAX,185
CHM00056080,2014-06-26,TMIN,90
CHM00056080,2012-10-05,TMAX,118
CHM00052983,2010-11-09,TMAX,129
CHM00056080,2012-05-27,TMAX,204
CHM00056080,2014-02-02,TMIN,-149
CHM00056080,2014-02-02,TMAX,121
CHM00056080,2012-05-27,TMIN,66
CHM00056046,2006-10-06,TMIN,-27
CHM00052983,2012-05-19,TMIN,66
CHM00056080,2013-03-11,TMIN,-53
CHM00052983,2012-05-19,TMAX,283
CHM00052983,2015-06-23,TMIN,132
CHM00056080,2014-05-16,TMIN,18
CHM00056080,2015-01-16,TMIN,-151
CHM00056046,2011-10-05,TMIN,-56
CHM00056046,2012-03-30,TMIN,-80
CHM00056046,2013-06-02,TMIN,-5
CHM00056046,2013-04-04,TMAX,51
CHM00056046,2015-05-08,TMIN,-64
CHM00056080,2005-05-06,TMIN,-19
CHM00052983,2011-05-16,TMIN,55
CHM00052983,2011-05-16,TMAX,254
CHM00056046,2013-04-04,TMIN,-86
CHM00056046,2013-12-05,TMAX,7
CHM00052983,2005-04-29,TMAX,273
CHM00052983,2009-06-14,TMIN,105
CHM00056046,2008-01-01,TMIN,-212
CHM00052983,2005-04-29,TMIN,99
CHM00056046,2006-04-15,TMIN,-46
CHM00056046,2006-04-15,TMAX,44
CHM00052983,2010-01-22,TMIN,-149
CHM00056046,2012-03-10,TMAX,-8
CHM00056046,2009-10-15,TMAX,60
CHM00056080,2014-05-16,TMAX,123
CHM00056046,2008-01-01,TMAX,61
CHM00052983,2009-06-14,TMAX,306
CHM00052983,2007-10-01,TMAX,120
CHM00056046,2012-03-30,TMAX,12
CHM00056046,2006-10-06,TMAX,41
CHM00052983,2010-11-09,TMIN,-34
CHM00052983,2009-10-08,TMAX,143
CHM00056080,2015-01-16,TMAX,5
CHM00052983,2007-02-07,TMAX,95
CHM00056080,2007-09-06,TMAX,162
CHM00056080,2008-10-30,TMIN,-15
CHM00056046,2013-01-17,TMIN,-230
CHM00056080,2005-06-06,TMIN,33
CHM00056080,2005-06-06,TMAX,191
CHM00052983,2013-08-10,TMIN,142
CHM00056046,2009-02-28,TMAX,-51
CHM00052983,2009-09-15,TMAX,191
CHM00056046,2013-01-17,TMAX,29
CHM00052983,2009-09-15,TMIN,79
CHM00052983,2013-06-18,TMIN,152
CHM00052983,2010-12-22,TMIN,-128
CHM00052983,2014-05-08,TMAX,248
CHM00056080,2012-03-30,TMAX,31
CHM00052983,2006-04-27,TMAX,158
CHM00056080,2012-03-30,TMIN,-32
CHM00056046,2008-10-25,TMAX,33
CHM00052889,2005-03-10,TMAX,135
CHM00052889,2005-03-10,TMIN,-38
CHM00056046,2012-07-25,TMAX,186
CHM00052983,2010-09-17,TMAX,213
CHM00056080,2007-03-19,TMIN,-61
CHM00056046,2012-07-25,TMIN,32
CHM00056080,2007-09-06,TMIN,61
CHM00052983,2007-02-07,TMIN,-93
CHM00056080,2013-03-08,TMAX,167
CHM00056046,2012-03-14,TMIN,-54
CHM00052983,2012-09-15,TMIN,69
CHM00056046,2011-08-04,TMIN,48
CHM00056046,2011-08-04,TMAX,137
CHM00056046,2012-03-10,TMIN,-112
CHM00056046,2011-07-26,TMAX,185
CHM00056080,2015-01-10,TMIN,-227
CHM00056046,2013-03-06,TMAX,45
CHM00056080,2015-01-10,TMAX,-1
CHM00056046,2011-07-26,TMIN,61
CHM00056080,2014-05-02,TMAX,133
CHM00056080,2014-06-26,TMAX,152
CHM00052983,2012-09-15,TMAX,188
CHM00056080,2008-10-30,TMAX,106
CHM00056046,2008-10-25,TMIN,-44
CHM00052983,2010-08-15,TMAX,289
CHM00052983,2005-06-27,TMAX,243
CHM00052983,2006-04-16,TMAX,182
CHM00052983,2006-04-16,TMIN,0
CHM00052889,2005-10-11,TMAX,224
CHM00052889,2005-10-11,TMIN,73
CHM00056080,2014-05-02,TMIN,-10
CHM00052983,2010-08-15,TMIN,101
CHM00056046,2009-02-28,TMIN,-100
CHM00056046,2012-03-14,TMAX,32
CHM00056046,2011-01-15,TMIN,-247
CHM00052983,2007-04-10,TMAX,198
CHM00056080,2006-10-09,TMAX,158
CHM00056080,2005-09-27,TMIN,81
CHM00052889,2006-05-12,TMAX,113
CHM00052889,2006-05-12,TMIN,60
CHM00056080,2013-01-17,TMAX,60
CHM00052889,2005-06-25,TMAX,263
CHM00056080,2015-10-26,TMAX,63
CHM00056080,2015-10-26,TMIN,-42
CHM00052889,2005-06-25,TMIN,153
CHM00052983,2012-04-07,TMAX,163
CHM00056080,2013-12-05,TMAX,53
CHM00056080,2008-02-21,TMIN,-160
CHM00052983,2012-04-07,TMIN,8
CHM00056046,2013-01-22,TMIN,-264
CHM00056046,2013-01-22,TMAX,-70
CHM00056080,2013-12-05,TMIN,-130
CHM00052889,2006-03-05,TMAX,143
CHM00052889,2006-03-05,TMIN,-5
CHM00056080,2015-10-21,TMIN,-25
CHM00056046,2008-06-04,TMIN,-15
CHM00056046,2008-06-04,TMAX,147
CHM00056046,2014-06-09,TMAX,137
CHM00056046,2010-03-06,TMIN,-137
CHM00056080,2011-05-19,TMIN,60
CHM00056080,2009-10-15,TMIN,-8
CHM00056046,2010-03-06,TMAX,4
CHM00056080,2009-10-15,TMAX,123
CHM00052983,2011-02-06,TMAX,105
CHM00056046,2007-04-14,TMIN,-73
CHM00052983,2010-03-13,TMIN,0
CHM00052983,2010-03-13,TMAX,175
CHM00056080,2005-10-06,TMAX,94
CHM00056080,2015-03-27,TMIN,-37
CHM00056080,2015-03-27,TMAX,143
CHM00056046,2015-07-24,TMIN,-21
CHM00052983,2010-11-12,TMAX,110
CHM00052889,2006-02-13,TMIN,-24
CHM00056046,2005-04-23,TMAX,75
CHM00052983,2010-11-12,TMIN,-57
CHM00056046,2005-04-23,TMIN,-26
CHM00052983,2014-02-14,TMIN,-89
CHM00052983,2014-02-14,TMAX,4
CHM00052889,2006-12-15,TMAX,-12
CHM00052889,2006-12-15,TMIN,-157
CHM00056080,2005-03-10,TMAX,132
CHM00052983,2006-02-23,TMIN,-43
CHM00052983,2006-02-23,TMAX,61
CHM00056080,2005-03-10,TMIN,-88
CHM00052983,2011-02-06,TMIN,-53
CHM00056080,2007-09-11,TMAX,128
CHM00056080,2006-06-03,TMIN,54
CHM00056080,2008-02-21,TMAX,44
CHM00056046,2013-12-17,TMIN,-262
CHM00056046,2014-11-12,TMAX,37
CHM00056046,2011-12-11,TMAX,-41
CHM00056080,2006-04-23,TMIN,5
CHM00056080,2006-04-23,TMAX,111
CHM00052889,2007-08-21,TMAX,342
CHM00052889,2007-08-21,TMIN,201
CHM00056080,2008-05-08,TMIN,36
CHM00052983,2014-02-02,TMAX,120
CHM00052983,2014-02-02,TMIN,-71
CHM00056080,2007-02-23,TMAX,66
CHM00052889,2008-10-21,TMAX,182
CHM00052889,2008-10-21,TMIN,64
CHM00052983,2007-08-27,TMAX,198
CHM00056080,2007-02-23,TMIN,-110
CHM00052983,2007-08-27,TMIN,129
CHM00056080,2009-01-25,TMAX,10
CHM00056080,2008-08-28,TMAX,141
CHM00056080,2008-07-27,TMIN,98
CHM00052983,2012-11-23,TMAX,16
CHM00056080,2008-04-27,TMIN,-31
CHM00056080,2008-04-27,TMAX,114
CHM00052983,2012-11-23,TMIN,-119
CHM00056080,2008-08-28,TMIN,101
CHM00052983,2012-03-29,TMIN,19
CHM00056046,2014-07-12,TMIN,19
CHM00056046,2012-06-28,TMAX,183
CHM00056080,2005-09-27,TMAX,154
CHM00056080,2009-11-19,TMAX,-38
CHM00056046,2014-02-02,TMAX,41
CHM00056046,2011-12-11,TMIN,-113
CHM00056080,2006-06-03,TMAX,166
CHM00056080,2013-01-17,TMIN,-169
CHM00056046,2014-03-22,TMAX,25
CHM00056080,2012-08-03,TMAX,237
CHM00056080,2012-08-03,TMIN,74
CHM00056080,2011-05-19,TMAX,193
CHM00056046,2015-07-18,TMIN,-11
CHM00052889,2006-03-30,TMIN,-10
CHM00056080,2007-04-20,TMIN,4
CHM00056080,2007-04-20,TMAX,150
CHM00052889,2006-03-30,TMAX,204
CHM00056046,2015-05-31,TMIN,25
CHM00052983,2008-02-12,TMAX,-50
CHM00056046,2015-05-31,TMAX,120
CHM00052983,2008-02-12,TMIN,-166
CHM00056046,2012-06-28,TMIN,79
CHM00056080,2010-03-19,TMAX,160
CHM00056080,2009-11-20,TMAX,-53
CHM00056046,2014-02-02,TMIN,-208
CHM00056080,2010-03-19,TMIN,-81
CHM00056080,2009-11-19,TMIN,-149
CHM00056080,2009-11-20,TMIN,-166
CHM00056046,2014-06-09,TMIN,60
CHM00056046,2015-10-21,TMIN,-48
CHM00056046,2015-01-16,TMAX,-47
CHM00056080,2010-08-15,TMAX,250
CHM00056046,2012-06-26,TMIN,48
CHM00056046,2012-06-26,TMAX,161
CHM00052983,2013-12-12,TMIN,-106
CHM00056046,2009-11-26,TMAX,26
CHM00056046,2008-11-29,TMAX,-37
CHM00052983,2009-02-08,TMAX,65
CHM00056046,2008-11-29,TMIN,-176
CHM00056080,2014-02-28,TMAX,-9
CHM00056080,2010-03-06,TMIN,-72
CHM00056080,2010-03-06,TMAX,47
CHM00056046,2015-10-26,TMAX,82
CHM00052889,2006-02-11,TMIN,-91
CHM00056080,2015-07-24,TMIN,14
CHM00052889,2006-02-11,TMAX,94
CHM00056046,2009-11-26,TMIN,-162
CHM00056080,2015-07-24,TMAX,208
CHM00052983,2006-06-15,TMAX,278
CHM00052983,2011-04-21,TMAX,168
CHM00056080,2005-01-05,TMAX,89
CHM00052983,2006-06-15,TMIN,96
CHM00056080,2006-10-15,TMIN,-14
CHM00056046,2010-07-05,TMAX,185
CHM00056046,2010-03-19,TMAX,92
CHM00052983,2007-03-05,TMIN,-71
CHM00056046,2010-03-19,TMIN,-136
CHM00052983,2012-07-21,TMAX,182
CHM00052983,2007-03-05,TMAX,10
CHM00056080,2011-02-20,TMIN,-143
CHM00056080,2010-06-22,TMAX,210
CHM00056046,2009-07-24,TMAX,157
CHM00056080,2011-02-20,TMAX,85
CHM00056080,2010-06-22,TMIN,48
CHM00052983,2007-03-04,TMIN,-93
CHM00056046,2009-02-17,TMAX,62
CHM00056046,2007-02-10,TMIN,-167
CHM00052983,2013-11-22,TMAX,16
CHM00052983,2007-03-04,TMAX,-9
CHM00056080,2006-10-09,TMIN,-33
CHM00056080,2007-10-05,TMAX,193
CHM00052983,2011-07-31,TMAX,274
CHM00052983,2011-07-31,TMIN,123
CHM00052983,2009-03-24,TMAX,139
CHM00056046,2009-02-17,TMIN,-111
CHM00056046,2007-09-06,TMIN,44
CHM00056046,2007-09-06,TMAX,128
CHM00056046,2009-07-24,TMIN,83
CHM00056080,2007-10-05,TMIN,74
CHM00052983,2013-05-24,TMIN,100
CHM00056046,2014-07-19,TMIN,81
CHM00056046,2014-07-19,TMAX,178
CHM00056046,2006-03-09,TMIN,-134
CHM00056046,2015-01-16,TMIN,-267
CHM00056046,2010-07-05,TMIN,59
CHM00052983,2009-02-25,TMIN,-48
CHM00052983,2007-12-28,TMAX,-26
CHM00056080,2011-02-21,TMAX,100
CHM00056046,2007-02-23,TMIN,-166
CHM00052983,2008-03-01,TMAX,74
CHM00056080,2007-09-11,TMIN,85
CHM00052889,2007-12-26,TMAX,46
CHM00052889,2007-12-26,TMIN,-32
CHM00056046,2005-03-10,TMAX,52
CHM00056046,2005-03-10,TMIN,-151
CHM00056080,2011-02-21,TMIN,-119
CHM00056046,2013-12-17,TMAX,-52
CHM00056046,2007-04-14,TMAX,76
CHM00052889,2006-02-13,TMAX,96
CHM00056080,2009-02-05,TMAX,126
CHM00056080,2009-02-05,TMIN,-125
CHM00056080,2011-06-10,TMAX,200
CHM00056046,2011-02-05,TMAX,58
CHM00056046,2011-02-05,TMIN,-143
CHM00056080,2008-10-16,TMAX,151
CHM00056080,2011-06-10,TMIN,27
CHM00056080,2005-10-06,TMIN,11
CHM00056080,2010-08-15,TMIN,58
CHM00056080,2008-10-16,TMIN,-11
CHM00052983,2007-10-08,TMIN,25
CHM00052983,2009-02-25,TMAX,-4
CHM00052983,2007-10-08,TMAX,68
CHM00052889,2008-05-06,TMIN,151
CHM00056046,2007-03-28,TMIN,-126
CHM00052983,2011-05-29,TMAX,200
CHM00052889,2005-06-06,TMIN,81
CHM00056080,2006-10-15,TMAX,172
CHM00052889,2005-06-06,TMAX,298
CHM00056080,2006-05-17,TMAX,169
CHM00056080,2006-05-17,TMIN,-12
CHM00056046,2009-11-20,TMAX,-60
CHM00056046,2015-07-20,TMIN,7
CHM00056046,2007-03-28,TMAX,101
CHM00056080,2007-06-22,TMAX,170
CHM00056046,2009-11-20,TMIN,-155
CHM00056080,2007-06-22,TMIN,22
CHM00056080,2012-11-02,TMAX,103
CHM00052983,2011-11-03,TMIN,35
CHM00052983,2011-11-03,TMAX,95
CHM00056080,2012-11-02,TMIN,-79
CHM00056080,2010-06-14,TMIN,44
CHM00056080,2010-06-14,TMAX,188
CHM00052983,2012-03-26,TMIN,-20
CHM00056080,2005-01-05,TMIN,-123
CHM00056080,2014-08-13,TMAX,157
CHM00052889,2008-05-06,TMAX,275
CHM00056046,2007-02-23,TMAX,13
CHM00052983,2009-11-01,TMAX,92
CHM00056080,2013-11-27,TMAX,25
CHM00052983,2010-05-31,TMAX,109
CHM00052983,2014-06-15,TMIN,98
CHM00056046,2011-03-14,TMIN,-99
CHM00056080,2006-10-16,TMIN,17
CHM00056080,2006-10-16,TMAX,109
CHM00052889,2006-05-17,TMIN,87
CHM00056080,2011-10-30,TMIN,-57
CHM00052889,2006-05-17,TMAX,284
CHM00056080,2011-10-30,TMAX,154
CHM00056046,2015-11-03,TMIN,-98
CHM00052983,2015-10-10,TMIN,-18
CHM00052983,2014-06-15,TMAX,258
CHM00056046,2014-03-11,TMIN,-94
CHM00056046,2007-08-09,TMIN,94
CHM00056080,2007-09-19,TMAX,156
CHM00056046,2009-01-25,TMAX,41
CHM00056046,2009-01-25,TMIN,-90
CHM00056080,2007-09-19,TMIN,10
CHM00052983,2014-08-12,TMAX,235
CHM00056080,2015-06-12,TMAX,167
CHM00056046,2007-03-29,TMAX,143
CHM00056046,2007-03-29,TMIN,-113
CHM00056046,2005-04-09,TMIN,-30
CHM00056046,2014-03-11,TMAX,51
CHM00056046,2007-02-26,TMIN,-101
CHM00052983,2015-07-04,TMIN,117
CHM00052983,2015-10-14,TMAX,199
CHM00056046,2007-09-24,TMIN,-18
CHM00056046,2015-02-15,TMAX,-39
CHM00056046,2008-05-02,TMIN,-14
CHM00056046,2015-10-19,TMIN,-81
CHM00056046,2008-05-02,TMAX,78
CHM00052983,2007-03-15,TMAX,15
CHM00052889,2006-06-27,TMIN,148
CHM00052983,2011-06-04,TMAX,261
CHM00056080,2013-01-22,TMAX,15
CHM00052983,2011-06-04,TMIN,133
CHM00056046,2007-09-24,TMAX,196
CHM00052889,2006-06-27,TMAX,335
CHM00052889,2006-01-23,TMIN,-144
CHM00052889,2006-01-23,TMAX,-4
CHM00056046,2011-05-03,TMIN,-25
CHM00056080,2012-03-21,TMAX,78
CHM00056046,2007-02-26,TMAX,45
CHM00056080,2012-03-21,TMIN,-31
CHM00056080,2011-05-11,TMIN,6
CHM00056046,2009-11-02,TMIN,-105
CHM00056046,2009-11-02,TMAX,85
CHM00052983,2007-09-13,TMAX,184
CHM00052983,2015-10-14,TMIN,22
CHM00056046,2011-03-14,TMAX,-21
CHM00056046,2015-11-03,TMAX,91
CHM00056046,2007-08-09,TMAX,194
CHM00052983,2009-06-08,TMIN,86
CHM00056080,2008-11-12,TMAX,47
CHM00056080,2013-02-07,TMAX,20
CHM00056080,2008-07-31,TMIN,92
CHM00056046,2011-06-17,TMIN,26
CHM00052889,2005-04-23,TMAX,191
CHM00052889,2007-02-26,TMIN,-5
CHM00056046,2012-03-08,TMAX,23
CHM00056046,2011-07-04,TMAX,148
CHM00056046,2014-11-07,TMAX,9
CHM00056046,2011-07-04,TMIN,105
CHM00056046,2014-11-07,TMIN,-114
CHM00056080,2007-03-29,TMAX,210
CHM00052889,2005-04-23,TMIN,85
CHM00056046,2014-02-07,TMIN,-173
CHM00056046,2014-02-07,TMAX,25
CHM00052983,2014-12-02,TMIN,-102
CHM00052983,2010-04-09,TMAX,186
CHM00056046,2005-04-09,TMAX,104
CHM00052889,2007-02-26,TMAX,178
CHM00052889,2006-07-17,TMIN,207
CHM00052889,2006-07-17,TMAX,315
CHM00056080,2007-03-29,TMIN,-42
CHM00056046,2012-03-08,TMIN,-62
CHM00056080,2008-11-12,TMIN,-18
CHM00056046,2012-08-09,TMIN,85
CHM00056046,2013-09-15,TMIN,-14
CHM00056080,2008-07-31,TMAX,181
CHM00056080,2013-06-17,TMIN,117
CHM00052889,2007-10-17,TMIN,54
CHM00056046,2014-10-10,TMIN,-29
CHM00052889,2005-01-08,TMAX,6
CHM00052889,2007-10-17,TMAX,151
CHM00052983,2009-06-08,TMAX,254
CHM00056046,2006-10-10,TMIN,-61
CHM00056046,2006-10-10,TMAX,103
CHM00052889,2005-01-08,TMIN,-144
CHM00056046,2012-02-12,TMAX,-35
CHM00056046,2008-02-21,TMAX,-43
CHM00056046,2008-02-21,TMIN,-266
CHM00052983,2011-05-28,TMAX,240
CHM00056046,2012-02-12,TMIN,-132
CHM00052983,2011-04-23,TMIN,19
CHM00052983,2014-05-24,TMAX,138
CHM00052983,2011-04-23,TMAX,200
CHM00056080,2013-08-28,TMAX,157
CHM00056046,2014-10-10,TMAX,130
CHM00056046,2012-02-21,TMAX,29
CHM00056046,2012-02-21,TMIN,-127
CHM00052983,2014-08-17,TMAX,255
CHM00052983,2014-08-17,TMIN,108
CHM00052983,2013-03-03,TMAX,103
CHM00056046,2012-08-09,TMAX,188
CHM00056046,2013-06-11,TMIN,-32
CHM00052983,2010-11-07,TMAX,111
CHM00056080,2015-11-28,TMAX,57
CHM00056046,2010-03-28,TMAX,103
CHM00056080,2009-10-24,TMIN,-15
CHM00056046,2014-08-30,TMIN,57
CHM00056046,2010-03-28,TMIN,-46
CHM00056046,2005-01-06,TMIN,-135
CHM00056046,2005-01-06,TMAX,32
CHM00052983,2007-03-28,TMIN,36
CHM00056080,2009-05-18,TMAX,121
CHM00056080,2009-05-18,TMIN,-17
CHM00052983,2007-03-28,TMAX,210
CHM00056046,2009-09-10,TMIN,73
CHM00056080,2012-01-29,TMAX,-26
CHM00056080,2012-01-29,TMIN,-162
CHM00056046,2010-11-12,TMIN,-125
CHM00056080,2010-08-19,TMIN,81
CHM00056046,2009-09-10,TMAX,180
CHM00052889,2007-01-11,TMIN,-98
CHM00056080,2010-08-19,TMAX,225
CHM00052889,2007-01-11,TMAX,-26
CHM00056046,2010-11-12,TMAX,24
CHM00056046,2009-11-14,TMIN,-88
CHM00056080,2011-04-10,TMIN,-45
CHM00056046,2009-11-14,TMAX,75
CHM00056080,2008-05-27,TMAX,143
CHM00052983,2006-01-08,TMIN,-166
CHM00052983,2008-06-28,TMIN,102
CHM00056080,2005-04-29,TMAX,179
CHM00056080,2005-04-29,TMIN,19
CHM00056046,2014-08-18,TMIN,31
CHM00056080,2006-07-17,TMIN,127
CHM00056080,2006-07-17,TMAX,257
CHM00056080,2006-04-16,TMAX,123
CHM00056080,2006-04-16,TMIN,-52
CHM00056046,2006-02-20,TMAX,64
CHM00056080,2011-07-08,TMAX,227
CHM00056046,2009-06-11,TMIN,7
CHM00052889,2008-01-27,TMIN,-151
CHM00056080,2012-07-19,TMAX,214
CHM00056046,2006-02-20,TMIN,-178
CHM00052983,2008-04-19,TMAX,208
CHM00052983,2008-04-19,TMIN,79
CHM00056046,2010-04-24,TMAX,63
CHM00056080,2014-09-06,TMAX,146
CHM00052983,2007-08-20,TMIN,160
CHM00052983,2007-08-20,TMAX,281
CHM00056046,2010-04-24,TMIN,-45
CHM00056080,2012-07-19,TMIN,120
CHM00056080,2011-03-07,TMIN,-112
CHM00056080,2011-03-07,TMAX,65
CHM00052983,2006-01-08,TMAX,1
CHM00052983,2015-12-30,TMIN,-138
CHM00056046,2008-07-29,TMIN,86
CHM00056080,2011-04-10,TMAX,138
CHM00056046,2008-01-12,TMIN,-91
CHM00052983,2012-05-22,TMIN,75
CHM00052983,2007-01-06,TMAX,-38
CHM00056080,2012-10-16,TMAX,104
CHM00052983,2007-01-06,TMIN,-173
CHM00052983,2007-02-15,TMAX,67
CHM00056046,2011-10-26,TMIN,-71
CHM00056046,2015-03-26,TMIN,-112
CHM00056046,2011-10-26,TMAX,53
CHM00052983,2007-02-15,TMIN,-62
CHM00052983,2008-06-28,TMAX,307
CHM00056080,2009-10-26,TMAX,98
CHM00056080,2012-07-13,TMIN,81
CHM00056080,2012-10-16,TMIN,-22
CHM00056080,2014-08-20,TMIN,81
CHM00056080,2012-07-13,TMAX,218
CHM00056080,2009-10-26,TMIN,3
CHM00056080,2007-10-12,TMIN,-2
CHM00052889,2008-12-23,TMIN,-90
CHM00052983,2012-05-22,TMAX,146
CHM00056046,2011-05-03,TMAX,73
CHM00056080,2014-08-20,TMAX,173
CHM00056080,2011-05-11,TMAX,138
CHM00056080,2011-04-14,TMIN,30
CHM00056046,2008-07-29,TMAX,205
CHM00056046,2015-06-07,TMIN,10
CHM00052983,2013-01-06,TMAX,-54
CHM00056080,2009-10-24,TMAX,115
CHM00056046,2008-01-12,TMAX,-29
CHM00056046,2006-07-17,TMIN,68
CHM00056046,2006-07-17,TMAX,236
CHM00056046,2010-06-12,TMAX,137
CHM00056080,2010-07-23,TMAX,233
CHM00056046,2010-06-12,TMIN,19
CHM00056080,2008-05-27,TMIN,32
CHM00056080,2010-07-23,TMIN,92
CHM00052983,2006-07-03,TMAX,306
CHM00052983,2006-07-03,TMIN,162
CHM00056046,2012-07-02,TMIN,69
CHM00056046,2012-07-02,TMAX,189
CHM00056046,2011-08-11,TMIN,46
CHM00052889,2005-04-03,TMIN,-37
CHM00052889,2005-04-03,TMAX,208
CHM00056046,2011-08-11,TMAX,213
CHM00056046,2011-06-10,TMAX,97
CHM00056046,2011-06-10,TMIN,19
CHM00052889,2008-12-23,TMAX,21
CHM00056080,2013-08-14,TMIN,89
CHM00056080,2007-10-12,TMAX,59
CHM00056080,2011-07-08,TMIN,39
CHM00056080,2011-04-14,TMAX,128
CHM00056080,2009-12-06,TMIN,-109
CHM00052983,2013-03-03,TMIN,-53
CHM00056080,2009-12-06,TMAX,68
CHM00056080,2012-12-04,TMIN,-147
CHM00056080,2012-03-08,TMAX,-33
CHM00056080,2012-03-08,TMIN,-100
CHM00056080,2009-05-15,TMIN,11
CHM00056080,2009-05-15,TMAX,108
CHM00056046,2006-03-04,TMIN,-91
CHM00052983,2013-03-31,TMAX,188
CHM00052983,2013-03-31,TMIN,49
CHM00056046,2006-03-04,TMAX,27
CHM00056080,2007-02-26,TMIN,-107
CHM00052983,2011-04-15,TMAX,180
CHM00056046,2009-09-21,TMIN,-28
CHM00056046,2009-09-21,TMAX,129
CHM00056046,2012-07-13,TMIN,18
CHM00056080,2011-07-04,TMAX,177
CHM00056046,2012-07-13,TMAX,178
CHM00056046,2008-07-22,TMAX,176
CHM00052983,2011-04-15,TMIN,34
CHM00056046,2008-07-22,TMIN,24
CHM00056080,2011-07-04,TMIN,112
CHM00056046,2014-05-30,TMAX,119
CHM00052983,2008-07-15,TMAX,268
CHM00052983,2008-07-15,TMIN,67
CHM00056080,2012-12-04,TMAX,44
CHM00056046,2005-06-13,TMIN,42
CHM00056080,2014-07-11,TMIN,50
CHM00056080,2007-02-26,TMAX,109
CHM00056046,2011-08-08,TMIN,-9
CHM00056046,2011-10-30,TMIN,-107
CHM00056046,2011-10-30,TMAX,45
CHM00056046,2011-08-08,TMAX,185
CHM00056046,2014-09-10,TMIN,70
CHM00056046,2014-09-10,TMAX,146
CHM00052983,2006-12-28,TMAX,18
CHM00052983,2006-02-11,TMIN,-67
CHM00056080,2010-06-12,TMAX,181
CHM00056080,2010-06-12,TMIN,89
CHM00052983,2006-02-11,TMAX,88
CHM00056046,2015-02-05,TMAX,-14
CHM00056046,2007-01-25,TMAX,-14
CHM00056080,2011-10-05,TMIN,5
CHM00052983,2006-12-28,TMIN,-134
CHM00052983,2007-01-29,TMAX,60
CHM00056046,2008-11-10,TMAX,43
CHM00052983,2007-01-29,TMIN,-104
CHM00056080,2011-10-05,TMAX,161
CHM00052983,2013-02-18,TMAX,-31
CHM00052983,2015-06-15,TMIN,84
CHM00056080,2014-07-11,TMAX,149
CHM00056046,2007-01-25,TMIN,-230
CHM00056080,2009-06-11,TMAX,139
CHM00056080,2010-10-31,TMIN,-48
CHM00056080,2009-06-11,TMIN,49
CHM00056080,2005-06-07,TMIN,27
CHM00052983,2015-01-28,TMAX,-38
CHM00052983,2014-05-08,TMIN,70
CHM00056046,2010-11-11,TMIN,-166
CHM00056046,2014-04-11,TMIN,-37
CHM00056080,2005-05-06,TMAX,191
CHM00056046,2013-03-05,TMAX,90
CHM00056080,2015-06-07,TMAX,145
CHM00056046,2013-03-05,TMIN,-162
CHM00056080,2008-12-10,TMAX,62
CHM00056080,2008-12-10,TMIN,-127
CHM00056046,2012-10-15,TMAX,51
CHM00056080,2015-06-07,TMIN,53
CHM00056080,2014-02-08,TMAX,-31
CHM00056080,2014-05-03,TMAX,99
CHM00056080,2012-03-14,TMIN,-25
CHM00056080,2012-03-14,TMAX,106
CHM00056046,2006-06-15,TMAX,80
CHM00052889,2007-10-26,TMIN,52
CHM00056046,2009-10-20,TMIN,-44
CHM00056046,2006-06-15,TMIN,31
CHM00056046,2009-10-20,TMAX,34
CHM00052889,2007-10-26,TMAX,159
CHM00056046,2012-10-15,TMIN,-35
CHM00056080,2014-06-10,TMAX,154
CHM00056080,2005-06-07,TMAX,227
CHM00056080,2010-09-08,TMAX,148
CHM00056080,2014-11-07,TMAX,88
CHM00056080,2005-03-20,TMIN,2
CHM00056046,2005-06-13,TMAX,178
CHM00056046,2008-10-15,TMAX,72
CHM00056080,2014-10-18,TMAX,114
CHM00056080,2006-04-15,TMIN,-36
CHM00056080,2011-03-06,TMAX,65
CHM00056080,2006-04-15,TMAX,90
CHM00056080,2014-10-18,TMIN,26
CHM00056046,2010-06-22,TMAX,119
CHM00056046,2010-06-22,TMIN,48
CHM00056080,2005-03-20,TMAX,92
CHM00056046,2008-10-15,TMIN,-69
CHM00052983,2009-06-06,TMIN,77
CHM00056080,2014-03-22,TMIN,-85
CHM00056080,2011-03-06,TMIN,-104
CHM00056046,2008-09-20,TMAX,207
CHM00056080,2014-03-22,TMAX,98
CHM00052983,2009-06-06,TMAX,258
CHM00052983,2009-05-06,TMAX,267
CHM00056046,2008-09-20,TMIN,27
CHM00056080,2014-11-11,TMAX,71
CHM00052983,2008-09-09,TMAX,140
CHM00056080,2010-09-08,TMIN,44
CHM00056046,2010-11-11,TMAX,14
CHM00056046,2014-04-11,TMAX,70
CHM00052983,2008-03-08,TMAX,97
CHM00056046,2008-01-13,TMIN,-211
CHM00056080,2012-08-16,TMIN,124
CHM00052983,2015-02-20,TMAX,72
CHM00056080,2012-06-26,TMAX,173
CHM00056080,2012-08-09,TMAX,235
CHM00056080,2012-08-09,TMIN,107
CHM00056080,2007-06-25,TMAX,158
CHM00056080,2010-04-24,TMAX,130
CHM00056080,2010-04-24,TMIN,10
CHM00056080,2014-07-19,TMIN,122
CHM00052889,2005-06-18,TMIN,119
CHM00052889,2005-06-18,TMAX,296
CHM00056080,2014-07-19,TMAX,225
CHM00056046,2014-03-17,TMAX,98
CHM00052983,2015-05-22,TMAX,220
CHM00056080,2007-06-25,TMIN,65
CHM00052889,2005-03-25,TMAX,135
CHM00056046,2014-03-17,TMIN,-60
CHM00056080,2013-12-08,TMAX,-24
CHM00052983,2010-04-17,TMAX,159
CHM00052889,2007-02-23,TMAX,122
CHM00052983,2012-04-13,TMIN,-33
CHM00052983,2012-04-13,TMAX,159
CHM00052983,2012-12-05,TMIN,-117
CHM00056080,2011-10-23,TMIN,23
CHM00052889,2005-03-25,TMIN,-40
CHM00056080,2011-10-23,TMAX,116
CHM00056080,2015-10-23,TMIN,-4
CHM00056080,2011-02-08,TMAX,135
CHM00056080,2011-08-04,TMIN,78
CHM00056080,2011-08-04,TMAX,191
CHM00056046,2011-06-17,TMAX,155
CHM00056080,2011-02-08,TMIN,-108
CHM00056046,2009-05-09,TMIN,28
CHM00052983,2007-09-24,TMAX,198
CHM00056046,2010-08-19,TMIN,38
CHM00056046,2010-08-19,TMAX,166
CHM00052983,2007-09-24,TMIN,75
CHM00052889,2008-02-21,TMIN,-54
CHM00056080,2005-06-13,TMIN,50
CHM00052983,2014-12-02,TMAX,54
CHM00056046,2009-05-09,TMAX,108
CHM00052889,2005-05-06,TMIN,7
CHM00056080,2005-06-13,TMAX,195
CHM00052889,2005-05-06,TMAX,282
CHM00052983,2007-10-23,TMAX,71
CHM00052983,2012-02-17,TMAX,-31
CHM00056080,2012-06-26,TMIN,91
CHM00052889,2008-02-21,TMAX,154
CHM00056080,2010-03-28,TMAX,155
CHM00056080,2010-03-28,TMIN,-50
CHM00052983,2011-03-09,TMAX,67
CHM00052983,2008-03-08,TMIN,-38
CHM00052889,2007-02-23,TMIN,11
CHM00056080,2009-10-20,TMIN,-41
CHM00052983,2006-05-26,TMAX,206
CHM00056046,2010-01-18,TMAX,63
CHM00052889,2007-08-30,TMIN,164
CHM00052983,2011-07-24,TMIN,166
CHM00052889,2007-08-30,TMAX,212
CHM00056080,2009-11-14,TMAX,128
CHM00052983,2007-08-30,TMAX,170
CHM00052983,2010-09-06,TMAX,216
CHM00056080,2009-11-14,TMIN,-87
CHM00052983,2013-09-12,TMIN,67
CHM00052983,2011-07-24,TMAX,314
CHM00056046,2014-05-30,TMIN,16
CHM00056080,2009-09-21,TMIN,50
CHM00052983,2007-04-20,TMIN,77
CHM00056080,2009-09-21,TMAX,193
CHM00052983,2007-04-20,TMAX,208
CHM00052889,2006-06-15,TMAX,315
CHM00056046,2013-07-27,TMAX,158
CHM00052889,2006-06-15,TMIN,99
CHM00056080,2008-05-12,TMAX,166
CHM00056080,2010-10-31,TMAX,136
CHM00056046,2008-01-13,TMAX,-45
CHM00056080,2008-05-12,TMIN,-17
CHM00056046,2010-01-18,TMIN,-177
CHM00052983,2007-12-14,TMIN,-93
CHM00052889,2008-12-01,TMIN,-23
CHM00052889,2008-12-01,TMAX,94
CHM00056080,2009-10-20,TMAX,97
CHM00052983,2007-12-14,TMAX,25
CHM00052983,2008-07-16,TMAX,230
CHM00052983,2012-10-02,TMAX,155
CHM00056080,2010-12-20,TMAX,-16
CHM00056080,2012-08-16,TMAX,216
CHM00056080,2010-12-20,TMIN,-100
CHM00052889,2008-09-10,TMIN,84
CHM00052983,2012-12-05,TMAX,37
CHM00056046,2007-10-05,TMAX,199
CHM00056046,2009-12-06,TMIN,-132
CHM00056080,2015-02-15,TMAX,39
CHM00056046,2009-12-06,TMAX,42
CHM00056080,2012-02-21,TMAX,101
CHM00052889,2008-09-10,TMAX,227
CHM00056080,2012-02-21,TMIN,-81
CHM00056046,2005-06-07,TMAX,147
CHM00056046,2005-06-07,TMIN,0
CHM00056080,2015-02-02,TMAX,84
CHM00056046,2008-11-10,TMIN,-126
CHM00056080,2006-03-04,TMIN,-104
CHM00056046,2007-10-05,TMIN,1
CHM00052983,2015-05-22,TMIN,79
CHM00056080,2006-03-04,TMAX,63
CHM00056080,2011-04-07,TMAX,27
CHM00056046,2006-05-25,TMIN,-16
CHM00056046,2007-12-13,TMAX,-3
CHM00052983,2013-01-16,TMAX,32
CHM00056046,2012-08-14,TMAX,197
CHM00052889,2008-05-24,TMIN,148
CHM00052889,2008-05-24,TMAX,321
CHM00052983,2013-01-16,TMIN,-122
CHM00056080,2011-03-16,TMAX,85
CHM00056080,2011-03-16,TMIN,-155
CHM00056046,2007-03-10,TMAX,51
CHM00052983,2012-03-25,TMAX,130
CHM00056046,2013-03-04,TMAX,26
CHM00056046,2012-08-14,TMIN,51
CHM00056080,2005-09-26,TMIN,69
CHM00056080,2008-09-08,TMIN,93
CHM00056080,2008-09-08,TMAX,155
CHM00052983,2011-05-04,TMAX,249
CHM00056080,2014-01-25,TMAX,63
CHM00056080,2014-01-25,TMIN,-146
CHM00052983,2007-01-25,TMIN,-153
CHM00056080,2012-03-04,TMAX,69
CHM00052983,2011-05-04,TMIN,23
CHM00052983,2006-07-07,TMAX,295
CHM00052889,2008-01-10,TMAX,3
CHM00052983,2012-03-25,TMIN,-39
CHM00056046,2008-05-16,TMAX,138
CHM00052983,2006-07-07,TMIN,141
CHM00052983,2011-02-23,TMIN,-62
CHM00056046,2009-02-19,TMAX,-6
CHM00056080,2012-03-06,TMIN,-67
CHM00056080,2012-03-06,TMAX,16
CHM00052983,2006-05-13,TMAX,134
CHM00052889,2008-04-20,TMAX,212
CHM00052889,2008-04-20,TMIN,73
CHM00052983,2006-05-13,TMIN,23
CHM00056080,2006-06-26,TMAX,213
CHM00056080,2010-03-15,TMAX,49
CHM00056080,2010-03-15,TMIN,-56
CHM00056046,2007-03-10,TMIN,-148
CHM00052889,2008-08-02,TMIN,170
CHM00056046,2009-02-19,TMIN,-116
CHM00056080,2005-09-26,TMAX,144
CHM00052983,2010-04-23,TMIN,-11
CHM00056046,2008-02-17,TMIN,-246
CHM00052983,2014-05-21,TMIN,84
CHM00052983,2014-05-21,TMAX,262
CHM00056046,2008-02-17,TMAX,-75
CHM00052983,2010-04-23,TMAX,170
CHM00052983,2011-02-23,TMAX,177
CHM00052983,2007-01-25,TMAX,22
CHM00052889,2008-08-02,TMAX,282
CHM00056080,2010-10-22,TMAX,135
CHM00056080,2010-10-22,TMIN,54
CHM00056080,2012-03-04,TMIN,-97
CHM00056046,2010-04-15,TMIN,-66
CHM00056080,2011-07-12,TMIN,63
CHM00052983,2006-10-14,TMAX,211
CHM00056080,2011-07-12,TMAX,154
CHM00052983,2011-05-20,TMAX,120
CHM00052983,2009-06-18,TMAX,242
CHM00056080,2012-08-08,TMIN,127
CHM00056080,2012-08-08,TMAX,220
CHM00052983,2006-10-14,TMIN,30
CHM00056046,2010-01-16,TMIN,-210
CHM00052889,2007-09-08,TMIN,122
CHM00052983,2012-10-01,TMAX,175
CHM00052983,2012-10-01,TMIN,52
CHM00056046,2010-01-16,TMAX,-12
CHM00056080,2013-08-11,TMAX,204
CHM00052983,2009-11-03,TMAX,125
CHM00056080,2007-01-03,TMIN,-133
CHM00056080,2007-01-03,TMAX,6
CHM00052983,2012-07-14,TMAX,279
CHM00052983,2012-07-14,TMIN,105
CHM00052889,2008-05-08,TMIN,122
CHM00056080,2008-06-01,TMAX,161
CHM00056046,2015-01-09,TMAX,-115
CHM00056080,2008-03-09,TMIN,-85
CHM00056046,2010-04-15,TMAX,99
CHM00052889,2007-09-08,TMAX,232
CHM00056080,2012-09-28,TMAX,163
CHM00056046,2014-06-13,TMAX,63
CHM00052889,2007-01-20,TMAX,23
CHM00052889,2007-01-20,TMIN,-109
CHM00052889,2007-10-27,TMAX,127
CHM00056046,2011-10-06,TMAX,108
CHM00052983,2012-07-22,TMAX,250
CHM00056080,2012-09-28,TMIN,41
CHM00056046,2008-05-16,TMIN,-19
CHM00052889,2008-01-10,TMIN,-62
CHM00052983,2012-07-22,TMIN,110
CHM00056046,2014-03-23,TMIN,-93
CHM00056046,2014-06-13,TMIN,12
CHM00056046,2011-10-06,TMIN,-45
CHM00052983,2006-10-10,TMAX,194
CHM00052983,2006-10-10,TMIN,51
CHM00056080,2013-04-08,TMAX,86
CHM00052889,2007-10-27,TMIN,52
CHM00056080,2011-12-12,TMIN,-154
CHM00056080,2011-12-12,TMAX,57
CHM00056080,2008-03-09,TMAX,96
CHM00052983,2008-01-01,TMAX,-3
CHM00052983,2008-01-01,TMIN,-134
CHM00052983,2009-05-17,TMAX,125
CHM00056080,2012-12-18,TMIN,-133
CHM00056080,2012-12-18,TMAX,71
CHM00056046,2011-12-16,TMAX,-75
CHM00052983,2010-06-17,TMAX,280
CHM00056080,2005-05-01,TMIN,16
CHM00052983,2009-09-13,TMAX,172
CHM00052983,2009-01-30,TMIN,-97
CHM00052983,2008-07-31,TMAX,173
CHM00052983,2013-10-03,TMIN,57
CHM00052983,2008-07-31,TMIN,130
CHM00052983,2009-01-30,TMAX,88
CHM00056046,2007-09-15,TMAX,142
CHM00052983,2015-11-10,TMIN,-5
CHM00056080,2005-05-01,TMAX,154
CHM00056080,2005-04-21,TMAX,186
CHM00056080,2015-01-09,TMIN,-220
CHM00056080,2015-01-09,TMAX,-5
CHM00056080,2006-03-12,TMAX,-24
CHM00056080,2006-03-12,TMIN,-125
CHM00056080,2011-12-17,TMAX,-13
CHM00056080,2012-11-20,TMAX,85
CHM00056080,2012-11-20,TMIN,-85
CHM00052889,2006-03-06,TMAX,169
CHM00056046,2011-07-13,TMAX,151
CHM00056046,2010-01-24,TMAX,-40
CHM00056046,2013-10-21,TMIN,-51
CHM00056080,2012-09-16,TMAX,126
CHM00056046,2006-07-01,TMAX,168
CHM00056080,2012-09-16,TMIN,59
CHM00056080,2005-01-08,TMAX,9
CHM00056046,2014-05-03,TMAX,91
CHM00052983,2011-02-19,TMAX,54
CHM00052983,2011-09-29,TMIN,26
CHM00056046,2012-03-04,TMAX,-12
CHM00052983,2011-09-29,TMAX,187
CHM00056080,2005-06-17,TMIN,84
CHM00052983,2007-02-08,TMAX,77
CHM00052983,2008-11-18,TMAX,19
CHM00056046,2012-03-04,TMIN,-129
CHM00052983,2011-02-19,TMIN,-100
CHM00056080,2005-01-08,TMIN,-181
CHM00056080,2006-01-11,TMAX,119
CHM00056080,2005-04-21,TMIN,-29
CHM00056080,2006-01-11,TMIN,-146
CHM00056046,2006-04-13,TMIN,-36
CHM00056080,2005-06-17,TMAX,149
CHM00056046,2006-04-13,TMAX,109
CHM00056080,2015-07-08,TMIN,58
CHM00056080,2008-01-29,TMIN,-237
CHM00056046,2006-07-01,TMIN,85
CHM00056080,2008-01-29,TMAX,-118
CHM00052983,2013-06-11,TMIN,26
CHM00056046,2011-07-13,TMIN,45
CHM00052983,2015-10-20,TMIN,24
CHM00052983,2011-12-19,TMIN,-113
CHM00052983,2011-12-19,TMAX,-14
CHM00056080,2011-12-17,TMIN,-99
CHM00056080,2011-08-30,TMAX,265
CHM00056080,2011-08-30,TMIN,65
CHM00056046,2012-07-03,TMAX,138
CHM00056080,2007-03-14,TMIN,-28
CHM00056080,2007-03-14,TMAX,69
CHM00052983,2011-02-27,TMAX,3
CHM00056046,2013-10-21,TMAX,21
CHM00052889,2007-10-02,TMAX,152
CHM00056080,2011-10-04,TMIN,17
CHM00056080,2011-12-14,TMAX,7
CHM00056046,2007-09-20,TMAX,137
CHM00056046,2009-02-20,TMIN,-170
CHM00056046,2009-02-20,TMAX,28
CHM00056080,2011-10-04,TMAX,143
CHM00056046,2012-07-03,TMIN,75
CHM00052889,2007-10-02,TMIN,118
CHM00056080,2006-06-26,TMIN,91
CHM00052983,2011-12-14,TMAX,-9
CHM00056080,2010-06-26,TMAX,241
CHM00056080,2010-06-26,TMIN,90
CHM00056046,2011-12-16,TMIN,-206
CHM00056046,2007-09-20,TMIN,-58
CHM00056046,2012-07-06,TMIN,67
CHM00056080,2011-12-14,TMIN,-141
CHM00056046,2005-06-17,TMAX,125
CHM00052889,2006-03-06,TMIN,-60
CHM00052983,2015-07-20,TMIN,138
CHM00052983,2009-10-04,TMAX,192
CHM00056046,2010-01-24,TMIN,-119
CHM00056080,2005-09-29,TMAX,113
CHM00052889,2007-02-22,TMIN,-34
CHM00052889,2007-02-22,TMAX,142
CHM00056080,2011-08-05,TMAX,186
CHM00052983,2013-12-04,TMAX,50
CHM00056080,2011-08-05,TMIN,81
CHM00056046,2013-03-09,TMAX,98
CHM00052983,2009-10-04,TMIN,51
CHM00052983,2013-01-22,TMAX,-8
CHM00056080,2005-09-29,TMIN,88
CHM00056046,2013-03-09,TMIN,-154
CHM00052983,2009-03-04,TMAX,39
CHM00056080,2013-04-08,TMIN,-70
CHM00056046,2010-04-22,TMAX,63
CHM00056046,2010-04-22,TMIN,-63
CHM00052983,2015-06-06,TMIN,97
CHM00052983,2015-06-06,TMAX,250
CHM00056046,2012-07-06,TMAX,178
CHM00056046,2005-06-17,TMIN,38
CHM00052983,2010-09-08,TMAX,171
CHM00056046,2011-06-04,TMIN,51
CHM00056046,2011-06-04,TMAX,126
CHM00056046,2013-08-28,TMAX,160
CHM00052889,2005-10-06,TMIN,81
CHM00052983,2006-04-18,TMAX,200
CHM00052983,2006-04-18,TMIN,58
CHM00052889,2005-10-06,TMAX,170
CHM00056080,2011-10-18,TMAX,130
CHM00056080,2005-03-19,TMIN,-6
CHM00056080,2005-03-19,TMAX,145
CHM00056080,2010-06-21,TMIN,67
CHM00056046,2008-10-14,TMAX,77
CHM00056046,2008-10-14,TMIN,-63
CHM00056046,2008-11-12,TMIN,-112
CHM00056046,2015-02-08,TMAX,26
CHM00056046,2008-11-12,TMAX,48
CHM00052983,2013-09-28,TMIN,49
CHM00052983,2013-03-21,TMAX,185
CHM00052889,2007-10-16,TMIN,35
CHM00052889,2007-10-16,TMAX,167
CHM00056046,2015-02-08,TMIN,-164
CHM00056080,2011-10-06,TMAX,173
CHM00056080,2006-03-06,TMAX,125
CHM00056080,2006-03-06,TMIN,-122
CHM00056080,2011-10-06,TMIN,-16
CHM00056080,2015-06-22,TMIN,76
CHM00056046,2009-06-21,TMIN,87
CHM00056080,2011-10-18,TMIN,-12
CHM00056080,2007-01-31,TMIN,-171
CHM00052983,2005-05-08,TMIN,54
CHM00056080,2005-06-04,TMIN,80
CHM00052983,2008-04-26,TMAX,186
CHM00056046,2009-02-26,TMAX,-5
CHM00056046,2009-02-26,TMIN,-101
CHM00052983,2007-04-09,TMAX,161
CHM00056080,2005-06-04,TMAX,150
CHM00052889,2006-07-01,TMIN,143
CHM00052983,2013-03-21,TMIN,60
CHM00052983,2011-02-28,TMIN,-89
CHM00052889,2006-07-01,TMAX,316
CHM00052983,2005-05-08,TMAX,257
CHM00052983,2011-02-28,TMAX,-25
CHM00056080,2007-01-31,TMAX,15
CHM00052889,2008-03-08,TMIN,-5
CHM00052889,2008-03-08,TMAX,135
CHM00052983,2006-01-11,TMAX,71
CHM00052889,2005-07-19,TMAX,220
CHM00052983,2006-01-11,TMIN,-98
CHM00056080,2005-03-31,TMIN,-9
CHM00056080,2005-03-31,TMAX,58
CHM00052889,2005-07-19,TMIN,153
CHM00056046,2009-06-21,TMAX,181
CHM00056080,2005-03-17,TMAX,-21
CHM00052983,2013-11-17,TMIN,-66
CHM00056080,2015-11-08,TMIN,-39
CHM00056080,2014-04-13,TMIN,-40
CHM00052983,2010-01-16,TMAX,59
CHM00052983,2010-01-16,TMIN,-115
CHM00052983,2007-03-06,TMAX,30
CHM00056080,2010-06-21,TMAX,185
CHM00056046,2005-07-16,TMIN,41
CHM00052983,2007-03-06,TMIN,-74
CHM00056046,2005-07-16,TMAX,192
CHM00056080,2013-10-23,TMIN,-85
CHM00056080,2006-01-29,TMIN,-71
CHM00056080,2015-02-14,TMIN,-133
CHM00052983,2009-09-10,TMIN,129
CHM00056080,2015-02-14,TMAX,98
CHM00056080,2008-08-09,TMIN,68
CHM00052983,2012-07-10,TMIN,120
CHM00052983,2012-07-10,TMAX,283
CHM00056080,2008-08-04,TMAX,219
CHM00052983,2006-05-02,TMAX,253
CHM00052889,2008-03-31,TMIN,28
CHM00052889,2008-03-31,TMAX,145
CHM00056080,2010-02-27,TMIN,-100
CHM00056046,2014-09-19,TMAX,148
CHM00052889,2005-10-10,TMIN,24
CHM00056080,2008-08-09,TMAX,219
CHM00052983,2008-02-14,TMAX,0
CHM00056080,2007-06-18,TMIN,45
CHM00056080,2007-06-18,TMAX,121
CHM00056080,2011-04-18,TMAX,119
CHM00052983,2007-10-19,TMAX,164
CHM00052889,2006-05-28,TMAX,275
CHM00052983,2007-10-19,TMIN,-10
CHM00052889,2006-05-28,TMIN,95
CHM00056046,2005-06-04,TMAX,93
CHM00056080,2005-03-17,TMIN,-53
CHM00056080,2010-03-16,TMAX,140
CHM00056046,2008-06-24,TMIN,40
CHM00056080,2010-03-16,TMIN,-104
CHM00056046,2005-03-31,TMIN,-37
CHM00056046,2005-03-31,TMAX,14
CHM00052983,2010-12-12,TMAX,16
CHM00056080,2012-04-12,TMIN,-44
CHM00056080,2012-04-12,TMAX,74
CHM00052983,2010-08-18,TMIN,137
CHM00052983,2010-08-18,TMAX,239
CHM00056046,2009-05-19,TMAX,97
CHM00056046,2009-05-19,TMIN,-52
CHM00056080,2014-04-13,TMAX,183
CHM00056080,2011-04-18,TMIN,-48
CHM00052983,2009-09-10,TMAX,176
CHM00052983,2008-02-14,TMIN,-198
CHM00056046,2005-06-04,TMIN,6
CHM00056046,2007-09-15,TMIN,-20
CHM00056080,2014-07-14,TMIN,29
CHM00056080,2009-01-02,TMAX,-2
CHM00056046,2008-08-09,TMIN,-17
CHM00056080,2009-02-01,TMIN,-93
CHM00056080,2009-02-01,TMAX,-7
CHM00052983,2012-03-20,TMIN,-9
CHM00052983,2012-03-20,TMAX,136
CHM00056080,2005-07-16,TMIN,76
CHM00052889,2006-04-13,TMIN,-48
CHM00052889,2006-04-13,TMAX,85
CHM00056046,2012-05-21,TMIN,42
CHM00056046,2007-03-14,TMIN,-80
CHM00056046,2012-05-21,TMAX,152
CHM00056046,2007-03-14,TMAX,84
CHM00052889,2007-10-09,TMIN,63
CHM00056080,2005-07-16,TMAX,255
CHM00052889,2008-11-29,TMIN,-50
CHM00052889,2007-08-24,TMAX,308
CHM00056080,2006-05-08,TMIN,38
CHM00056080,2006-05-08,TMAX,171
CHM00056080,2006-10-05,TMIN,32
CHM00052889,2008-11-29,TMAX,79
CHM00056046,2007-01-31,TMAX,-3
CHM00052983,2008-10-11,TMAX,170
CHM00052889,2007-10-09,TMAX,100
CHM00056046,2008-08-09,TMAX,150
CHM00052983,2012-02-04,TMAX,32
CHM00056080,2015-06-15,TMIN,36
CHM00052983,2008-11-29,TMIN,-83
CHM00056080,2008-06-01,TMIN,10
CHM00056080,2005-04-14,TMAX,100
CHM00056080,2005-04-14,TMIN,-44
CHM00052983,2011-10-29,TMIN,-24
CHM00056046,2006-06-26,TMIN,43
CHM00052983,2014-02-15,TMIN,-85
CHM00056046,2006-06-26,TMAX,172
CHM00056046,2008-11-11,TMAX,81
CHM00052983,2006-07-14,TMIN,197
CHM00052983,2006-07-14,TMAX,287
CHM00052983,2011-10-29,TMAX,190
CHM00052983,2014-02-15,TMAX,-23
CHM00052983,2014-10-10,TMAX,123
CHM00052889,2007-08-24,TMIN,196
CHM00052983,2008-10-11,TMIN,34
CHM00052983,2012-02-04,TMIN,-108
CHM00052983,2007-02-13,TMAX,68
CHM00056046,2013-06-21,TMAX,134
CHM00056080,2007-09-20,TMAX,181
CHM00056080,2007-09-20,TMIN,-8
CHM00056080,2009-10-19,TMIN,-26
CHM00056080,2009-10-19,TMAX,109
CHM00056046,2007-01-31,TMIN,-235
CHM00056046,2008-11-11,TMIN,-114
CHM00056080,2012-07-03,TMAX,172
CHM00052889,2005-07-01,TMIN,180
CHM00056046,2005-04-25,TMAX,104
CHM00052983,2010-04-01,TMAX,92
CHM00056046,2006-03-06,TMAX,42
CHM00056046,2006-03-06,TMIN,-108
CHM00052983,2010-04-01,TMIN,-49
CHM00056046,2005-04-25,TMIN,-55
CHM00056046,2013-09-19,TMIN,51
CHM00056046,2013-09-19,TMAX,135
CHM00056046,2009-03-01,TMIN,-151
CHM00052983,2007-08-09,TMAX,246
CHM00056046,2007-08-14,TMAX,192
CHM00052983,2012-10-06,TMAX,159
CHM00056046,2006-05-08,TMAX,145
CHM00052983,2015-05-14,TMAX,206
CHM00052983,2008-04-30,TMIN,63
CHM00052983,2007-08-09,TMIN,124
CHM00052983,2014-09-19,TMAX,238
CHM00052983,2007-12-29,TMAX,-36
CHM00056046,2009-03-01,TMAX,-73
CHM00056080,2014-07-14,TMAX,201
CHM00052983,2013-11-17,TMAX,98
CHM00052983,2014-09-19,TMIN,64
CHM00056046,2006-05-08,TMIN,-28
CHM00052983,2008-05-26,TMAX,250
CHM00052983,2008-05-26,TMIN,80
CHM00056046,2015-06-13,TMIN,43
CHM00056080,2006-10-05,TMAX,125
CHM00052983,2008-11-29,TMAX,55
CHM00052889,2005-07-01,TMAX,214
CHM00052889,2008-03-30,TMIN,39
CHM00052889,2008-03-30,TMAX,181
CHM00052983,2011-12-18,TMIN,-120
CHM00056046,2011-10-04,TMIN,-63
CHM00052983,2011-12-18,TMAX,27
CHM00052889,2008-05-08,TMAX,203
CHM00052983,2013-11-10,TMIN,-4
CHM00056046,2007-08-14,TMIN,2
CHM00056046,2010-07-03,TMIN,52
CHM00056046,2010-07-03,TMAX,194
CHM00052983,2008-04-30,TMAX,274
CHM00056046,2011-10-04,TMAX,67
CHM00052983,2006-03-23,TMAX,122
CHM00056046,2007-01-03,TMIN,-204
CHM00056046,2007-01-03,TMAX,-1
CHM00052983,2010-06-16,TMIN,110
CHM00052983,2006-03-23,TMIN,-36
CHM00056080,2009-01-02,TMIN,-138
CHM00052983,2010-06-16,TMAX,282
CHM00052983,2014-10-13,TMAX,118
CHM00056080,2012-07-03,TMIN,104
CHM00056046,2013-12-06,TMAX,9
CHM00056046,2008-05-21,TMIN,2
CHM00056046,2013-11-29,TMAX,20
CHM00052889,2008-11-25,TMIN,-46
CHM00056080,2009-11-28,TMIN,-81
CHM00052983,2014-06-11,TMAX,238
CHM00056080,2009-02-20,TMIN,-152
CHM00052983,2014-06-11,TMIN,108
CHM00056080,2007-10-16,TMIN,-5
CHM00056080,2009-02-20,TMAX,102
CHM00056080,2007-10-16,TMAX,108
CHM00056046,2008-02-26,TMAX,-17
CHM00056046,2008-02-26,TMIN,-119
CHM00052889,2008-12-10,TMIN,-53
CHM00052889,2008-12-10,TMAX,82
CHM00052889,2005-05-01,TMAX,267
CHM00052889,2005-05-01,TMIN,67
CHM00052983,2010-09-14,TMAX,241
CHM00056080,2011-04-07,TMIN,-70
CHM00056046,2010-11-15,TMIN,-159
CHM00056080,2009-11-28,TMAX,46
CHM00052983,2011-10-16,TMAX,164
CHM00052983,2007-06-25,TMAX,250
CHM00052983,2007-06-25,TMIN,109
CHM00056046,2011-05-12,TMIN,-50
CHM00052889,2008-11-25,TMAX,64
CHM00056046,2010-11-15,TMAX,15
CHM00056046,2006-02-08,TMAX,22
CHM00056046,2006-02-08,TMIN,-86
CHM00056046,2012-02-15,TMIN,-85
CHM00056046,2005-05-16,TMIN,-6
CHM00056046,2005-05-16,TMAX,57
CHM00056046,2006-10-17,TMAX,52
CHM00056046,2009-05-11,TMIN,8
CHM00052983,2006-12-16,TMAX,11
CHM00056046,2007-02-04,TMIN,-245
CHM00056080,2006-04-05,TMAX,78
CHM00056080,2006-04-05,TMIN,-15
CHM00056046,2007-02-04,TMAX,18
CHM00052983,2006-12-16,TMIN,-156
CHM00052983,2006-04-08,TMAX,138
CHM00056080,2014-08-17,TMAX,168
CHM00052983,2006-03-14,TMAX,-10
CHM00052983,2007-02-10,TMAX,98
CHM00052983,2007-02-10,TMIN,-64
CHM00052983,2014-05-29,TMIN,115
CHM00052983,2008-10-13,TMIN,13
CHM00052983,2008-10-13,TMAX,189
CHM00052983,2006-03-14,TMIN,-87
CHM00056046,2009-05-11,TMAX,130
CHM00056080,2013-11-29,TMIN,-151
CHM00056080,2013-11-29,TMAX,67
CHM00052983,2011-05-10,TMAX,217
CHM00052889,2007-09-02,TMAX,200
CHM00052983,2011-05-10,TMIN,51
CHM00052983,2007-03-16,TMAX,44
CHM00056080,2005-04-19,TMIN,-20
CHM00056080,2015-01-11,TMIN,-214
CHM00056046,2013-11-28,TMAX,22
CHM00052983,2007-03-12,TMIN,-19
CHM00052889,2008-06-26,TMAX,262
CHM00056080,2013-11-13,TMAX,16
CHM00056046,2010-03-22,TMAX,104
CHM00052889,2008-06-26,TMIN,204
CHM00056080,2008-06-28,TMAX,225
CHM00056080,2008-06-28,TMIN,33
CHM00056080,2005-04-19,TMAX,129
CHM00056080,2007-08-14,TMAX,239
CHM00056046,2010-03-05,TMIN,-93
CHM00056080,2011-02-18,TMIN,-100
CHM00056046,2010-03-05,TMAX,11
CHM00056080,2011-02-18,TMAX,-18
CHM00056046,2008-06-01,TMAX,122
CHM00052983,2006-05-31,TMIN,73
CHM00056046,2015-06-27,TMIN,81
CHM00052983,2014-02-08,TMAX,-41
CHM00052983,2013-08-28,TMAX,209
CHM00056046,2008-06-01,TMIN,7
CHM00056080,2006-10-13,TMIN,-5
CHM00052889,2008-02-22,TMAX,136
CHM00052889,2008-02-22,TMIN,-35
CHM00056080,2013-11-22,TMAX,0
CHM00052983,2011-10-16,TMIN,-16
CHM00056046,2005-07-06,TMAX,191
CHM00056046,2005-07-06,TMIN,63
CHM00052983,2015-10-15,TMIN,16
CHM00052983,2009-05-05,TMIN,50
CHM00052983,2009-05-05,TMAX,257
CHM00052983,2006-05-20,TMAX,116
CHM00056046,2011-11-10,TMAX,85
CHM00056046,2011-11-10,TMIN,-125
CHM00056080,2014-04-21,TMAX,74
CHM00056080,2014-04-21,TMIN,-23
CHM00056080,2006-12-23,TMIN,-96
CHM00056080,2006-12-23,TMAX,49
CHM00052983,2015-07-15,TMIN,77
CHM00056080,2007-08-14,TMIN,50
CHM00056080,2008-10-10,TMAX,51
CHM00056046,2010-03-22,TMIN,-15
CHM00056080,2013-11-22,TMIN,-89
CHM00056080,2008-10-10,TMIN,22
CHM00052983,2007-03-12,TMAX,150
CHM00056046,2005-06-24,TMIN,31
CHM00056046,2005-06-24,TMAX,95
CHM00056080,2015-01-11,TMAX,7
CHM00056046,2011-05-12,TMAX,161
CHM00056046,2014-12-06,TMAX,27
CHM00056080,2008-09-13,TMAX,180
CHM00056080,2010-03-18,TMAX,192
CHM00052983,2012-05-26,TMAX,230
CHM00056046,2010-06-26,TMIN,77
CHM00056046,2006-04-05,TMAX,20
CHM00056046,2008-03-05,TMAX,9
CHM00052983,2012-05-26,TMIN,50
CHM00056046,2009-03-24,TMAX,63
CHM00052983,2008-11-20,TMIN,-69
CHM00056046,2006-06-18,TMAX,151
CHM00056046,2006-04-05,TMIN,-70
CHM00052983,2011-10-09,TMAX,185
CHM00052983,2011-10-09,TMIN,59
CHM00056046,2006-06-18,TMIN,56
CHM00056046,2015-01-01,TMAX,23
CHM00056046,2015-01-01,TMIN,-237
CHM00056046,2005-09-26,TMAX,101
CHM00056080,2010-03-05,TMIN,-45
CHM00056080,2010-03-05,TMAX,69
CHM00056080,2005-05-16,TMIN,18
CHM00056080,2005-05-16,TMAX,79
CHM00056080,2005-06-08,TMAX,174
CHM00056046,2012-03-13,TMIN,-141
CHM00056046,2012-03-13,TMAX,33
CHM00052983,2008-11-20,TMAX,66
CHM00056046,2010-06-26,TMAX,198
CHM00056046,2008-03-05,TMIN,-74
CHM00056046,2012-12-18,TMIN,-146
CHM00056046,2015-02-04,TMAX,15
CHM00052983,2014-03-25,TMIN,-4
CHM00056080,2012-09-15,TMIN,30
CHM00056046,2010-03-10,TMIN,-149
CHM00052983,2012-04-12,TMAX,99
CHM00052983,2011-04-16,TMIN,20
CHM00056046,2010-03-10,TMAX,30
CHM00052983,2011-04-16,TMAX,205
CHM00052983,2010-03-24,TMAX,47
CHM00056080,2009-09-27,TMAX,151
CHM00052983,2014-03-25,TMAX,190
CHM00056080,2009-09-27,TMIN,0
CHM00056046,2010-04-14,TMAX,74
CHM00056046,2010-04-14,TMIN,-55
CHM00052983,2012-11-25,TMAX,-25
CHM00056080,2009-11-06,TMIN,-69
CHM00056046,2005-04-19,TMAX,48
CHM00056080,2012-09-15,TMAX,171
CHM00056080,2009-11-06,TMAX,158
CHM00056046,2005-04-19,TMIN,-54
CHM00052983,2006-05-01,TMIN,98
CHM00052983,2006-05-01,TMAX,298
CHM00056046,2012-12-18,TMAX,26
CHM00056046,2015-03-24,TMIN,-115
CHM00056080,2008-09-13,TMIN,59
CHM00056046,2005-09-26,TMIN,38
CHM00056046,2009-11-09,TMIN,-113
CHM00056046,2012-02-15,TMAX,6
CHM00052983,2007-08-29,TMIN,150
CHM00052983,2012-01-28,TMAX,-22
CHM00056046,2012-02-20,TMAX,-7
CHM00052983,2014-06-05,TMAX,265
CHM00052983,2008-03-13,TMIN,-22
CHM00052983,2008-03-13,TMAX,174
CHM00052983,2014-06-07,TMIN,102
CHM00052983,2014-06-07,TMAX,235
CHM00056046,2014-01-25,TMIN,-182
CHM00056080,2007-12-30,TMIN,-172
CHM00056080,2013-11-30,TMAX,58
CHM00052983,2013-09-23,TMIN,71
CHM00056080,2010-03-27,TMIN,-86
CHM00056080,2010-03-27,TMAX,127
CHM00052983,2007-08-12,TMAX,249
CHM00056080,2008-05-15,TMAX,167
CHM00052983,2007-08-29,TMAX,200
CHM00056080,2008-05-15,TMIN,20
CHM00056080,2010-03-18,TMIN,-69
CHM00052889,2007-09-02,TMIN,149
CHM00056046,2006-10-17,TMIN,-59
CHM00056080,2013-11-30,TMIN,-141
CHM00052889,2007-09-20,TMIN,103
CHM00056046,2012-02-20,TMIN,-122
CHM00052983,2008-08-04,TMAX,309
CHM00056080,2006-02-08,TMIN,-61
CHM00056080,2006-02-08,TMAX,18
CHM00056046,2012-08-10,TMAX,212
CHM00056046,2012-08-10,TMIN,68
CHM00052983,2007-03-31,TMAX,199
CHM00056046,2009-11-09,TMAX,88
CHM00052889,2006-03-23,TMAX,144
CHM00052889,2006-03-23,TMIN,-48
CHM00056080,2015-01-19,TMAX,38
CHM00056046,2015-05-24,TMIN,11
CHM00056080,2015-01-19,TMIN,-207
CHM00052983,2006-04-28,TMAX,213
CHM00052983,2006-04-28,TMIN,-9
CHM00052983,2012-08-18,TMAX,174
CHM00056046,2014-04-21,TMAX,62
CHM00056080,2008-01-09,TMAX,117
CHM00052983,2008-08-04,TMIN,123
CHM00056080,2006-06-18,TMAX,203
CHM00056080,2006-06-18,TMIN,79
CHM00052889,2007-09-20,TMAX,264
CHM00056080,2007-12-30,TMAX,0
CHM00052983,2012-01-28,TMIN,-169
CHM00056080,2008-01-09,TMIN,-124
CHM00056080,2005-06-08,TMIN,46
CHM00052889,2005-10-10,TMAX,208
CHM00056080,2015-01-01,TMAX,56
CHM00052983,2006-05-31,TMAX,267
CHM00056046,2007-10-16,TMAX,52
CHM00056080,2013-09-26,TMAX,117
CHM00056080,2005-07-01,TMIN,117
CHM00056080,2005-07-01,TMAX,157
CHM00056080,2013-09-26,TMIN,3
CHM00056046,2011-08-05,TMAX,133
CHM00056046,2011-08-05,TMIN,21
CHM00056080,2010-04-14,TMAX,144
CHM00056046,2005-05-01,TMAX,95
CHM00056080,2010-04-14,TMIN,-68
CHM00056046,2007-10-16,TMIN,-17
CHM00056080,2008-02-17,TMIN,-177
CHM00056046,2005-05-01,TMIN,-8
CHM00052889,2007-01-31,TMAX,81
CHM00052983,2006-06-18,TMAX,256
CHM00052889,2007-01-31,TMIN,-44
CHM00056080,2010-10-10,TMAX,96
CHM00052983,2006-06-18,TMIN,113
CHM00056080,2010-10-10,TMIN,9
CHM00056080,2006-07-01,TMIN,74
CHM00056080,2006-07-01,TMAX,225
CHM00056080,2015-07-11,TMAX,266
CHM00056080,2008-02-17,TMAX,20
CHM00056046,2008-10-24,TMIN,-80
CHM00056046,2008-10-24,TMAX,51
CHM00052889,2006-05-22,TMIN,37
CHM00056046,2010-03-18,TMAX,99
CHM00056046,2014-05-07,TMAX,109
CHM00056046,2014-03-13,TMAX,-14
CHM00056080,2014-08-11,TMAX,183
CHM00056080,2014-08-11,TMIN,80
CHM00056046,2008-11-23,TMIN,-165
CHM00052889,2008-02-19,TMAX,54
CHM00056046,2009-11-28,TMIN,-159
CHM00056046,2009-11-28,TMAX,55
CHM00056080,2012-08-14,TMIN,103
CHM00056080,2012-08-14,TMAX,192
CHM00056080,2009-06-06,TMIN,51
CHM00056046,2013-05-31,TMIN,4
CHM00056080,2009-06-06,TMAX,184
CHM00052983,2010-04-08,TMIN,-16
CHM00052983,2010-04-08,TMAX,214
CHM00052983,2009-05-27,TMAX,141
CHM00056046,2005-04-14,TMAX,58
CHM00056046,2005-04-14,TMIN,-63
CHM00056046,2008-11-23,TMAX,-34
CHM00056080,2009-01-24,TMAX,35
CHM00056080,2009-01-24,TMIN,-205
CHM00052889,2006-05-22,TMAX,246
CHM00056080,2008-01-06,TMAX,91
CHM00056080,2007-03-10,TMAX,78
CHM00056046,2015-06-05,TMIN,29
CHM00056080,2008-01-06,TMIN,-135
CHM00052983,2014-01-29,TMIN,-74
CHM00056080,2012-02-15,TMAX,-23
CHM00052983,2014-01-29,TMAX,132
CHM00056046,2006-01-11,TMIN,-189
CHM00056080,2012-02-15,TMIN,-104
CHM00056080,2014-07-08,TMAX,133
CHM00056046,2009-01-27,TMIN,-161
CHM00052983,2013-10-02,TMIN,45
CHM00056046,2009-01-27,TMAX,33
CHM00052889,2005-05-16,TMIN,97
CHM00056046,2011-12-15,TMIN,-211
CHM00056046,2013-12-06,TMIN,-195
CHM00052889,2008-05-28,TMAX,255
CHM00052889,2005-05-16,TMAX,157
CHM00052889,2008-05-28,TMIN,91
CHM00052983,2012-03-10,TMIN,-50
CHM00056046,2013-11-29,TMIN,-170
CHM00056046,2005-07-01,TMIN,75
CHM00056046,2005-07-01,TMAX,206
CHM00056046,2008-09-30,TMAX,108
CHM00056046,2008-05-21,TMAX,100
CHM00056046,2008-09-30,TMIN,24
CHM00052983,2006-01-25,TMAX,33
CHM00056080,2015-02-16,TMIN,-146
CHM00056080,2015-02-16,TMAX,53
CHM00056080,2015-08-31,TMIN,28
CHM00056080,2013-05-14,TMIN,49
CHM00052983,2010-04-10,TMIN,15
CHM00052983,2010-04-10,TMAX,169
CHM00052889,2007-01-15,TMIN,-57
CHM00052983,2009-06-04,TMAX,283
CHM00052983,2009-06-04,TMIN,81
CHM00056080,2006-04-13,TMIN,-80
CHM00056080,2006-04-13,TMAX,22
CHM00056046,2008-03-09,TMAX,22
CHM00056046,2008-03-09,TMIN,-156
CHM00052983,2012-03-10,TMAX,51
CHM00052889,2007-01-15,TMAX,-16
CHM00052889,2008-10-11,TMAX,200
CHM00052889,2008-10-11,TMIN,70
CHM00052889,2007-09-14,TMAX,253
CHM00056080,2008-12-31,TMIN,-185
CHM00056080,2009-03-01,TMIN,-83
CHM00056080,2008-12-31,TMAX,26
CHM00056080,2009-03-01,TMAX,-33
CHM00056046,2006-01-11,TMAX,30
CHM00052983,2005-03-31,TMAX,112
CHM00052889,2007-09-14,TMIN,94
CHM00056046,2011-12-15,TMAX,-37
CHM00056080,2015-07-11,TMIN,50
CHM00056080,2015-01-01,TMIN,-162
CHM00056080,2007-03-10,TMIN,-69
CHM00056080,2011-01-23,TMIN,-187
CHM00052983,2007-10-25,TMAX,134
CHM00056046,2014-07-14,TMAX,168
CHM00052983,2006-07-08,TMAX,299
CHM00056046,2014-07-14,TMIN,18
CHM00052889,2006-01-11,TMAX,51
CHM00056046,2005-03-17,TMIN,-80
CHM00052983,2015-10-23,TMIN,13
CHM00056046,2006-03-23,TMAX,12
CHM00056046,2006-03-23,TMIN,-120
CHM00056046,2010-03-27,TMIN,-146
CHM00056046,2015-10-30,TMIN,-96
CHM00052983,2006-07-08,TMIN,133
CHM00052889,2007-03-09,TMIN,4
CHM00052983,2007-01-03,TMIN,-109
CHM00052983,2007-01-03,TMAX,-12
CHM00052889,2006-01-11,TMIN,-140
CHM00052983,2015-05-17,TMIN,57
CHM00052983,2006-05-08,TMAX,173
CHM00056046,2013-11-28,TMIN,-186
CHM00056046,2010-10-22,TMAX,61
CHM00056046,2010-10-22,TMIN,-32
CHM00052889,2006-02-08,TMIN,-29
CHM00056046,2010-03-27,TMAX,84
CHM00052983,2005-06-04,TMAX,207
CHM00052889,2008-04-28,TMIN,84
CHM00052889,2008-04-28,TMAX,254
CHM00056046,2014-12-06,TMIN,-148
CHM00052889,2007-03-27,TMIN,48
CHM00052889,2007-03-27,TMAX,250
CHM00056046,2007-10-19,TMAX,30
CHM00056046,2006-04-18,TMAX,86
CHM00056046,2006-04-18,TMIN,-50
CHM00056046,2007-10-19,TMIN,-26
CHM00052983,2013-04-27,TMIN,58
CHM00052983,2013-04-27,TMAX,272
CHM00052889,2006-03-18,TMIN,-52
CHM00052889,2006-03-18,TMAX,122
CHM00056080,2010-12-16,TMIN,-244
CHM00052889,2007-03-09,TMAX,59
CHM00056080,2010-12-16,TMAX,20
CHM00056080,2014-04-28,TMAX,121
CHM00056080,2005-07-06,TMAX,219
CHM00056080,2005-07-06,TMIN,87
CHM00056046,2005-03-17,TMAX,65
CHM00052983,2014-01-28,TMIN,-98
CHM00052983,2014-01-28,TMAX,63
CHM00056080,2012-08-10,TMAX,259
CHM00056080,2012-08-10,TMIN,112
CHM00056080,2006-10-13,TMAX,156
CHM00052889,2006-02-08,TMAX,24
CHM00052983,2009-05-22,TMAX,209
CHM00052983,2009-11-18,TMIN,-134
CHM00052983,2009-11-18,TMAX,-18
CHM00056080,2006-03-23,TMAX,94
CHM00056046,2008-07-21,TMAX,147
CHM00056080,2007-10-19,TMAX,82
CHM00056080,2006-03-23,TMIN,-84
CHM00056080,2007-10-19,TMIN,-40
CHM00056046,2006-03-12,TMIN,-100
CHM00056046,2015-07-11,TMAX,210
CHM00056046,2015-07-11,TMIN,28
CHM00052889,2008-02-19,TMIN,-64
CHM00056046,2008-07-21,TMIN,65
CHM00052983,2014-03-15,TMAX,189
CHM00056046,2014-05-07,TMIN,-57
CHM00056046,2010-03-16,TMAX,64
CHM00056080,2011-11-10,TMAX,130
CHM00056080,2011-11-10,TMIN,-93
CHM00056046,2006-12-23,TMIN,-143
CHM00056046,2012-12-14,TMIN,-128
CHM00056046,2012-12-14,TMAX,8
CHM00056046,2006-12-23,TMAX,-39
CHM00052983,2009-05-22,TMIN,55
CHM00056046,2010-03-18,TMIN,-169
CHM00056046,2010-03-16,TMIN,-198
CHM00056080,2011-01-23,TMAX,8
CHM00052983,2011-01-08,TMIN,-144
CHM00056080,2012-10-07,TMIN,42
CHM00056080,2012-10-07,TMAX,150
CHM00052983,2010-05-26,TMIN,68
CHM00052983,2010-05-26,TMAX,173
CHM00056080,2012-12-10,TMAX,40
CHM00056046,2012-01-27,TMAX,-9
CHM00052983,2009-03-25,TMAX,194
CHM00056080,2012-12-10,TMIN,-136
CHM00056046,2012-01-27,TMIN,-192
CHM00056046,2009-11-06,TMAX,62
CHM00052983,2013-04-30,TMIN,28
CHM00052983,2009-03-25,TMIN,-35
CHM00052983,2013-04-30,TMAX,187
CHM00056046,2006-03-12,TMAX,-34
CHM00052983,2007-06-26,TMAX,255
CHM00052983,2008-05-05,TMIN,61
CHM00056046,2015-02-16,TMAX,-11
CHM00056080,2009-01-27,TMIN,-192
CHM00056046,2015-02-16,TMIN,-219
CHM00056080,2009-01-27,TMAX,68
CHM00056080,2006-04-18,TMAX,152
CHM00056080,2006-04-18,TMIN,-25
CHM00052983,2014-03-15,TMIN,-36
CHM00052983,2008-05-05,TMAX,287
CHM00052983,2011-01-08,TMAX,-77
CHM00056046,2009-11-06,TMIN,-81
CHM00052983,2010-08-25,TMAX,262
CHM00052983,2010-01-21,TMAX,-38
CHM00056046,2009-10-19,TMAX,61
CHM00056046,2005-03-22,TMAX,44
CHM00056046,2005-03-22,TMIN,-137
CHM00056046,2007-02-13,TMAX,-8
CHM00056080,2007-10-25,TMIN,-44
CHM00056080,2007-10-25,TMAX,132
CHM00056046,2015-07-06,TMIN,-4
CHM00052889,2008-01-02,TMIN,-91
CHM00052889,2007-08-22,TMAX,334
CHM00056046,2015-05-03,TMAX,49
CHM00056080,2011-10-22,TMIN,4
CHM00056046,2011-09-02,TMAX,192
CHM00056080,2011-10-22,TMAX,85
CHM00052889,2007-08-22,TMIN,206
CHM00052889,2007-08-31,TMAX,269
CHM00056080,2009-09-19,TMAX,135
CHM00056080,2005-07-26,TMIN,103
CHM00056080,2005-07-26,TMAX,245
CHM00056080,2005-05-20,TMAX,105
CHM00052983,2011-07-08,TMAX,293
CHM00052983,2015-01-29,TMAX,-8
CHM00052983,2015-01-29,TMIN,-124
CHM00056046,2007-06-20,TMAX,119
CHM00056080,2009-09-19,TMIN,38
CHM00052889,2008-02-15,TMAX,18
CHM00052889,2008-01-02,TMAX,-1
CHM00056046,2007-02-13,TMIN,-81
CHM00056046,2011-07-16,TMAX,147
CHM00052983,2015-01-13,TMIN,-113
CHM00052983,2015-01-13,TMAX,30
CHM00056046,2011-07-16,TMIN,49
CHM00052983,2012-02-11,TMAX,-19
CHM00052983,2011-07-18,TMAX,306
CHM00052983,2012-02-11,TMIN,-149
CHM00052983,2011-07-18,TMIN,124
CHM00052983,2009-10-25,TMIN,16
CHM00052889,2005-03-19,TMIN,-12
CHM00056046,2007-10-27,TMIN,-73
CHM00052983,2009-10-25,TMAX,139
CHM00056046,2007-10-27,TMAX,82
CHM00056046,2015-06-15,TMIN,35
CHM00052983,2009-10-24,TMAX,161
CHM00052983,2010-08-21,TMAX,252
CHM00056046,2009-10-14,TMIN,-29
CHM00056046,2009-10-14,TMAX,72
CHM00052983,2014-02-13,TMIN,-138
CHM00052983,2014-02-13,TMAX,4
CHM00056046,2006-06-19,TMAX,192
CHM00056046,2006-06-19,TMIN,55
CHM00052889,2005-03-19,TMAX,157
CHM00052889,2007-08-31,TMIN,132
CHM00052889,2008-02-15,TMIN,-102
CHM00052983,2006-03-10,TMIN,8
CHM00052983,2006-05-24,TMAX,212
CHM00056046,2010-05-28,TMAX,147
CHM00056046,2012-04-06,TMAX,28
CHM00056046,2015-02-12,TMAX,15
CHM00052889,2005-05-12,TMIN,129
CHM00056046,2014-10-23,TMAX,64
CHM00056046,2014-10-23,TMIN,-83
CHM00056046,2009-06-16,TMAX,191
CHM00056046,2013-02-06,TMAX,65
CHM00056046,2009-06-16,TMIN,69
CHM00052983,2006-03-10,TMAX,107
CHM00056046,2005-07-26,TMIN,64
CHM00056080,2013-12-13,TMAX,37
CHM00056080,2007-09-14,TMAX,183
CHM00056080,2013-12-13,TMIN,-162
CHM00056080,2010-03-20,TMAX,181
CHM00056046,2010-01-17,TMIN,-208
CHM00056046,2010-01-17,TMAX,54
CHM00056080,2010-03-20,TMIN,-1
CHM00056080,2007-09-14,TMIN,-11
CHM00056046,2009-06-09,TMAX,126
CHM00056046,2009-06-09,TMIN,15
CHM00056046,2005-07-26,TMAX,207
CHM00056046,2012-04-06,TMIN,-49
CHM00052983,2010-03-23,TMAX,82
CHM00052889,2005-09-27,TMAX,243
CHM00052983,2009-10-24,TMIN,4
CHM00052983,2011-07-08,TMIN,113
CHM00052889,2007-04-12,TMAX,202
CHM00052889,2007-04-12,TMIN,87
CHM00052983,2010-03-23,TMIN,-29
CHM00052889,2005-10-03,TMIN,14
CHM00052983,2006-01-21,TMIN,-125
CHM00052983,2006-01-21,TMAX,-13
CHM00056080,2005-05-20,TMIN,4
CHM00052983,2014-05-11,TMIN,-14
CHM00056046,2013-09-24,TMAX,113
CHM00052983,2014-05-11,TMAX,190
CHM00056046,2013-09-24,TMIN,-4
CHM00052889,2005-09-27,TMIN,99
CHM00056080,2006-06-19,TMAX,143
CHM00056046,2007-08-29,TMIN,85
CHM00056046,2007-08-29,TMAX,157
CHM00056080,2006-06-19,TMIN,50
CHM00052889,2005-09-30,TMAX,164
CHM00056080,2007-10-02,TMAX,169
CHM00052889,2005-09-30,TMIN,104
CHM00056080,2007-10-02,TMIN,59
CHM00056080,2013-06-25,TMIN,47
CHM00052983,2010-08-29,TMAX,243
CHM00056046,2013-12-10,TMAX,-16
CHM00056080,2008-04-20,TMIN,14
CHM00056080,2008-04-20,TMAX,105
CHM00052983,2015-02-16,TMIN,-93
CHM00052983,2007-09-29,TMIN,90
CHM00052983,2007-09-29,TMAX,140
CHM00056046,2014-03-16,TMAX,92
CHM00056080,2008-04-28,TMAX,149
CHM00056080,2008-04-28,TMIN,-37
CHM00056080,2008-10-14,TMIN,1
CHM00056080,2008-12-30,TMAX,10
CHM00056080,2010-04-22,TMAX,86
CHM00052983,2007-08-25,TMAX,284
CHM00052983,2015-02-16,TMAX,109
CHM00052983,2012-11-26,TMIN,-125
CHM00056046,2012-03-06,TMIN,-71
CHM00056046,2012-03-06,TMAX,15
CHM00056080,2010-04-22,TMIN,-23
CHM00056080,2012-07-30,TMAX,198
CHM00056080,2010-04-15,TMIN,-31
CHM00052983,2008-07-22,TMAX,285
CHM00056080,2007-08-06,TMAX,199
CHM00056080,2007-08-06,TMIN,126
CHM00052983,2008-07-22,TMIN,116
CHM00056080,2007-02-13,TMIN,-134
CHM00052983,2012-11-26,TMAX,24
CHM00056046,2014-03-16,TMIN,-126
CHM00056080,2008-10-14,TMAX,152
CHM00056046,2013-12-01,TMAX,15
CHM00052983,2011-08-31,TMIN,167
CHM00056080,2010-01-24,TMAX,43
CHM00056080,2010-01-24,TMIN,-107
CHM00052889,2006-06-19,TMAX,209
CHM00052889,2007-03-14,TMIN,37
CHM00052889,2007-03-14,TMAX,91
CHM00052889,2006-06-19,TMIN,120
CHM00056046,2013-12-13,TMAX,-26
CHM00056046,2013-12-13,TMIN,-225
CHM00056046,2013-11-22,TMIN,-118
CHM00056046,2013-11-22,TMAX,58
CHM00056080,2007-08-29,TMIN,114
CHM00056080,2007-08-29,TMAX,166
CHM00056080,2011-05-03,TMIN,24
CHM00052983,2011-11-10,TMAX,128
CHM00052983,2011-11-10,TMIN,-42
CHM00056046,2005-07-19,TMAX,149
CHM00056046,2005-07-19,TMIN,80
CHM00056080,2015-05-14,TMAX,123
CHM00056046,2011-02-01,TMIN,-237
CHM00056046,2011-02-01,TMAX,-25
CHM00056046,2013-12-01,TMIN,-202
CHM00052983,2007-01-31,TMAX,55
CHM00056080,2007-02-13,TMAX,-8
CHM00056080,2010-09-03,TMIN,20
CHM00056046,2015-05-28,TMIN,8
CHM00056046,2010-11-14,TMAX,16
CHM00056046,2010-03-20,TMAX,114
CHM00056046,2010-03-20,TMIN,-103
CHM00056046,2005-01-03,TMIN,-176
CHM00056046,2015-07-06,TMAX,174
CHM00056080,2009-07-27,TMAX,214
CHM00056046,2013-08-29,TMIN,47
CHM00052983,2014-11-06,TMIN,-24
CHM00056080,2009-07-27,TMIN,43
CHM00056046,2012-02-04,TMIN,-151
CHM00056080,2007-01-20,TMAX,-17
CHM00056080,2015-11-19,TMIN,-88
CHM00052983,2014-11-06,TMAX,40
CHM00056080,2007-01-20,TMIN,-192
CHM00056046,2009-09-26,TMIN,-8
CHM00056046,2009-09-26,TMAX,99
CHM00052983,2010-08-29,TMIN,93
CHM00056046,2015-12-29,TMIN,-182
CHM00056080,2005-07-19,TMAX,160
CHM00056080,2005-07-19,TMIN,99
CHM00056046,2011-09-02,TMIN,83
CHM00056046,2006-02-07,TMIN,-135
CHM00056046,2006-02-07,TMAX,40
CHM00056046,2012-02-04,TMAX,36
CHM00056080,2012-04-06,TMAX,57
CHM00052983,2008-07-13,TMAX,168
CHM00052889,2007-04-01,TMIN,65
CHM00056080,2007-08-27,TMIN,86
CHM00052983,2011-05-21,TMAX,121
CHM00056080,2008-02-24,TMAX,0
CHM00056080,2007-08-27,TMAX,201
CHM00056080,2008-02-24,TMIN,-55
CHM00052889,2008-02-17,TMIN,-27
CHM00056046,2005-05-20,TMAX,93
CHM00056046,2005-05-20,TMIN,3
CHM00052889,2008-02-17,TMAX,46
CHM00056046,2010-11-14,TMIN,-110
CHM00052983,2007-03-02,TMAX,33
CHM00056046,2007-10-09,TMAX,201
CHM00056046,2007-10-09,TMIN,49
CHM00052889,2008-08-01,TMIN,182
CHM00052889,2008-01-15,TMIN,-64
CHM00056080,2012-07-30,TMIN,128
CHM00052889,2008-01-15,TMAX,29
CHM00056080,2015-01-04,TMIN,-98
CHM00056080,2006-02-07,TMIN,-96
CHM00056046,2005-01-03,TMAX,36
CHM00056080,2006-02-07,TMAX,85
CHM00056080,2012-04-06,TMIN,-18
CHM00052889,2007-04-01,TMAX,130
CHM00052983,2012-05-25,TMAX,172
CHM00056080,2010-09-03,TMAX,180
CHM00056046,2015-02-12,TMIN,-197
CHM00056046,2013-02-06,TMIN,-123
CHM00052983,2013-04-13,TMAX,188
CHM00052983,2010-05-27,TMAX,226
CHM00052889,2008-08-28,TMAX,231
CHM00052983,2007-03-20,TMAX,145
CHM00056080,2014-12-05,TMIN,-126
CHM00052983,2010-05-27,TMIN,76
CHM00056080,2011-07-17,TMIN,40
CHM00052889,2007-10-14,TMAX,149
CHM00056080,2011-07-17,TMAX,222
CHM00056080,2009-02-13,TMIN,-83
CHM00052983,2007-09-20,TMIN,59
CHM00056080,2008-05-31,TMAX,177
CHM00056080,2008-02-23,TMIN,-104
CHM00056080,2008-03-04,TMIN,-82
CHM00052889,2007-10-14,TMIN,80
CHM00056080,2009-02-10,TMIN,-142
CHM00056080,2009-02-10,TMAX,159
CHM00056080,2008-02-23,TMAX,104
CHM00056080,2008-03-04,TMAX,88
CHM00052889,2007-03-10,TMIN,-31
CHM00052889,2007-03-10,TMAX,67
CHM00052983,2008-05-30,TMAX,238
CHM00056080,2009-02-13,TMAX,65
CHM00052889,2008-08-28,TMIN,176
CHM00052983,2006-03-06,TMIN,-29
CHM00056080,2009-06-16,TMIN,62
CHM00056046,2011-10-18,TMAX,98
CHM00052889,2007-03-22,TMIN,91
CHM00052983,2006-06-02,TMAX,239
CHM00056046,2007-10-25,TMIN,-61
CHM00056046,2007-10-25,TMAX,83
CHM00056046,2008-03-11,TMAX,58
CHM00052983,2007-03-20,TMIN,-34
CHM00052889,2008-09-21,TMIN,192
CHM00052983,2010-03-30,TMIN,15
CHM00056046,2010-12-13,TMAX,-13
CHM00056046,2010-12-13,TMIN,-234
CHM00052889,2008-09-21,TMAX,240
CHM00056046,2012-07-09,TMAX,180
CHM00056046,2012-07-09,TMIN,65
CHM00056080,2008-05-31,TMIN,27
CHM00052983,2010-03-30,TMAX,142
CHM00056046,2015-01-04,TMIN,-177
CHM00056046,2015-01-04,TMAX,60
CHM00056080,2007-04-01,TMAX,141
CHM00052983,2007-09-20,TMAX,233
CHM00056080,2007-04-01,TMIN,-34
CHM00052983,2006-03-06,TMAX,141
CHM00056080,2009-06-16,TMAX,202
CHM00056080,2006-03-02,TMIN,-140
CHM00056080,2010-01-23,TMIN,-155
CHM00056080,2006-03-02,TMAX,76
CHM00052983,2008-05-30,TMIN,84
CHM00056080,2014-07-15,TMAX,225
CHM00056080,2010-09-09,TMIN,43
CHM00056080,2010-09-09,TMAX,204
CHM00056080,2008-07-19,TMAX,229
CHM00052983,2009-06-12,TMAX,265
CHM00052983,2013-12-18,TMIN,-142
CHM00052983,2013-12-18,TMAX,24
CHM00056046,2007-04-09,TMIN,-60
CHM00056046,2011-11-04,TMAX,47
CHM00056080,2008-07-19,TMIN,73
CHM00056080,2011-04-23,TMAX,123
CHM00052983,2008-02-18,TMAX,4
CHM00056046,2011-11-04,TMIN,-71
CHM00056080,2014-10-17,TMIN,11
CHM00056046,2007-04-09,TMAX,50
CHM00052983,2013-04-14,TMAX,222
CHM00056080,2011-03-13,TMAX,91
CHM00056080,2011-03-13,TMIN,-99
CHM00052983,2013-01-24,TMAX,37
CHM00056080,2013-04-23,TMAX,107
CHM00056046,2015-02-07,TMIN,-171
CHM00052983,2013-01-24,TMIN,-150
CHM00056080,2014-10-17,TMAX,86
CHM00052889,2005-01-09,TMAX,14
CHM00052889,2005-01-09,TMIN,-155
CHM00056046,2011-10-22,TMAX,75
CHM00056080,2007-02-17,TMAX,-14
CHM00056080,2007-04-18,TMAX,211
CHM00056080,2007-02-17,TMIN,-160
CHM00052983,2008-04-23,TMAX,148
CHM00052983,2008-04-23,TMIN,-29
CHM00052889,2006-12-17,TMAX,-11
CHM00052889,2006-12-17,TMIN,-176
CHM00052983,2012-01-24,TMAX,-92
CHM00052983,2012-01-24,TMIN,-245
CHM00056080,2006-04-02,TMIN,-67
CHM00056080,2006-04-02,TMAX,170
CHM00056080,2014-07-15,TMIN,33
CHM00056080,2005-01-04,TMIN,-120
CHM00056046,2012-02-01,TMAX,6
CHM00056080,2005-01-04,TMAX,92
CHM00052983,2015-01-11,TMAX,80
CHM00052889,2005-07-26,TMIN,177
CHM00056080,2014-12-05,TMAX,123
CHM00052889,2005-07-26,TMAX,300
CHM00056046,2012-02-01,TMIN,-208
CHM00056080,2011-04-23,TMIN,-32
CHM00052983,2015-01-11,TMIN,-124
CHM00056046,2011-10-22,TMIN,0
CHM00056080,2007-04-18,TMIN,-52
CHM00056046,2007-09-14,TMIN,-49
CHM00056080,2010-01-23,TMAX,85
CHM00056046,2011-10-18,TMIN,-5
CHM00052983,2013-05-10,TMIN,34
CHM00056046,2013-12-03,TMIN,-202
CHM00056080,2008-05-16,TMAX,186
CHM00056080,2008-05-16,TMIN,-2
CHM00056080,2015-05-03,TMAX,69
CHM00056046,2008-03-27,TMAX,64
CHM00056046,2008-03-27,TMIN,-78
CHM00052983,2015-02-02,TMAX,24
CHM00056080,2007-10-09,TMAX,112
CHM00056080,2007-10-09,TMIN,14
CHM00056046,2006-10-05,TMAX,36
CHM00056046,2009-09-19,TMIN,29
CHM00056080,2014-01-30,TMAX,120
CHM00056080,2014-01-30,TMIN,-155
CHM00052889,2007-01-08,TMAX,-10
CHM00052889,2007-01-08,TMIN,-109
CHM00056046,2010-06-29,TMIN,82
CHM00056046,2009-05-01,TMAX,82
CHM00056046,2007-06-20,TMIN,51
CHM00052983,2007-10-31,TMAX,58
CHM00052983,2012-09-27,TMAX,138
CHM00056080,2007-12-15,TMIN,-126
CHM00056046,2009-09-19,TMAX,135
CHM00056046,2006-10-05,TMIN,-5
CHM00056080,2005-03-22,TMIN,-65
CHM00056080,2011-07-13,TMIN,82
CHM00056080,2010-03-14,TMAX,63
CHM00056046,2010-05-28,TMIN,0
CHM00056080,2010-03-14,TMIN,-55
CHM00056046,2011-10-20,TMAX,80
CHM00052889,2006-12-29,TMAX,36
CHM00056046,2011-10-20,TMIN,-62
CHM00052889,2005-07-22,TMAX,298
CHM00052889,2005-07-22,TMIN,116
CHM00052983,2009-05-12,TMIN,84
CHM00052983,2009-05-12,TMAX,143
CHM00052889,2006-12-29,TMIN,-91
CHM00052889,2005-05-12,TMAX,247
CHM00056046,2010-08-26,TMIN,29
CHM00056046,2010-08-26,TMAX,180
CHM00056046,2013-12-03,TMAX,41
CHM00052889,2006-02-07,TMIN,-75
CHM00052983,2008-03-10,TMIN,-8
CHM00056080,2011-07-13,TMAX,145
CHM00052889,2006-02-07,TMAX,21
CHM00052983,2008-03-10,TMAX,147
CHM00052983,2014-06-12,TMAX,159
CHM00052889,2005-10-03,TMAX,160
CHM00056080,2005-03-22,TMAX,45
CHM00056080,2007-12-15,TMAX,-5
CHM00056080,2013-11-28,TMIN,-165
CHM00056046,2010-06-29,TMAX,203
CHM00056080,2009-03-28,TMAX,70
CHM00052983,2011-07-27,TMAX,328
CHM00052983,2008-06-27,TMIN,77
CHM00052983,2014-03-01,TMIN,-59
CHM00052983,2006-03-29,TMIN,-12
CHM00052983,2006-03-29,TMAX,166
CHM00056080,2009-02-19,TMAX,7
CHM00052983,2012-03-04,TMAX,45
CHM00052983,2012-03-04,TMIN,-59
CHM00056080,2013-11-28,TMAX,24
CHM00052983,2014-09-05,TMIN,93
CHM00056046,2006-10-08,TMIN,-55
CHM00052983,2013-11-19,TMAX,88
CHM00056080,2011-07-20,TMAX,209
CHM00056046,2008-03-11,TMIN,-72
CHM00056046,2011-04-21,TMIN,-19
CHM00056080,2005-06-15,TMIN,94
CHM00052889,2007-03-22,TMAX,164
CHM00056046,2011-04-21,TMAX,37
CHM00056080,2015-11-10,TMAX,104
CHM00056080,2011-11-08,TMIN,-77
CHM00056080,2011-11-08,TMAX,58
CHM00052983,2014-09-05,TMAX,242
CHM00056080,2009-02-19,TMIN,-88
CHM00056046,2006-10-08,TMAX,64
CHM00056080,2007-04-09,TMAX,76
CHM00052983,2012-03-24,TMAX,126
CHM00052983,2015-01-31,TMIN,-149
CHM00056080,2007-10-27,TMAX,99
CHM00056046,2007-02-17,TMAX,-68
CHM00056046,2007-02-17,TMIN,-191
CHM00052983,2015-01-31,TMAX,-28
CHM00052983,2008-03-02,TMIN,-57
CHM00056080,2013-02-19,TMIN,-231
CHM00056080,2013-02-19,TMAX,17
CHM00052983,2008-03-02,TMAX,98
CHM00056080,2007-10-27,TMIN,18
CHM00056080,2005-06-15,TMAX,171
CHM00052983,2015-05-19,TMIN,100
CHM00056046,2009-05-01,TMIN,-18
CHM00052983,2006-06-11,TMIN,90
CHM00056046,2010-07-08,TMAX,206
CHM00056080,2011-07-20,TMIN,59
CHM00052983,2006-06-11,TMAX,284
CHM00052983,2008-06-27,TMAX,288
CHM00056046,2007-04-01,TMAX,128
CHM00056046,2007-04-01,TMIN,-34
CHM00056046,2010-07-08,TMIN,98
CHM00056080,2007-04-09,TMIN,-10
CHM00052983,2012-03-24,TMIN,-54
CHM00056080,2009-03-28,TMIN,-81
CHM00056046,2007-09-14,TMAX,123
CHM00056046,2008-07-19,TMIN,19
CHM00056046,2008-07-19,TMAX,199
CHM00052889,2007-12-31,TMIN,-116
CHM00052889,2005-03-31,TMIN,47
CHM00052983,2011-07-23,TMIN,134
CHM00052889,2005-03-31,TMAX,133
CHM00056080,2014-05-26,TMIN,20
CHM00056046,2009-02-01,TMIN,-145
CHM00056080,2014-05-26,TMAX,170
CHM00056046,2010-12-16,TMIN,-304
CHM00056046,2009-06-24,TMIN,85
CHM00056046,2009-06-24,TMAX,156
CHM00056046,2007-09-08,TMIN,38
CHM00056046,2009-02-01,TMAX,9
CHM00052889,2007-12-31,TMAX,-19
CHM00056080,2008-04-29,TMIN,30
CHM00056080,2008-04-29,TMAX,151
CHM00056046,2013-04-08,TMIN,-111
CHM00056046,2005-04-21,TMAX,90
CHM00056046,2009-06-06,TMIN,24
CHM00052983,2006-04-05,TMAX,80
CHM00056046,2013-04-08,TMAX,39
CHM00056080,2006-07-14,TMIN,147
CHM00056080,2006-07-14,TMAX,249
CHM00056046,2010-12-16,TMAX,-10
CHM00056046,2007-09-08,TMAX,117
CHM00052889,2005-06-17,TMAX,279
CHM00052983,2009-01-25,TMIN,-132
CHM00056046,2005-06-15,TMAX,144
CHM00056046,2005-06-15,TMIN,77
CHM00052889,2008-09-06,TMAX,254
CHM00052889,2008-09-06,TMIN,140
CHM00052983,2010-08-27,TMAX,271
CHM00052983,2005-05-01,TMAX,231
CHM00052889,2005-06-17,TMIN,144
CHM00052983,2005-05-01,TMIN,79
CHM00056046,2009-01-21,TMAX,-20
CHM00056046,2009-01-21,TMIN,-205
CHM00052983,2010-08-27,TMIN,73
CHM00056080,2015-11-08,TMAX,116
CHM00056080,2012-01-24,TMAX,-20
CHM00052983,2008-05-04,TMAX,229
CHM00056080,2012-01-24,TMIN,-228
CHM00052983,2014-08-21,TMAX,161
CHM00052983,2011-07-23,TMAX,314
CHM00056046,2005-04-21,TMIN,-29
CHM00052983,2009-01-25,TMAX,-6
CHM00056046,2015-11-19,TMAX,61
CHM00052889,2005-03-12,TMAX,79
CHM00052889,2005-03-12,TMIN,-87
CHM00056046,2015-11-19,TMIN,-146
CHM00052983,2013-12-02,TMAX,91
CHM00056046,2008-04-24,TMAX,84
CHM00052983,2013-12-02,TMIN,-70
CHM00052889,2006-02-27,TMAX,16
CHM00052983,2006-03-02,TMIN,-45
CHM00056046,2006-07-14,TMAX,209
CHM00052983,2006-03-02,TMAX,85
CHM00056080,2008-10-24,TMIN,-58
CHM00056080,2009-02-16,TMIN,-88
CHM00056080,2013-03-07,TMAX,142
CHM00056080,2013-03-07,TMIN,-113
CHM00052983,2008-02-27,TMIN,-65
CHM00052983,2008-02-27,TMAX,29
CHM00052983,2007-10-07,TMIN,4
CHM00056046,2006-07-14,TMIN,102
CHM00056080,2009-02-16,TMAX,61
CHM00056046,2008-04-28,TMAX,78
CHM00052983,2006-02-07,TMIN,-76
CHM00056046,2008-04-28,TMIN,-39
CHM00052983,2006-02-07,TMAX,27
CHM00056046,2008-02-24,TMAX,33
CHM00052983,2008-08-29,TMIN,83
CHM00052983,2007-10-07,TMAX,39
CHM00056046,2015-11-04,TMIN,-70
CHM00056046,2008-02-24,TMIN,-173
CHM00056080,2012-08-18,TMIN,89
CHM00052983,2015-07-01,TMIN,130
CHM00056080,2008-10-24,TMAX,103
CHM00056046,2015-06-02,TMIN,26
CHM00052983,2008-06-24,TMAX,236
CHM00056046,2012-07-30,TMAX,192
CHM00056046,2015-08-31,TMIN,56
CHM00052889,2006-02-27,TMIN,-64
CHM00052983,2013-10-23,TMIN,-19
CHM00056046,2012-07-30,TMIN,90
CHM00056046,2010-04-19,TMAX,145
CHM00056046,2010-04-19,TMIN,2
CHM00052983,2012-12-15,TMAX,34
CHM00056046,2009-05-05,TMIN,15
CHM00056046,2009-05-05,TMAX,108
CHM00052889,2005-06-04,TMIN,138
CHM00052889,2005-06-04,TMAX,230
CHM00056080,2008-05-28,TMAX,168
CHM00056080,2011-01-21,TMAX,0
CHM00052983,2011-03-06,TMAX,62
CHM00052983,2013-08-17,TMIN,151
CHM00056080,2011-01-21,TMIN,-179
CHM00052983,2015-05-10,TMAX,150
CHM00056080,2008-05-28,TMIN,42
CHM00052983,2012-08-10,TMAX,301
CHM00052983,2012-08-10,TMIN,179
CHM00056046,2015-02-14,TMIN,-191
CHM00056046,2015-02-14,TMAX,26
CHM00056046,2009-06-06,TMAX,133
CHM00056080,2012-08-18,TMAX,127
CHM00052983,2010-06-23,TMAX,285
CHM00056046,2008-09-07,TMIN,33
CHM00056046,2015-06-22,TMAX,158
CHM00056046,2012-01-24,TMAX,-47
CHM00056046,2012-01-24,TMIN,-187
CHM00052983,2011-07-07,TMAX,260
CHM00052983,2011-07-07,TMIN,117
CHM00056080,2015-01-20,TMAX,-9
CHM00052983,2009-05-11,TMIN,54
CHM00052889,2006-05-08,TMIN,131
CHM00052889,2006-05-08,TMAX,264
CHM00052983,2012-02-07,TMAX,-34
CHM00052983,2012-02-22,TMAX,27
CHM00056080,2010-11-15,TMAX,72
CHM00056080,2010-01-17,TMIN,-152
CHM00056080,2010-01-17,TMAX,118
CHM00056080,2010-11-15,TMIN,-114
CHM00052983,2013-04-12,TMIN,-4
CHM00052983,2013-04-12,TMAX,180
CHM00056080,2009-02-26,TMAX,2
CHM00056080,2009-02-26,TMIN,-103
CHM00056046,2008-05-28,TMAX,126
CHM00056046,2012-04-12,TMIN,-50
CHM00056046,2012-04-12,TMAX,51
CHM00052983,2012-02-07,TMIN,-151
CHM00052983,2012-03-15,TMAX,100
CHM00052983,2009-05-11,TMAX,127
CHM00056080,2015-06-13,TMIN,16
CHM00052983,2009-09-19,TMAX,161
CHM00056080,2010-02-27,TMAX,155
CHM00056080,2008-08-04,TMIN,57
CHM00052889,2006-12-23,TMIN,-130
CHM00052983,2010-01-21,TMIN,-140
CHM00052889,2006-12-23,TMAX,18
CHM00056046,2014-09-19,TMIN,-16
CHM00056046,2009-03-26,TMIN,-40
CHM00056046,2009-03-26,TMAX,76
CHM00056046,2008-06-24,TMAX,121
CHM00052983,2006-05-02,TMIN,110
CHM00052889,2007-01-03,TMIN,-41
CHM00056046,2008-09-13,TMIN,29
CHM00056046,2008-09-13,TMAX,138
CHM00056046,2008-05-10,TMIN,-19
CHM00052889,2007-01-03,TMAX,25
CHM00052983,2015-01-05,TMAX,-6
CHM00052983,2008-11-30,TMAX,68
CHM00056080,2009-06-24,TMIN,75
CHM00056080,2009-06-24,TMAX,235
CHM00052983,2008-11-30,TMIN,-87
CHM00056046,2012-08-08,TMIN,101
CHM00056046,2012-08-08,TMAX,206
CHM00056046,2008-05-28,TMIN,42
CHM00052889,2007-02-04,TMAX,112
CHM00056080,2015-02-07,TMAX,-4
CHM00056080,2006-01-29,TMAX,111
CHM00052983,2015-11-21,TMIN,-17
CHM00056046,2011-03-13,TMIN,-133
CHM00056046,2013-08-13,TMIN,4
CHM00056046,2008-05-10,TMAX,111
CHM00052983,2008-07-20,TMIN,131
CHM00056046,2005-03-19,TMIN,-74
CHM00052983,2006-04-02,TMAX,178
CHM00052983,2008-07-20,TMAX,273
CHM00056080,2009-05-19,TMAX,147
CHM00056080,2009-05-19,TMIN,26
CHM00052983,2006-06-07,TMIN,118
CHM00052983,2010-06-23,TMIN,138
CHM00056046,2008-09-08,TMIN,61
CHM00052889,2006-02-15,TMAX,8
CHM00052889,2006-02-15,TMIN,-60
CHM00056046,2008-09-08,TMAX,150
CHM00052889,2007-02-04,TMIN,-55
CHM00056046,2005-03-19,TMAX,122
CHM00056080,2005-09-30,TMAX,124
CHM00052983,2008-05-04,TMIN,42
CHM00056046,2008-09-07,TMAX,166
CHM00056046,2008-04-24,TMIN,-39
CHM00052889,2007-06-20,TMAX,209
CHM00056080,2006-10-07,TMAX,147
CHM00056046,2011-03-13,TMAX,1
CHM00056080,2006-10-07,TMIN,21
CHM00056046,2014-01-23,TMAX,71
CHM00052983,2012-07-18,TMAX,243
CHM00052983,2012-07-18,TMIN,139
CHM00056080,2011-04-21,TMIN,11
CHM00056080,2011-04-21,TMAX,81
CHM00056080,2011-06-07,TMIN,10
CHM00056080,2011-06-07,TMAX,228
CHM00052983,2015-07-11,TMAX,263
CHM00052983,2015-07-11,TMIN,97
CHM00052983,2007-06-20,TMAX,163
CHM00056080,2005-09-30,TMIN,63
CHM00052983,2014-10-09,TMAX,193
CHM00052983,2014-04-15,TMAX,209
CHM00056080,2014-01-24,TMAX,75
CHM00052983,2014-10-09,TMIN,53
CHM00056080,2009-05-05,TMIN,6
CHM00056080,2009-05-05,TMAX,214
CHM00052983,2006-04-02,TMIN,-3
CHM00056046,2014-01-23,TMIN,-196
CHM00052889,2007-08-06,TMAX,303
CHM00052889,2007-08-06,TMIN,193
CHM00052983,2006-06-07,TMAX,220
CHM00052889,2007-06-20,TMIN,136
CHM00052983,2011-08-01,TMAX,255
CHM00056046,2009-10-19,TMIN,-31
CHM00056046,2011-06-03,TMIN,52
CHM00052983,2011-02-08,TMIN,-92
CHM00052983,2008-02-21,TMIN,-75
CHM00052983,2010-06-25,TMIN,152
CHM00052983,2007-09-05,TMIN,76
CHM00052983,2007-09-05,TMAX,202
CHM00052889,2007-02-24,TMIN,5
CHM00056080,2015-10-10,TMAX,108
CHM00052983,2008-03-12,TMAX,121
CHM00052983,2010-06-25,TMAX,245
CHM00056080,2012-10-31,TMIN,-83
CHM00056080,2006-05-28,TMAX,136
CHM00052983,2008-02-21,TMAX,114
CHM00056080,2006-05-28,TMIN,20
CHM00052983,2008-03-28,TMAX,58
CHM00056080,2013-03-04,TMAX,93
CHM00052983,2010-03-31,TMAX,69
CHM00052983,2008-05-11,TMAX,215
CHM00052889,2005-07-16,TMIN,162
CHM00052889,2005-10-05,TMAX,177
CHM00056080,2013-03-04,TMIN,-114
CHM00052889,2005-10-05,TMIN,68
CHM00052889,2005-07-16,TMAX,339
CHM00056080,2012-10-31,TMAX,91
CHM00056080,2010-06-28,TMAX,189
CHM00052983,2015-05-27,TMAX,250
CHM00056046,2007-01-20,TMIN,-259
CHM00052889,2007-02-24,TMAX,167
CHM00052983,2006-02-22,TMAX,27
CHM00056046,2014-01-30,TMIN,-214
CHM00056080,2010-06-29,TMAX,144
CHM00052889,2008-08-01,TMAX,237
CHM00056080,2010-06-28,TMIN,109
CHM00056046,2006-10-07,TMIN,-50
CHM00056046,2006-10-07,TMAX,89
CHM00052889,2006-06-01,TMAX,266
CHM00052983,2007-04-18,TMIN,17
CHM00052983,2007-04-18,TMAX,257
CHM00056046,2007-10-02,TMAX,154
CHM00056046,2007-01-20,TMAX,-56
CHM00056046,2014-01-24,TMAX,14
CHM00056046,2007-10-02,TMIN,36
CHM00056046,2012-08-18,TMIN,82
CHM00056046,2012-08-18,TMAX,117
CHM00052889,2006-06-26,TMIN,113
CHM00052983,2014-09-17,TMIN,97
CHM00052889,2006-06-26,TMAX,325
CHM00052983,2015-01-01,TMAX,34
CHM00052983,2015-01-01,TMIN,-132
CHM00052889,2006-06-01,TMIN,124
CHM00056080,2014-08-30,TMAX,196
CHM00052983,2014-10-16,TMIN,47
CHM00056080,2005-03-12,TMIN,-60
CHM00056046,2007-08-06,TMAX,164
CHM00052983,2010-11-08,TMIN,-51
CHM00056080,2010-11-10,TMIN,-100
CHM00056080,2010-11-10,TMAX,97
CHM00052983,2015-11-02,TMIN,-30
CHM00056046,2009-11-18,TMAX,11
CHM00056080,2012-01-27,TMAX,6
CHM00052983,2011-02-09,TMAX,50
CHM00056046,2015-09-06,TMIN,52
CHM00056080,2012-01-27,TMIN,-174
CHM00052983,2011-03-26,TMAX,94
CHM00052983,2012-07-28,TMIN,180
CHM00056046,2009-11-18,TMIN,-63
CHM00056080,2015-11-04,TMAX,93
CHM00052983,2007-12-26,TMAX,19
CHM00052983,2012-07-28,TMAX,264
CHM00056080,2011-05-03,TMAX,129
CHM00052983,2011-08-31,TMAX,286
CHM00056080,2008-12-30,TMIN,-178
CHM00056080,2011-01-19,TMAX,-60
CHM00056080,2012-02-04,TMIN,-156
CHM00056080,2012-02-04,TMAX,79
CHM00052983,2013-01-19,TMAX,-37
CHM00056080,2011-01-19,TMIN,-141
CHM00052983,2012-02-10,TMAX,-22
CHM00052983,2008-03-28,TMIN,15
CHM00052983,2012-02-10,TMIN,-157
CHM00052983,2008-07-23,TMAX,307
CHM00056046,2014-12-07,TMIN,-173
CHM00056080,2011-06-16,TMAX,200
CHM00056046,2010-03-14,TMAX,38
CHM00056046,2014-12-07,TMAX,23
CHM00052983,2014-10-16,TMAX,93
CHM00056046,2010-03-14,TMIN,-66
CHM00056080,2010-04-15,TMAX,124
CHM00052983,2010-11-08,TMAX,127
CHM00056080,2014-12-06,TMAX,40
CHM00052889,2007-02-17,TMAX,76
CHM00056046,2009-02-16,TMIN,-136
CHM00056080,2012-10-03,TMIN,34
CHM00056080,2012-10-03,TMAX,140
CHM00056046,2009-02-16,TMAX,57
CHM00052889,2007-02-17,TMIN,-30
CHM00056080,2009-09-07,TMAX,227
CHM00056080,2009-10-14,TMIN,-8
CHM00056080,2009-10-14,TMAX,119
CHM00056080,2012-07-06,TMAX,183
CHM00056080,2012-07-06,TMIN,100
CHM00056080,2009-09-07,TMIN,85
CHM00052983,2008-12-02,TMIN,-78
CHM00052983,2008-12-02,TMAX,70
CHM00056046,2007-08-06,TMIN,89
CHM00052983,2011-02-08,TMAX,62
CHM00052983,2006-02-22,TMIN,-62
CHM00052983,2013-03-23,TMAX,182
CHM00056046,2006-05-28,TMIN,4
CHM00056046,2013-08-18,TMAX,218
CHM00056080,2008-03-11,TMIN,-29
CHM00056046,2013-08-18,TMIN,42
CHM00056080,2010-04-19,TMAX,110
CHM00056080,2010-04-19,TMIN,7
CHM00052889,2005-10-17,TMIN,0
CHM00052889,2005-10-17,TMAX,156
CHM00056080,2008-03-11,TMAX,104
CHM00052889,2005-05-20,TMAX,166
CHM00052983,2007-08-18,TMAX,259
CHM00052889,2005-05-20,TMIN,89
CHM00056046,2006-01-29,TMIN,-128
CHM00056046,2014-05-05,TMAX,102
CHM00056080,2014-06-11,TMIN,65
CHM00056046,2006-02-15,TMAX,-20
CHM00056080,2014-06-11,TMAX,148
CHM00052889,2005-06-24,TMIN,158
CHM00056046,2006-02-15,TMIN,-154
CHM00056080,2009-11-18,TMIN,-137
CHM00052889,2005-06-24,TMAX,257
CHM00052889,2007-01-14,TMAX,0
CHM00052983,2006-02-20,TMAX,66
CHM00052983,2007-08-18,TMIN,153
CHM00056046,2006-05-28,TMAX,115
CHM00056080,2007-06-23,TMIN,38
CHM00056046,2011-06-03,TMAX,161
CHM00052983,2008-08-29,TMAX,159
CHM00052889,2005-03-22,TMAX,110
CHM00052889,2005-03-22,TMIN,28
CHM00052889,2007-09-25,TMAX,247
CHM00052889,2007-09-25,TMIN,148
CHM00056080,2007-06-23,TMAX,199
CHM00052983,2010-03-09,TMAX,23
CHM00056080,2008-02-26,TMAX,-38
CHM00052983,2010-03-09,TMIN,-147
CHM00052983,2013-04-23,TMAX,177
CHM00052983,2005-04-27,TMIN,59
CHM00056080,2008-02-26,TMIN,-160
CHM00056080,2007-09-08,TMAX,134
CHM00056080,2007-09-08,TMIN,56
CHM00056080,2008-02-19,TMAX,-12
CHM00052983,2005-04-27,TMAX,267
CHM00056080,2010-08-26,TMIN,76
CHM00056080,2011-06-16,TMIN,98
CHM00056080,2010-08-26,TMAX,200
CHM00056046,2008-03-29,TMAX,39
CHM00056080,2008-02-19,TMIN,-141
CHM00056046,2008-03-29,TMIN,-44
CHM00052889,2007-01-14,TMIN,-52
CHM00052983,2008-12-18,TMAX,80
CHM00056080,2009-11-18,TMAX,-25
CHM00056046,2015-10-25,TMAX,118
CHM00056080,2014-09-11,TMAX,164
CHM00056046,2015-01-20,TMIN,-294
CHM00056046,2015-01-20,TMAX,-79
CHM00052889,2006-07-14,TMIN,203
CHM00052889,2006-07-14,TMAX,326
CHM00056046,2010-02-27,TMAX,80
CHM00056046,2008-12-18,TMAX,24
CHM00056046,2008-12-18,TMIN,-165
CHM00056080,2015-06-02,TMAX,112
CHM00056046,2009-09-07,TMAX,206
CHM00052983,2008-12-18,TMIN,-107
CHM00056046,2009-09-07,TMIN,33
CHM00052983,2014-09-17,TMAX,203
CHM00052983,2013-03-23,TMIN,-11
CHM00052983,2013-09-14,TMIN,89
CHM00052983,2012-11-22,TMAX,-22
CHM00056046,2014-01-30,TMAX,43
CHM00056080,2010-06-29,TMIN,90
CHM00056046,2008-04-20,TMAX,120
CHM00056046,2008-04-20,TMIN,-23
CHM00056080,2009-09-26,TMAX,130
CHM00056080,2005-03-12,TMAX,107
CHM00056080,2015-06-02,TMIN,57
CHM00056080,2009-09-26,TMIN,34
CHM00056046,2010-02-27,TMIN,-142
CHM00052983,2006-02-20,TMIN,-74
CHM00052983,2014-09-11,TMAX,164
CHM00056080,2011-03-27,TMAX,75
CHM00056080,2005-04-25,TMAX,161
CHM00056080,2005-04-25,TMIN,-3
CHM00056046,2014-10-17,TMAX,114
CHM00056080,2009-01-21,TMAX,47
CHM00056080,2009-01-21,TMIN,-191
CHM00056080,2011-03-27,TMIN,-105
CHM00056046,2014-05-05,TMIN,-29
CHM00056046,2006-01-29,TMAX,74
CHM00056046,2014-08-17,TMAX,177
CHM00056080,2013-04-16,TMIN,-54
CHM00052983,2008-01-04,TMAX,47
CHM00056080,2009-06-21,TMAX,131
CHM00056046,2005-03-12,TMAX,19
CHM00056046,2005-03-12,TMIN,-53
CHM00056080,2013-04-16,TMAX,156
CHM00056046,2007-06-26,TMIN,-3
CHM00056080,2006-02-15,TMAX,-37
CHM00056046,2007-06-26,TMAX,141
CHM00056046,2007-10-01,TMIN,55
CHM00056080,2006-02-15,TMIN,-118
CHM00056080,2009-06-21,TMIN,86
CHM00056046,2015-10-25,TMIN,-69
CHM00056046,2012-11-20,TMIN,-83
CHM00052983,2010-09-14,TMIN,130
CHM00056046,2015-02-04,TMIN,-185
CHM00056046,2015-01-19,TMAX,-57
CHM00056046,2009-11-03,TMAX,27
CHM00052889,2008-07-19,TMIN,162
CHM00056046,2009-11-03,TMIN,-50
CHM00056080,2015-03-24,TMAX,104
CHM00056080,2006-06-07,TMAX,132
CHM00056046,2012-12-08,TMIN,-201
CHM00056046,2015-01-19,TMIN,-325
CHM00056080,2014-10-12,TMIN,-52
CHM00056080,2014-10-12,TMAX,51
CHM00056046,2011-07-23,TMIN,32
CHM00056046,2010-11-08,TMAX,29
CHM00056046,2010-11-08,TMIN,-114
CHM00056080,2014-07-20,TMAX,225
CHM00056046,2012-12-08,TMAX,19
CHM00052983,2007-10-28,TMAX,69
CHM00056046,2011-07-23,TMAX,208
CHM00052983,2006-06-12,TMAX,237
CHM00052983,2009-03-30,TMIN,-27
CHM00056080,2006-06-07,TMIN,66
CHM00056046,2015-11-23,TMAX,111
CHM00052983,2008-10-12,TMAX,172
CHM00056046,2015-11-23,TMIN,-131
CHM00056080,2008-10-18,TMAX,84
CHM00056080,2009-11-21,TMAX,13
CHM00052889,2007-03-16,TMAX,43
CHM00056080,2009-11-21,TMIN,-190
CHM00052983,2007-01-07,TMAX,-42
CHM00052983,2008-08-11,TMAX,230
CHM00052889,2006-02-14,TMIN,-10
CHM00056080,2013-12-07,TMAX,100
CHM00052889,2006-02-14,TMAX,30
CHM00056080,2006-06-04,TMAX,220
CHM00056080,2008-10-18,TMIN,4
CHM00056046,2012-11-29,TMIN,-120
CHM00056080,2014-10-30,TMAX,106
CHM00056046,2012-11-29,TMAX,9
CHM00056046,2012-08-15,TMIN,63
CHM00052983,2008-05-31,TMIN,89
CHM00052983,2007-01-07,TMIN,-172
CHM00052983,2008-05-31,TMAX,265
CHM00056080,2007-04-06,TMIN,-68
CHM00056080,2007-04-06,TMAX,81
CHM00056080,2012-10-08,TMAX,76
CHM00056080,2012-10-08,TMIN,25
CHM00052983,2009-03-30,TMAX,135
CHM00052983,2006-02-24,TMIN,-38
CHM00056046,2013-04-02,TMIN,-91
CHM00056080,2005-07-27,TMIN,112
CHM00056080,2005-07-27,TMAX,145
CHM00056046,2012-03-15,TMAX,19
CHM00056046,2010-09-11,TMAX,176
CHM00052983,2012-03-13,TMIN,-39
CHM00056046,2012-10-07,TMAX,95
CHM00052983,2010-04-28,TMAX,199
CHM00052889,2008-10-20,TMIN,63
CHM00052889,2006-04-03,TMAX,175
CHM00056046,2012-03-15,TMIN,-84
CHM00052983,2012-03-13,TMAX,115
CHM00056080,2012-03-02,TMIN,-77
CHM00052889,2008-10-20,TMAX,217
CHM00052889,2006-12-16,TMAX,-16
CHM00052983,2012-07-25,TMAX,270
CHM00056080,2012-03-02,TMAX,59
CHM00052983,2012-07-25,TMIN,114
CHM00056080,2015-11-07,TMAX,48
CHM00056080,2008-09-21,TMAX,194
CHM00056046,2012-12-10,TMAX,-14
CHM00056080,2008-09-21,TMIN,97
CHM00052983,2006-12-23,TMAX,39
CHM00056046,2014-09-09,TMIN,71
CHM00052889,2005-04-01,TMIN,21
CHM00056080,2007-04-19,TMIN,-26
CHM00056080,2007-04-19,TMAX,175
CHM00052983,2015-02-14,TMIN,-72
CHM00052889,2005-04-01,TMAX,138
CHM00056046,2009-11-01,TMIN,-103
CHM00056046,2009-11-01,TMAX,52
CHM00056046,2008-06-28,TMIN,3
CHM00052983,2006-02-24,TMAX,81
CHM00056046,2014-06-17,TMAX,162
CHM00056046,2014-06-17,TMIN,-9
CHM00056080,2010-01-16,TMIN,-168
CHM00056046,2008-06-28,TMAX,165
CHM00052983,2015-02-14,TMAX,92
CHM00056080,2010-01-16,TMAX,101
CHM00052983,2008-08-05,TMAX,294
CHM00052983,2008-08-05,TMIN,128
CHM00056046,2010-09-11,TMIN,7
CHM00056046,2013-04-02,TMAX,66
CHM00056080,2013-04-04,TMAX,104
CHM00052889,2007-03-16,TMIN,6
CHM00056046,2008-07-13,TMIN,63
CHM00056046,2008-07-13,TMAX,126
CHM00056046,2012-12-10,TMIN,-103
CHM00056080,2006-07-04,TMAX,235
CHM00056046,2009-09-13,TMAX,187
CHM00056046,2009-05-23,TMIN,34
CHM00056046,2006-04-26,TMIN,-47
CHM00056080,2007-11-01,TMAX,81
CHM00056046,2006-04-26,TMAX,100
CHM00052983,2013-12-08,TMAX,2
CHM00052889,2008-11-22,TMAX,50
CHM00056046,2009-09-13,TMIN,69
CHM00056080,2008-06-24,TMIN,62
CHM00052983,2010-09-04,TMIN,51
CHM00056080,2015-05-17,TMAX,198
CHM00052983,2013-08-29,TMIN,84
CHM00056080,2015-05-17,TMIN,9
CHM00056080,2007-11-01,TMIN,-78
CHM00052983,2010-09-04,TMAX,240
CHM00052983,2006-03-18,TMIN,-39
CHM00052983,2007-06-23,TMAX,251
CHM00056080,2006-07-04,TMIN,108
CHM00056080,2010-09-17,TMAX,247
CHM00056046,2011-01-23,TMIN,-180
CHM00056080,2012-10-15,TMAX,118
CHM00052889,2005-06-15,TMIN,149
CHM00052983,2007-06-23,TMIN,88
CHM00056080,2008-01-03,TMIN,-146
CHM00056046,2007-03-11,TMAX,46
CHM00056046,2013-01-27,TMAX,-7
CHM00056046,2013-01-27,TMIN,-262
CHM00052889,2007-09-18,TMIN,81
CHM00052983,2014-06-13,TMAX,147
CHM00052889,2007-09-18,TMAX,249
CHM00052983,2006-03-18,TMAX,117
CHM00052983,2014-10-20,TMAX,154
CHM00056080,2010-09-17,TMIN,119
CHM00056046,2010-08-27,TMAX,189
CHM00056046,2010-08-27,TMIN,2
CHM00056046,2013-06-18,TMAX,204
CHM00052889,2006-10-20,TMAX,221
CHM00056046,2009-05-23,TMAX,106
CHM00056046,2011-01-23,TMAX,-38
CHM00056046,2014-09-09,TMAX,146
CHM00052889,2008-11-22,TMIN,24
CHM00056046,2007-03-11,TMIN,-120
CHM00052889,2008-05-21,TMIN,114
CHM00052983,2014-01-22,TMAX,119
CHM00056046,2006-01-10,TMIN,-229
CHM00052889,2007-11-01,TMIN,-3
CHM00052889,2007-11-01,TMAX,101
CHM00056080,2013-01-24,TMAX,40
CHM00056080,2008-04-23,TMIN,-61
CHM00056046,2009-07-27,TMAX,159
CHM00056046,2009-07-27,TMIN,2
CHM00056080,2007-03-16,TMAX,9
CHM00056080,2007-03-16,TMIN,-81
CHM00056046,2007-08-24,TMIN,72
CHM00056080,2008-04-23,TMAX,111
CHM00056046,2015-11-13,TMIN,-117
CHM00056046,2008-09-11,TMAX,140
CHM00052983,2008-08-11,TMIN,96
CHM00052889,2005-04-17,TMIN,3
CHM00052889,2005-04-17,TMAX,185
CHM00056080,2012-03-31,TMAX,103
CHM00056080,2012-03-31,TMIN,-104
CHM00052983,2009-10-21,TMAX,137
CHM00052983,2009-10-21,TMIN,-1
CHM00056046,2012-08-15,TMAX,195
CHM00056046,2008-09-11,TMIN,7
CHM00056046,2012-10-07,TMIN,-4
CHM00052889,2005-03-11,TMAX,34
CHM00052889,2005-03-11,TMIN,-41
CHM00056046,2008-10-22,TMIN,-75
CHM00052983,2014-01-22,TMIN,-124
CHM00056046,2008-10-22,TMAX,7
CHM00056046,2011-11-06,TMAX,36
CHM00052889,2008-05-21,TMAX,285
CHM00056046,2009-10-09,TMAX,66
CHM00052983,2007-10-16,TMIN,2
CHM00052983,2007-10-16,TMAX,141
CHM00056080,2009-09-30,TMIN,45
CHM00056080,2013-12-06,TMAX,65
CHM00056046,2009-10-09,TMIN,-11
CHM00056046,2015-12-02,TMIN,-186
CHM00056046,2007-08-24,TMAX,163
CHM00056046,2011-11-06,TMIN,-59
CHM00056080,2013-01-24,TMIN,-199
CHM00056080,2006-06-04,TMIN,52
CHM00056046,2006-01-10,TMAX,38
CHM00056080,2013-12-07,TMIN,-156
CHM00056046,2015-12-02,TMAX,10
CHM00056080,2009-09-30,TMAX,135
CHM00056080,2013-12-06,TMIN,-145
CHM00052983,2013-02-27,TMIN,-19
CHM00056046,2013-07-21,TMAX,119
CHM00056080,2011-02-01,TMIN,-229
CHM00056046,2009-09-30,TMIN,6
CHM00056046,2009-09-30,TMAX,109
CHM00056080,2006-03-22,TMIN,-58
CHM00056080,2009-11-03,TMIN,-33
CHM00056080,2015-02-24,TMAX,72
CHM00056046,2005-04-11,TMIN,-46
CHM00056046,2005-04-11,TMAX,29
CHM00056080,2007-03-03,TMIN,-117
CHM00056080,2007-03-03,TMAX,34
CHM00052983,2012-06-22,TMAX,317
CHM00056080,2006-04-28,TMAX,159
CHM00056080,2006-04-28,TMIN,-44
CHM00056080,2008-11-10,TMAX,145
CHM00056080,2008-11-10,TMIN,-60
CHM00056080,2006-07-08,TMAX,215
CHM00056046,2007-04-06,TMAX,85
CHM00052889,2008-07-27,TMIN,226
CHM00052889,2008-07-27,TMAX,354
CHM00056080,2005-07-21,TMAX,206
CHM00056080,2009-11-03,TMAX,118
CHM00056046,2009-06-10,TMAX,82
CHM00052983,2014-04-20,TMAX,86
CHM00056046,2012-03-02,TMAX,-32
CHM00052983,2009-02-17,TMAX,99
CHM00056080,2008-08-02,TMIN,76
CHM00056080,2006-07-08,TMIN,76
CHM00056080,2005-05-19,TMIN,-13
CHM00056080,2008-08-02,TMAX,186
CHM00052983,2008-08-30,TMAX,204
CHM00052983,2012-10-11,TMIN,51
CHM00056080,2011-01-27,TMAX,-56
CHM00052983,2012-10-11,TMAX,151
CHM00056046,2012-12-15,TMAX,12
CHM00056080,2005-05-19,TMAX,145
CHM00052983,2009-02-17,TMIN,-27
CHM00056080,2015-06-26,TMAX,235
CHM00056046,2007-04-06,TMIN,-93
CHM00052983,2007-04-14,TMAX,143
CHM00056080,2005-01-09,TMAX,20
CHM00052889,2007-03-06,TMAX,59
CHM00052983,2007-04-14,TMIN,17
CHM00052889,2007-03-06,TMIN,-38
CHM00056046,2012-03-02,TMIN,-110
CHM00056080,2005-01-09,TMIN,-169
CHM00056080,2011-01-27,TMIN,-140
CHM00052983,2015-01-03,TMAX,94
CHM00056046,2012-12-15,TMIN,-178
CHM00052983,2009-06-11,TMAX,228
CHM00052889,2007-01-18,TMAX,2
CHM00052983,2015-10-04,TMIN,28
CHM00052983,2014-02-11,TMAX,-14
CHM00056046,2015-10-29,TMAX,85
CHM00052983,2008-10-26,TMIN,-16
CHM00056046,2010-03-02,TMIN,-118
CHM00056046,2007-01-04,TMAX,11
CHM00056046,2014-07-08,TMAX,172
CHM00056046,2007-01-04,TMIN,-197
CHM00056046,2012-07-14,TMAX,144
CHM00056046,2010-09-13,TMIN,7
CHM00056080,2008-03-05,TMIN,-37
CHM00056080,2008-03-05,TMAX,49
CHM00056046,2010-09-13,TMAX,205
CHM00052983,2008-01-07,TMAX,9
CHM00052983,2008-01-07,TMIN,-129
CHM00056046,2010-03-02,TMAX,69
CHM00056080,2010-08-27,TMAX,219
CHM00056080,2009-12-05,TMAX,90
CHM00056046,2011-07-18,TMIN,10
CHM00052889,2007-01-18,TMIN,-106
CHM00056046,2009-10-05,TMAX,147
CHM00052983,2010-02-28,TMAX,109
CHM00052983,2009-02-22,TMAX,86
CHM00052983,2013-10-05,TMIN,41
CHM00056046,2014-10-12,TMIN,-38
CHM00056046,2013-06-04,TMIN,24
CHM00056046,2013-06-04,TMAX,168
CHM00056046,2014-06-06,TMIN,37
CHM00052889,2008-05-09,TMIN,102
CHM00052983,2009-01-01,TMAX,-7
CHM00052983,2009-02-22,TMIN,-70
CHM00052983,2009-01-01,TMIN,-121
CHM00052889,2008-05-09,TMAX,215
CHM00056046,2014-10-12,TMAX,65
CHM00056046,2014-06-06,TMAX,162
CHM00052983,2014-02-11,TMIN,-127
CHM00056046,2011-07-18,TMAX,173
CHM00056080,2009-12-05,TMIN,-133
CHM00052983,2006-07-04,TMAX,291
CHM00056046,2011-02-20,TMIN,-204
CHM00052983,2010-06-12,TMAX,255
CHM00056046,2009-05-27,TMIN,88
CHM00056046,2010-08-14,TMAX,177
CHM00052889,2006-05-19,TMAX,250
CHM00056046,2008-03-08,TMAX,15
CHM00056046,2010-09-14,TMIN,9
CHM00056046,2010-09-14,TMAX,220
CHM00056046,2015-01-03,TMIN,-183
CHM00056080,2006-07-15,TMIN,158
CHM00056080,2009-10-09,TMIN,25
CHM00056080,2011-07-11,TMAX,180
CHM00056080,2006-07-15,TMAX,251
CHM00056080,2011-07-11,TMIN,39
CHM00056046,2015-11-26,TMAX,39
CHM00052983,2009-04-26,TMAX,189
CHM00052983,2009-04-26,TMIN,41
CHM00052889,2006-01-22,TMIN,-101
CHM00052889,2006-01-22,TMAX,-4
CHM00056080,2005-04-11,TMIN,-68
CHM00056080,2011-03-12,TMAX,102
CHM00056080,2013-02-26,TMAX,131
CHM00056080,2005-04-11,TMAX,-9
CHM00052889,2008-07-18,TMIN,175
CHM00056046,2009-10-05,TMIN,-62
CHM00056080,2009-10-09,TMAX,72
CHM00056046,2015-11-26,TMIN,-112
CHM00056080,2010-07-02,TMIN,118
CHM00052889,2008-08-06,TMAX,330
CHM00056046,2015-10-29,TMIN,-88
CHM00056080,2011-06-06,TMAX,183
CHM00056080,2011-06-06,TMIN,32
CHM00052889,2006-04-03,TMIN,106
CHM00056046,2013-02-27,TMIN,-127
CHM00052983,2015-02-04,TMAX,-12
CHM00052889,2006-12-16,TMIN,-173
CHM00056046,2013-02-27,TMAX,91
CHM00052983,2010-04-28,TMIN,39
CHM00052889,2005-04-25,TMAX,247
CHM00056046,2011-01-19,TMAX,-82
CHM00056080,2011-02-01,TMAX,45
CHM00056046,2010-10-10,TMAX,56
CHM00052983,2013-03-08,TMAX,241
CHM00056080,2013-02-26,TMIN,-71
CHM00052983,2013-03-08,TMIN,-14
CHM00056046,2014-11-03,TMAX,52
CHM00052889,2008-08-06,TMIN,197
CHM00056080,2013-10-22,TMAX,119
CHM00056046,2011-01-19,TMIN,-137
CHM00056046,2005-05-10,TMIN,-9
CHM00052889,2008-07-18,TMAX,335
CHM00056046,2005-05-10,TMAX,71
CHM00056046,2008-01-03,TMIN,-183
CHM00056080,2005-07-21,TMIN,65
CHM00056080,2011-01-20,TMIN,-241
CHM00056046,2005-07-27,TMIN,89
CHM00056046,2005-07-27,TMAX,191
CHM00056080,2009-09-13,TMAX,105
CHM00056080,2009-09-13,TMIN,81
CHM00056080,2013-01-20,TMAX,-78
CHM00052889,2005-04-25,TMIN,22
CHM00056080,2015-06-26,TMIN,86
CHM00056046,2006-07-15,TMAX,224
CHM00056080,2011-01-20,TMAX,-16
CHM00056046,2009-06-10,TMIN,13
CHM00056046,2011-02-20,TMAX,22
CHM00052983,2009-09-26,TMIN,40
CHM00052983,2009-09-26,TMAX,194
CHM00056046,2010-08-14,TMIN,76
CHM00052983,2011-10-08,TMAX,160
CHM00052983,2010-03-05,TMAX,-12
CHM00052889,2006-05-19,TMIN,85
CHM00056046,2008-03-08,TMIN,-140
CHM00056046,2014-07-23,TMAX,105
CHM00056046,2014-01-06,TMIN,-180
CHM00056046,2006-07-15,TMIN,114
CHM00056080,2009-09-20,TMIN,15
CHM00056046,2006-04-28,TMAX,86
CHM00056080,2011-03-12,TMIN,-147
CHM00056046,2014-01-28,TMAX,-16
CHM00052983,2013-03-11,TMAX,95
CHM00052983,2013-03-11,TMIN,-11
CHM00056080,2010-07-02,TMAX,178
CHM00056046,2008-01-09,TMAX,52
CHM00056046,2008-01-03,TMAX,60
CHM00056046,2007-04-19,TMIN,-80
CHM00052889,2007-08-19,TMAX,306
CHM00056046,2007-04-19,TMAX,177
CHM00056046,2010-10-10,TMIN,-12
CHM00056080,2007-06-19,TMAX,68
CHM00052889,2008-12-09,TMAX,85
CHM00056080,2007-06-19,TMIN,2
CHM00056046,2006-04-28,TMIN,-63
CHM00052889,2008-12-09,TMIN,-62
CHM00056080,2009-09-20,TMAX,160
CHM00052983,2008-10-26,TMAX,126
CHM00052889,2007-08-19,TMIN,214
CHM00056046,2008-01-09,TMIN,-157
CHM00056080,2010-08-27,TMIN,37
CHM00052983,2013-02-27,TMAX,164
CHM00056080,2008-10-25,TMAX,71
CHM00056080,2012-07-31,TMAX,143
CHM00056046,2015-11-07,TMAX,13
CHM00052983,2010-11-05,TMAX,143
CHM00052983,2006-10-07,TMAX,176
CHM00052983,2007-08-24,TMAX,268
CHM00052983,2007-08-24,TMIN,144
CHM00056080,2008-10-17,TMIN,5
CHM00052983,2010-11-05,TMIN,-33
CHM00056080,2013-09-29,TMAX,207
CHM00056080,2011-07-10,TMIN,42
CHM00056080,2011-07-10,TMAX,165
CHM00056080,2012-09-27,TMIN,36
CHM00052983,2012-07-01,TMIN,114
CHM00052983,2012-07-01,TMAX,273
CHM00052983,2006-05-27,TMAX,230
CHM00056080,2009-07-23,TMAX,235
CHM00056080,2009-07-23,TMIN,54
CHM00052983,2006-05-27,TMIN,42
CHM00056046,2005-05-12,TMIN,6
CHM00056080,2012-07-31,TMIN,96
CHM00056080,2013-06-21,TMAX,119
CHM00056046,2012-07-22,TMIN,79
CHM00056046,2012-07-22,TMAX,127
CHM00056046,2007-10-06,TMAX,199
CHM00056046,2009-06-08,TMAX,115
CHM00056046,2007-10-06,TMIN,14
CHM00056046,2006-12-25,TMAX,4
CHM00056080,2010-09-14,TMAX,275
CHM00052983,2014-01-27,TMIN,-76
CHM00056080,2015-11-26,TMIN,-127
CHM00056046,2009-06-08,TMIN,53
CHM00052983,2014-01-27,TMAX,71
CHM00052983,2010-07-23,TMAX,271
CHM00056046,2013-09-12,TMIN,-49
CHM00056080,2010-09-14,TMIN,96
CHM00052983,2011-06-05,TMAX,240
CHM00056080,2006-05-09,TMIN,7
CHM00052983,2007-03-23,TMAX,116
CHM00056080,2006-05-09,TMAX,123
CHM00052983,2007-02-26,TMIN,-40
CHM00052983,2010-03-27,TMIN,-46
CHM00056080,2013-06-21,TMIN,83
CHM00052983,2010-03-27,TMAX,148
CHM00056080,2013-11-14,TMIN,-101
CHM00056080,2013-11-14,TMAX,49
CHM00052983,2010-07-23,TMIN,155
CHM00056046,2010-11-30,TMAX,-8
CHM00052983,2006-07-15,TMAX,313
CHM00056080,2014-08-04,TMAX,163
CHM00056080,2012-09-27,TMAX,132
CHM00056046,2011-07-11,TMIN,10
CHM00056046,2007-01-18,TMIN,-188
CHM00056080,2015-06-11,TMIN,30
CHM00056080,2015-06-11,TMAX,194
CHM00056046,2007-01-18,TMAX,-84
CHM00056046,2005-03-11,TMAX,67
CHM00052889,2008-06-01,TMAX,255
CHM00052983,2006-03-22,TMAX,60
CHM00056080,2008-03-08,TMIN,-69
CHM00056080,2006-02-09,TMAX,36
CHM00056080,2008-03-08,TMAX,80
CHM00056046,2005-03-11,TMIN,-52
CHM00052983,2012-12-04,TMIN,-111
CHM00056046,2009-06-20,TMAX,213
CHM00056046,2013-06-27,TMIN,12
CHM00056080,2006-02-09,TMIN,-54
CHM00052983,2006-07-15,TMIN,198
CHM00056080,2014-08-04,TMIN,102
CHM00056046,2011-07-11,TMAX,124
CHM00056046,2006-02-14,TMIN,-117
CHM00052889,2008-10-14,TMIN,66
CHM00052889,2006-02-09,TMIN,-28
CHM00052889,2006-02-09,TMAX,55
CHM00056046,2010-11-30,TMIN,-166
CHM00056080,2011-07-23,TMAX,248
CHM00056080,2011-07-23,TMIN,69
CHM00056046,2005-05-12,TMAX,88
CHM00052889,2006-04-28,TMAX,247
CHM00056046,2009-06-20,TMIN,78
CHM00052889,2008-10-14,TMAX,201
CHM00056046,2014-10-30,TMAX,55
CHM00056046,2006-05-09,TMIN,-14
CHM00056046,2006-01-22,TMAX,-6
CHM00056046,2006-05-09,TMAX,111
CHM00056046,2006-02-14,TMAX,12
CHM00056046,2011-01-21,TMAX,-57
CHM00052983,2014-03-10,TMAX,134
CHM00052983,2014-03-10,TMIN,-30
CHM00056080,2012-07-08,TMAX,182
CHM00056046,2011-01-21,TMIN,-176
CHM00056046,2006-01-22,TMIN,-134
CHM00052983,2010-05-28,TMIN,103
CHM00052889,2006-10-09,TMAX,228
CHM00056046,2006-12-25,TMIN,-229
CHM00056080,2005-05-10,TMAX,163
CHM00056046,2005-04-17,TMIN,-42
CHM00056046,2005-04-17,TMAX,45
CHM00052983,2014-07-16,TMIN,119
CHM00052983,2008-02-17,TMIN,-102
CHM00056046,2011-10-16,TMAX,47
CHM00052889,2008-06-28,TMIN,165
CHM00052889,2008-06-28,TMAX,337
CHM00056080,2005-05-10,TMIN,6
CHM00052983,2015-01-20,TMAX,30
CHM00052983,2015-06-19,TMAX,240
CHM00052983,2014-07-16,TMAX,282
CHM00056080,2009-05-21,TMAX,167
CHM00056080,2009-05-21,TMIN,43
CHM00056046,2007-08-12,TMAX,147
CHM00052889,2007-09-11,TMIN,159
CHM00056046,2007-08-12,TMIN,29
CHM00056080,2006-01-22,TMIN,-120
CHM00056080,2014-07-10,TMAX,202
CHM00056046,2011-10-16,TMIN,-89
CHM00056046,2007-02-08,TMIN,-160
CHM00056046,2006-05-19,TMAX,160
CHM00052983,2008-02-17,TMAX,30
CHM00052889,2005-04-14,TMAX,182
CHM00056046,2006-02-09,TMAX,1
CHM00052889,2007-09-30,TMAX,158
CHM00056046,2007-10-23,TMIN,-42
CHM00056046,2015-02-24,TMIN,-109
CHM00056080,2013-02-18,TMAX,-43
CHM00056046,2007-10-23,TMAX,25
CHM00052889,2005-04-14,TMIN,-25
CHM00056046,2007-02-08,TMAX,9
CHM00056046,2012-05-26,TMIN,-12
CHM00052889,2007-09-30,TMIN,132
CHM00056046,2007-11-01,TMAX,21
CHM00056046,2014-09-06,TMAX,179
CHM00056046,2007-11-01,TMIN,-100
CHM00052889,2005-10-02,TMIN,66
CHM00052889,2005-10-02,TMAX,128
CHM00052983,2008-05-06,TMAX,245
CHM00052983,2008-05-06,TMIN,86
CHM00056080,2015-10-15,TMIN,-51
CHM00056046,2009-05-27,TMAX,205
CHM00056046,2006-05-19,TMIN,-16
CHM00056080,2006-01-22,TMAX,-15
CHM00056046,2011-08-09,TMIN,21
CHM00056080,2006-03-03,TMAX,75
CHM00052983,2007-02-26,TMAX,153
CHM00056080,2012-12-08,TMIN,-166
CHM00052889,2007-01-28,TMIN,-78
CHM00056080,2012-12-08,TMAX,68
CHM00052983,2010-05-28,TMAX,233
CHM00056080,2015-11-26,TMAX,72
CHM00052983,2010-06-22,TMAX,297
CHM00052889,2007-01-04,TMIN,-32
CHM00052889,2007-01-04,TMAX,7
CHM00056080,2012-10-19,TMIN,25
CHM00052889,2006-05-25,TMAX,264
CHM00052889,2006-05-25,TMIN,88
CHM00052889,2006-10-09,TMIN,11
CHM00052889,2006-10-15,TMIN,40
CHM00056046,2006-03-03,TMIN,-115
CHM00052889,2006-10-15,TMAX,225
CHM00052983,2013-12-16,TMAX,13
CHM00056046,2006-03-03,TMAX,35
CHM00052983,2010-06-29,TMAX,148
CHM00052983,2010-02-27,TMAX,206
CHM00052983,2010-06-22,TMIN,101
CHM00052889,2008-06-01,TMIN,154
CHM00052983,2012-06-28,TMAX,176
CHM00056080,2012-10-19,TMAX,138
CHM00056046,2008-04-23,TMAX,79
CHM00056046,2012-05-26,TMAX,179
CHM00052983,2014-08-13,TMAX,224
CHM00056046,2008-04-23,TMIN,-85
CHM00056046,2011-08-09,TMAX,197
CHM00056080,2006-12-25,TMAX,63
CHM00056080,2007-01-18,TMIN,-198
CHM00056080,2006-03-03,TMIN,-100
CHM00056080,2008-02-18,TMAX,2
CHM00052983,2007-03-03,TMAX,-13
CHM00056080,2008-02-18,TMIN,-155
CHM00056080,2006-12-25,TMIN,-161
CHM00052983,2010-02-27,TMIN,-35
CHM00056080,2013-11-16,TMIN,-129
CHM00056080,2013-11-16,TMAX,80
CHM00056080,2007-01-18,TMAX,-36
CHM00052983,2008-11-27,TMAX,54
CHM00052983,2008-11-27,TMIN,-153
CHM00052889,2007-09-11,TMAX,221
CHM00052889,2007-01-28,TMAX,85
CHM00052983,2008-09-15,TMAX,226
CHM00052983,2014-05-23,TMAX,199
CHM00052889,2006-04-28,TMIN,-9
CHM00056080,2012-07-08,TMIN,94
CHM00056080,2013-11-21,TMIN,-123
CHM00052889,2007-03-19,TMAX,89
CHM00052983,2015-01-04,TMIN,-76
CHM00052983,2007-02-16,TMAX,21
CHM00056080,2010-12-23,TMAX,-36
CHM00056046,2015-06-11,TMIN,-12
CHM00056046,2015-06-11,TMAX,152
CHM00056080,2010-12-23,TMIN,-196
CHM00052983,2015-01-04,TMAX,34
CHM00056080,2010-04-01,TMIN,-46
CHM00056046,2006-06-17,TMIN,53
CHM00056046,2006-06-17,TMAX,124
CHM00052983,2007-03-27,TMIN,7
CHM00052983,2007-03-27,TMAX,212
CHM00056080,2007-02-08,TMAX,34
CHM00052983,2010-04-11,TMAX,185
CHM00052983,2006-01-10,TMIN,-134
CHM00052983,2014-01-24,TMAX,56
CHM00056080,2007-02-08,TMIN,-79
CHM00056080,2013-11-21,TMAX,77
CHM00052983,2014-08-05,TMAX,214
CHM00056046,2014-02-28,TMAX,32
CHM00056046,2008-10-18,TMAX,86
CHM00056080,2012-07-22,TMIN,93
CHM00056080,2010-10-29,TMIN,-14
CHM00052983,2006-06-17,TMIN,103
CHM00056046,2010-01-21,TMIN,-168
CHM00056046,2010-01-21,TMAX,12
CHM00056046,2013-11-16,TMIN,-167
CHM00052983,2009-12-05,TMIN,-107
CHM00056080,2010-02-26,TMIN,-77
CHM00056046,2012-05-23,TMIN,38
CHM00056080,2010-09-13,TMIN,53
CHM00056046,2013-11-16,TMAX,-2
CHM00056046,2005-04-01,TMIN,-71
CHM00056046,2005-04-01,TMAX,-11
CHM00056080,2008-10-25,TMIN,-13
CHM00052889,2005-06-05,TMIN,117
CHM00056046,2012-05-23,TMAX,141
CHM00056046,2008-10-18,TMIN,-32
CHM00056080,2013-08-17,TMIN,119
CHM00056046,2007-03-16,TMAX,-19
CHM00056046,2007-03-16,TMIN,-81
CHM00052889,2005-06-05,TMAX,223
CHM00056046,2014-02-28,TMIN,-85
CHM00056080,2010-09-13,TMAX,253
CHM00052983,2009-01-27,TMAX,79
CHM00052983,2007-03-19,TMAX,45
CHM00056080,2013-11-10,TMIN,-45
CHM00056080,2008-11-23,TMAX,15
CHM00056046,2011-07-10,TMIN,16
CHM00056046,2011-07-10,TMAX,128
CHM00052983,2008-10-22,TMIN,2
CHM00052889,2006-10-20,TMIN,23
CHM00056080,2012-03-25,TMIN,-69
CHM00056046,2009-11-21,TMAX,-70
CHM00056080,2008-01-03,TMAX,103
CHM00056080,2012-03-25,TMAX,95
CHM00056046,2009-11-21,TMIN,-231
CHM00056080,2012-10-15,TMIN,23
CHM00056046,2013-08-14,TMIN,29
CHM00056080,2010-08-23,TMIN,61
CHM00056080,2010-08-23,TMAX,168
CHM00056080,2008-05-10,TMAX,167
CHM00052889,2005-06-15,TMAX,255
CHM00052983,2014-05-23,TMIN,127
CHM00056080,2008-05-10,TMIN,-3
CHM00052983,2008-10-22,TMAX,60
CHM00056080,2008-11-23,TMIN,-124
CHM00052889,2006-05-09,TMAX,154
CHM00052983,2008-11-25,TMAX,49
CHM00056046,2007-08-19,TMIN,40
CHM00052889,2007-03-19,TMIN,21
CHM00056046,2007-08-19,TMAX,200
CHM00056080,2010-04-01,TMAX,80
CHM00056080,2014-05-24,TMAX,99
CHM00056046,2012-03-31,TMAX,30
CHM00056046,2012-03-31,TMIN,-113
CHM00052889,2006-03-03,TMIN,-80
CHM00052983,2009-01-27,TMIN,-135
CHM00052889,2006-03-03,TMAX,127
CHM00056080,2009-11-01,TMIN,-92
CHM00056080,2009-11-01,TMAX,97
CHM00056080,2010-03-02,TMAX,15
CHM00052983,2014-02-03,TMAX,58
CHM00052983,2007-04-19,TMIN,74
CHM00052983,2012-07-26,TMAX,265
CHM00056080,2010-03-02,TMIN,-47
CHM00052983,2008-11-25,TMIN,-90
CHM00052889,2006-05-09,TMIN,24
CHM00052983,2007-04-19,TMAX,215
CHM00052983,2006-06-17,TMAX,291
CHM00056080,2012-07-22,TMAX,183
CHM00052983,2011-08-29,TMAX,293
CHM00056046,2008-01-15,TMAX,-45
CHM00052983,2014-10-27,TMAX,160
CHM00052983,2012-08-08,TMIN,160
CHM00056080,2005-03-11,TMAX,85
CHM00056080,2005-03-11,TMIN,-42
CHM00052983,2012-08-08,TMAX,282
CHM00056046,2009-09-15,TMIN,76
CHM00052983,2008-08-12,TMAX,197
CHM00052983,2013-04-01,TMIN,70
CHM00056046,2007-09-18,TMAX,148
CHM00052983,2010-11-03,TMIN,-38
CHM00056080,2015-12-02,TMAX,63
CHM00056080,2006-04-26,TMIN,1
CHM00052983,2010-11-03,TMAX,110
CHM00056080,2008-10-21,TMAX,162
CHM00056080,2008-10-21,TMIN,-19
CHM00056080,2007-08-12,TMAX,188
CHM00052983,2011-07-14,TMIN,89
CHM00056080,2006-06-17,TMIN,29
CHM00056046,2015-01-05,TMAX,-15
CHM00052983,2009-10-01,TMIN,46
CHM00056080,2013-09-29,TMIN,-13
CHM00052983,2009-11-28,TMAX,36
CHM00056080,2012-02-28,TMAX,26
CHM00056080,2012-02-29,TMAX,33
CHM00056080,2014-02-06,TMAX,-24
CHM00056080,2011-10-16,TMAX,116
CHM00056080,2005-04-17,TMAX,102
CHM00056080,2011-10-16,TMIN,-70
CHM00056080,2012-02-28,TMIN,-47
CHM00056080,2005-04-17,TMIN,-8
CHM00052983,2012-12-04,TMAX,20
CHM00056080,2007-08-12,TMIN,77
CHM00056080,2007-08-19,TMIN,136
CHM00056080,2009-05-27,TMAX,156
CHM00056080,2009-05-27,TMIN,52
CHM00056046,2011-04-15,TMIN,-24
CHM00056046,2011-04-15,TMAX,61
CHM00052983,2009-10-01,TMAX,216
CHM00052983,2009-05-21,TMAX,141
CHM00052983,2014-10-27,TMIN,36
CHM00056046,2008-01-15,TMIN,-143
CHM00052983,2007-03-23,TMIN,0
CHM00056080,2007-08-19,TMAX,221
CHM00052983,2011-07-14,TMAX,288
CHM00056046,2012-07-08,TMIN,82
CHM00056046,2009-09-15,TMAX,179
CHM00056046,2010-12-28,TMAX,-12
CHM00056046,2010-12-28,TMIN,-224
CHM00052983,2010-02-23,TMAX,199
CHM00052983,2010-02-23,TMIN,-42
CHM00056080,2008-10-17,TMAX,100
CHM00056080,2008-08-29,TMAX,123
CHM00052983,2013-08-11,TMAX,267
CHM00056080,2009-06-20,TMAX,180
CHM00052983,2011-07-25,TMAX,296
CHM00056046,2015-05-17,TMAX,108
CHM00056080,2012-05-25,TMAX,111
CHM00056080,2009-06-20,TMIN,93
CHM00056080,2011-10-13,TMAX,115
CHM00052983,2014-02-03,TMIN,-98
CHM00052983,2009-12-05,TMAX,39
CHM00052983,2011-01-12,TMAX,-50
CHM00052983,2011-01-12,TMIN,-180
CHM00052983,2005-06-19,TMAX,287
CHM00052983,2011-08-29,TMIN,109
CHM00056080,2010-10-29,TMAX,93
CHM00056080,2010-02-26,TMAX,105
CHM00056080,2012-05-25,TMIN,26
CHM00056080,2014-03-16,TMAX,180
CHM00056080,2014-03-16,TMIN,-92
CHM00052983,2014-06-10,TMAX,222
CHM00056046,2007-09-18,TMIN,-63
CHM00052983,2009-09-22,TMIN,59
CHM00056080,2006-06-17,TMAX,217
CHM00056046,2009-09-20,TMAX,107
CHM00056046,2013-01-20,TMAX,-22
CHM00052983,2009-09-22,TMAX,230
CHM00056046,2009-09-20,TMIN,7
CHM00056080,2012-02-29,TMIN,-91
CHM00056080,2006-01-10,TMAX,102
CHM00056080,2006-02-14,TMAX,37
CHM00052983,2013-04-01,TMAX,165
CHM00056080,2006-01-10,TMIN,-176
CHM00056046,2012-07-08,TMAX,183
CHM00056080,2011-10-13,TMIN,-11
CHM00056080,2005-04-01,TMIN,-27
CHM00056080,2005-04-01,TMAX,48
CHM00056080,2015-01-05,TMAX,-56
CHM00056080,2006-04-26,TMAX,118
CHM00056080,2008-08-29,TMIN,72
CHM00056080,2006-02-14,TMIN,-86
CHM00052889,2005-01-02,TMAX,4
CHM00056080,2006-03-22,TMAX,34
CHM00056080,2005-10-17,TMAX,95
CHM00056080,2008-04-24,TMAX,126
CHM00056080,2011-06-04,TMIN,85
CHM00056080,2011-06-04,TMAX,156
CHM00056080,2008-09-10,TMAX,153
CHM00052983,2010-12-25,TMAX,-23
CHM00056080,2006-03-18,TMIN,-78
CHM00056080,2008-09-10,TMIN,16
CHM00052889,2007-09-13,TMAX,218
CHM00052889,2007-09-13,TMIN,129
CHM00052983,2009-10-14,TMIN,14
CHM00056080,2006-03-18,TMAX,77
CHM00056080,2014-05-08,TMAX,203
CHM00052983,2009-10-14,TMAX,175
CHM00056080,2010-03-22,TMAX,77
CHM00056046,2006-06-07,TMIN,79
CHM00052983,2011-03-17,TMIN,-65
CHM00052983,2014-06-06,TMAX,245
CHM00056080,2006-10-22,TMIN,9
CHM00056046,2012-10-08,TMIN,-13
CHM00056080,2010-03-22,TMIN,-45
CHM00052983,2008-07-14,TMAX,185
CHM00052983,2013-04-03,TMIN,-2
CHM00056080,2007-02-22,TMAX,60
CHM00056080,2012-04-09,TMAX,109
CHM00056080,2005-06-05,TMAX,148
CHM00052983,2010-03-07,TMAX,62
CHM00056080,2014-12-07,TMIN,-150
CHM00056046,2006-07-08,TMIN,25
CHM00052889,2007-06-24,TMAX,310
CHM00056080,2007-02-22,TMIN,-135
CHM00056080,2014-12-07,TMAX,58
CHM00056080,2012-02-07,TMAX,7
CHM00056080,2005-06-05,TMIN,57
CHM00056046,2006-07-08,TMAX,171
CHM00052889,2007-06-24,TMIN,153
CHM00056046,2005-09-29,TMAX,159
CHM00056080,2012-02-07,TMIN,-137
CHM00056046,2015-07-17,TMIN,-14
CHM00056080,2008-04-24,TMIN,-38
CHM00056046,2005-09-29,TMIN,52
CHM00052983,2013-04-03,TMAX,225
CHM00056046,2008-10-10,TMAX,78
CHM00056046,2008-10-10,TMIN,5
CHM00056046,2007-03-27,TMIN,-120
CHM00056046,2012-10-08,TMAX,79
CHM00056046,2007-03-27,TMAX,45
CHM00052889,2006-10-08,TMIN,16
CHM00052889,2008-05-30,TMIN,136
CHM00056080,2015-01-29,TMIN,-119
CHM00056080,2013-12-01,TMIN,-149
CHM00056080,2007-10-06,TMIN,35
CHM00056080,2010-07-24,TMAX,227
CHM00056080,2010-07-24,TMIN,81
CHM00056080,2009-06-07,TMAX,162
CHM00056080,2006-01-25,TMAX,16
CHM00052983,2009-09-06,TMIN,100
CHM00056080,2006-01-25,TMIN,-133
CHM00056080,2007-06-26,TMIN,35
CHM00056046,2007-06-23,TMAX,125
CHM00056080,2007-06-26,TMAX,178
CHM00052889,2006-03-12,TMAX,-21
CHM00052889,2006-03-12,TMIN,-101
CHM00056046,2007-06-23,TMIN,10
CHM00056046,2012-02-22,TMAX,30
CHM00056046,2012-02-22,TMIN,-72
CHM00056080,2015-01-29,TMAX,7
CHM00056046,2006-06-07,TMAX,140
CHM00052889,2008-08-09,TMIN,129
CHM00052889,2008-08-09,TMAX,259
CHM00052983,2015-03-26,TMIN,5
CHM00056046,2008-01-06,TMAX,13
CHM00056080,2014-05-08,TMIN,-9
CHM00052983,2008-11-19,TMAX,57
CHM00056046,2008-01-06,TMIN,-181
CHM00052983,2008-11-19,TMIN,-87
CHM00056046,2006-01-25,TMAX,-9
CHM00056046,2006-01-25,TMIN,-109
CHM00052983,2009-06-24,TMIN,130
CHM00056080,2007-01-11,TMIN,-141
CHM00052983,2009-06-24,TMAX,303
CHM00052983,2005-05-23,TMAX,183
CHM00052983,2008-12-01,TMIN,-70
CHM00056080,2012-12-14,TMIN,-101
CHM00056080,2012-12-14,TMAX,78
CHM00052983,2008-12-01,TMAX,81
CHM00056080,2015-02-04,TMAX,-7
CHM00056046,2015-06-26,TMIN,58
CHM00056080,2007-10-06,TMAX,93
CHM00052889,2006-10-08,TMAX,208
CHM00052983,2006-07-01,TMIN,157
CHM00056080,2010-04-28,TMAX,177
CHM00056080,2010-04-28,TMIN,-38
CHM00056046,2005-07-21,TMAX,165
CHM00056046,2012-12-01,TMIN,-170
CHM00052983,2011-04-19,TMIN,68
CHM00056046,2005-05-19,TMIN,-22
CHM00056046,2013-05-24,TMIN,-1
CHM00052983,2012-08-16,TMAX,248
CHM00056080,2006-05-02,TMAX,222
CHM00056080,2014-05-06,TMIN,-29
CHM00056080,2005-10-17,TMIN,-4
CHM00056046,2005-05-19,TMAX,121
CHM00052983,2009-10-19,TMAX,156
CHM00056046,2008-08-06,TMAX,153
CHM00056080,2006-05-02,TMIN,15
CHM00056080,2014-05-06,TMAX,123
CHM00052983,2008-07-24,TMIN,111
CHM00052983,2008-07-24,TMAX,296
CHM00052983,2007-08-05,TMIN,146
CHM00056080,2008-07-25,TMAX,258
CHM00056046,2011-06-09,TMAX,118
CHM00052983,2007-08-05,TMAX,282
CHM00056046,2009-09-27,TMAX,127
CHM00052889,2007-10-23,TMAX,112
CHM00052889,2007-10-23,TMIN,56
CHM00056046,2011-06-09,TMIN,15
CHM00056046,2007-06-19,TMIN,36
CHM00056080,2013-03-23,TMIN,-65
CHM00056046,2007-06-19,TMAX,127
CHM00056046,2006-06-04,TMIN,58
CHM00056046,2006-06-04,TMAX,140
CHM00056046,2013-04-05,TMAX,16
CHM00052983,2009-10-19,TMIN,5
CHM00056080,2015-09-06,TMIN,36
CHM00052889,2005-03-17,TMAX,33
CHM00056046,2011-11-03,TMIN,-86
CHM00052983,2011-04-19,TMAX,234
CHM00056080,2011-09-02,TMAX,214
CHM00056046,2012-12-01,TMAX,-47
CHM00056046,2013-05-24,TMAX,110
CHM00056046,2005-04-05,TMIN,-70
CHM00056046,2013-11-26,TMIN,-157
CHM00056046,2013-11-26,TMAX,4
CHM00056080,2012-07-01,TMIN,96
CHM00056080,2012-07-01,TMAX,234
CHM00056080,2014-07-23,TMAX,120
CHM00056080,2011-09-02,TMIN,120
CHM00052983,2007-08-26,TMAX,144
CHM00056080,2006-01-30,TMIN,-109
CHM00056046,2008-05-15,TMAX,111
CHM00052983,2013-01-28,TMAX,59
CHM00052983,2015-10-22,TMIN,25
CHM00056046,2013-09-27,TMIN,-76
CHM00056080,2013-11-26,TMIN,-141
CHM00056046,2009-10-07,TMIN,36
CHM00056046,2006-06-12,TMIN,48
CHM00056046,2006-06-12,TMAX,90
CHM00056046,2009-10-07,TMAX,114
CHM00052983,2006-02-09,TMAX,39
CHM00056046,2005-07-21,TMIN,47
CHM00056046,2010-01-23,TMIN,-168
CHM00056080,2014-11-03,TMIN,-77
CHM00052983,2006-02-08,TMIN,-43
CHM00052983,2006-02-08,TMAX,4
CHM00056046,2012-11-01,TMIN,-137
CHM00056046,2013-11-13,TMIN,-122
CHM00056080,2005-04-05,TMAX,145
CHM00056080,2005-04-05,TMIN,-17
CHM00056046,2012-11-01,TMAX,13
CHM00056046,2011-11-03,TMAX,28
CHM00052983,2011-10-19,TMAX,153
CHM00052983,2013-01-28,TMIN,-110
CHM00056080,2013-04-17,TMAX,194
CHM00056046,2009-09-27,TMIN,-51
CHM00056046,2008-05-15,TMIN,-16
CHM00056080,2006-01-30,TMAX,122
CHM00056046,2012-10-04,TMAX,46
CHM00056080,2007-03-27,TMIN,-59
CHM00056080,2007-03-27,TMAX,137
CHM00056046,2008-08-06,TMIN,64
CHM00052983,2007-09-11,TMAX,170
CHM00052983,2006-12-25,TMAX,46
CHM00056080,2008-07-25,TMIN,92
CHM00052983,2008-11-10,TMIN,-25
CHM00052983,2008-11-10,TMAX,122
CHM00052983,2006-12-25,TMIN,-109
CHM00056046,2005-10-17,TMIN,-47
CHM00056046,2005-10-17,TMAX,129
CHM00056046,2010-01-23,TMAX,12
CHM00056080,2013-04-17,TMIN,-43
CHM00056080,2013-11-26,TMAX,26
CHM00056046,2013-11-30,TMAX,-15
CHM00056080,2014-11-03,TMAX,109
CHM00052983,2007-01-15,TMAX,-42
CHM00056080,2015-06-27,TMIN,140
CHM00056080,2013-03-25,TMAX,108
CHM00056046,2012-07-01,TMIN,74
CHM00056080,2012-02-22,TMAX,38
CHM00056080,2007-02-16,TMIN,-102
CHM00056080,2007-02-16,TMAX,-27
CHM00056046,2008-02-18,TMIN,-158
CHM00056080,2012-02-22,TMIN,-39
CHM00056080,2007-03-06,TMIN,-94
CHM00056046,2008-02-18,TMAX,-33
CHM00052983,2012-07-16,TMAX,271
CHM00052983,2005-09-27,TMAX,211
CHM00052983,2010-08-25,TMIN,81
CHM00056080,2006-05-20,TMIN,0
CHM00056046,2007-06-16,TMAX,122
CHM00056046,2014-05-09,TMAX,82
CHM00056080,2014-12-04,TMAX,61
CHM00056046,2007-02-22,TMIN,-269
CHM00056046,2007-02-22,TMAX,-19
CHM00052983,2005-09-27,TMIN,99
CHM00056046,2014-12-02,TMIN,-167
CHM00056046,2007-06-16,TMIN,52
CHM00056080,2015-02-01,TMIN,-186
CHM00056080,2015-05-24,TMIN,26
CHM00052983,2010-05-29,TMIN,111
CHM00056080,2007-03-06,TMAX,4
CHM00052983,2011-10-22,TMAX,123
CHM00056080,2011-02-09,TMAX,58
CHM00056080,2011-02-09,TMIN,-78
CHM00052983,2009-01-31,TMAX,46
CHM00056046,2009-07-26,TMAX,135
CHM00056080,2009-11-09,TMAX,164
CHM00052983,2010-05-29,TMAX,230
CHM00056080,2015-02-01,TMAX,36
CHM00052983,2012-04-06,TMAX,127
CHM00052889,2006-06-12,TMIN,161
CHM00052889,2006-06-12,TMAX,267
CHM00052983,2015-06-22,TMIN,119
CHM00056046,2005-06-08,TMAX,133
CHM00056046,2005-06-08,TMIN,61
CHM00056080,2012-03-13,TMIN,-87
CHM00056080,2012-03-13,TMAX,101
CHM00052889,2005-07-06,TMAX,322
CHM00052889,2005-07-06,TMIN,143
CHM00052983,2008-12-25,TMIN,-128
CHM00052983,2008-12-25,TMAX,9
CHM00056080,2015-05-24,TMAX,183
CHM00056080,2014-12-04,TMIN,-158
CHM00056080,2013-01-28,TMIN,-174
CHM00052889,2008-07-15,TMAX,301
CHM00052889,2007-04-06,TMIN,63
CHM00052889,2007-04-06,TMAX,173
CHM00056046,2009-01-24,TMAX,5
CHM00052983,2012-10-14,TMIN,35
CHM00056046,2009-01-24,TMIN,-167
CHM00052889,2006-12-25,TMIN,-136
CHM00056080,2014-05-04,TMIN,-30
CHM00052889,2006-12-25,TMAX,32
CHM00056080,2006-05-20,TMAX,92
CHM00056080,2014-05-04,TMAX,114
CHM00056046,2012-11-20,TMAX,40
CHM00052983,2009-01-23,TMIN,-195
CHM00052983,2009-01-23,TMAX,-79
CHM00052983,2015-07-17,TMIN,63
CHM00052983,2007-10-05,TMAX,147
CHM00052889,2008-07-19,TMAX,317
CHM00052889,2008-02-24,TMAX,52
CHM00052889,2008-02-24,TMIN,9
CHM00056046,2011-02-23,TMAX,56
CHM00052889,2008-07-15,TMIN,119
CHM00056046,2009-03-24,TMIN,-123
CHM00052983,2009-01-31,TMIN,-62
CHM00052983,2006-02-26,TMAX,24
CHM00056080,2006-03-09,TMAX,110
CHM00052889,2005-04-11,TMIN,8
CHM00052889,2005-04-11,TMAX,74
CHM00056080,2006-05-13,TMAX,63
CHM00056080,2006-05-13,TMIN,-32
CHM00056046,2011-02-23,TMIN,-224
CHM00052983,2013-08-14,TMIN,123
CHM00052983,2008-10-28,TMAX,151
CHM00056080,2009-11-09,TMIN,-71
CHM00056080,2011-01-10,TMIN,-190
CHM00056080,2011-01-10,TMAX,-60
CHM00056080,2005-06-24,TMIN,96
CHM00056080,2005-06-24,TMAX,150
CHM00052889,2006-04-18,TMAX,223
CHM00052889,2006-04-18,TMIN,44
CHM00052983,2011-09-30,TMAX,196
CHM00052983,2015-01-26,TMAX,21
CHM00056080,2007-02-04,TMAX,54
CHM00052983,2012-10-14,TMAX,152
CHM00056080,2007-02-04,TMIN,-177
CHM00052983,2009-10-09,TMIN,74
CHM00052983,2009-10-09,TMAX,121
CHM00052983,2006-04-13,TMAX,66
CHM00052889,2008-05-15,TMIN,139
CHM00052889,2008-05-15,TMAX,303
CHM00052889,2007-10-19,TMIN,35
CHM00052983,2012-09-13,TMAX,178
CHM00056080,2012-02-20,TMAX,45
CHM00052983,2012-02-20,TMAX,51
CHM00052983,2012-02-20,TMIN,-95
CHM00056080,2015-03-25,TMIN,-77
CHM00056046,2015-01-11,TMAX,-164
CHM00056046,2015-01-11,TMIN,-351
CHM00056046,2012-07-31,TMIN,76
CHM00056046,2011-01-09,TMAX,-29
CHM00056080,2013-12-01,TMAX,72
CHM00056046,2013-03-26,TMIN,-144
CHM00056080,2006-03-09,TMIN,-92
CHM00056046,2011-01-09,TMIN,-131
CHM00056046,2013-03-26,TMAX,69
CHM00056046,2012-07-31,TMAX,121
CHM00052983,2012-02-18,TMIN,-127
CHM00052983,2012-09-13,TMIN,8
CHM00052889,2007-10-19,TMAX,180
CHM00056080,2012-02-20,TMIN,-100
CHM00052889,2008-05-30,TMAX,279
CHM00056046,2012-07-01,TMAX,183
CHM00056046,2007-03-06,TMAX,4
CHM00052983,2015-06-26,TMIN,150
CHM00052983,2007-08-26,TMIN,122
CHM00052983,2006-10-12,TMAX,199
CHM00056046,2008-02-25,TMAX,18
CHM00056046,2008-02-25,TMIN,-129
CHM00056046,2008-09-21,TMIN,21
CHM00056046,2008-09-21,TMAX,184
CHM00056046,2013-07-03,TMIN,99
CHM00056080,2012-04-09,TMIN,0
CHM00052983,2009-09-06,TMAX,138
CHM00052983,2015-05-24,TMAX,246
CHM00052983,2006-10-12,TMIN,34
CHM00052983,2015-05-24,TMIN,86
CHM00056080,2007-01-07,TMIN,-179
CHM00056046,2007-03-06,TMIN,-131
CHM00056080,2009-06-07,TMIN,48
CHM00056080,2014-04-10,TMAX,93
CHM00056080,2007-01-07,TMAX,-57
CHM00056080,2007-01-11,TMAX,-39
CHM00056046,2009-07-26,TMIN,55
CHM00056080,2008-11-26,TMIN,-115
CHM00056046,2007-09-30,TMAX,200
CHM00052983,2012-02-18,TMAX,-8
CHM00056080,2006-10-22,TMAX,110
CHM00056046,2010-04-28,TMIN,-79
CHM00056046,2010-04-28,TMAX,122
CHM00056046,2013-07-20,TMIN,72
CHM00056080,2005-07-05,TMAX,181
CHM00056046,2007-09-30,TMIN,31
CHM00052889,2007-06-16,TMIN,146
CHM00052889,2007-06-16,TMAX,210
CHM00056080,2014-03-13,TMIN,-95
CHM00056080,2013-01-28,TMAX,30
CHM00056046,2013-01-28,TMAX,-16
CHM00056080,2015-07-01,TMIN,78
CHM00056080,2014-03-13,TMAX,53
CHM00056046,2014-09-08,TMAX,126
CHM00052983,2014-05-29,TMAX,269
CHM00052889,2008-01-01,TMAX,8
CHM00052983,2006-04-13,TMIN,-35
CHM00052889,2008-01-01,TMIN,-93
CHM00056046,2013-01-28,TMIN,-242
CHM00056046,2011-04-18,TMIN,-31
CHM00052983,2011-07-21,TMIN,112
CHM00056046,2013-03-07,TMIN,-179
CHM00056046,2006-03-18,TMIN,-78
CHM00056046,2006-03-18,TMAX,36
CHM00052983,2011-09-26,TMAX,197
CHM00052983,2011-11-08,TMIN,-29
CHM00052983,2011-11-08,TMAX,106
CHM00056046,2005-01-09,TMAX,-9
CHM00052983,2011-06-08,TMAX,246
CHM00052983,2011-09-26,TMIN,64
CHM00056046,2013-03-07,TMAX,58
CHM00056046,2005-01-09,TMIN,-252
CHM00056046,2012-04-04,TMIN,-49
CHM00056080,2005-07-05,TMIN,82
CHM00056046,2006-05-13,TMAX,36
CHM00056046,2006-05-13,TMIN,-49
CHM00052889,2006-06-18,TMAX,257
CHM00052889,2006-06-18,TMIN,158
CHM00056046,2014-12-02,TMAX,61
CHM00056046,2012-04-04,TMAX,74
CHM00056080,2008-11-26,TMAX,19
CHM00056046,2011-04-18,TMAX,110
CHM00052983,2011-07-21,TMAX,308
CHM00052983,2009-02-10,TMAX,154
CHM00056046,2006-02-09,TMIN,-133
CHM00056080,2009-10-05,TMIN,15
CHM00052983,2006-06-04,TMIN,85
CHM00052983,2008-05-20,TMAX,208
CHM00056046,2010-06-18,TMAX,146
CHM00052983,2009-02-16,TMIN,-43
CHM00052983,2009-02-16,TMAX,76
CHM00052983,2009-10-15,TMIN,26
CHM00052889,2005-06-11,TMIN,134
CHM00056080,2013-11-17,TMIN,-130
CHM00056046,2010-09-17,TMAX,190
CHM00052889,2005-07-27,TMIN,173
CHM00052889,2008-10-27,TMIN,51
CHM00052983,2009-10-15,TMAX,151
CHM00056046,2007-12-30,TMAX,72
CHM00052889,2005-07-27,TMAX,236
CHM00052889,2008-08-08,TMIN,147
CHM00056046,2006-07-04,TMIN,64
CHM00056046,2006-07-04,TMAX,194
CHM00056046,2011-08-30,TMAX,208
CHM00052889,2005-06-11,TMAX,305
CHM00056046,2014-01-06,TMAX,-14
CHM00052983,2007-01-30,TMAX,77
CHM00056046,2011-08-30,TMIN,4
CHM00056080,2011-05-12,TMAX,117
CHM00052983,2013-08-15,TMIN,150
CHM00052889,2005-03-17,TMIN,-46
CHM00056046,2006-12-16,TMIN,-257
CHM00052889,2005-06-08,TMAX,263
CHM00052889,2005-06-08,TMIN,163
CHM00056046,2009-12-05,TMIN,-161
CHM00056046,2009-12-05,TMAX,11
CHM00056046,2010-03-09,TMIN,-180
CHM00056080,2012-07-14,TMAX,211
CHM00052983,2011-07-22,TMIN,126
CHM00052983,2008-10-29,TMAX,151
CHM00056080,2012-07-14,TMIN,72
CHM00052983,2011-07-22,TMAX,317
CHM00052983,2006-06-04,TMAX,230
CHM00056046,2010-03-09,TMAX,13
CHM00056046,2012-04-09,TMAX,18
CHM00056046,2010-09-17,TMIN,62
CHM00052983,2014-11-11,TMIN,-37
CHM00052889,2008-08-08,TMAX,246
CHM00056046,2006-12-16,TMAX,-25
CHM00056046,2009-06-07,TMIN,23
CHM00056046,2010-06-18,TMIN,55
CHM00052889,2007-04-19,TMAX,243
CHM00052889,2008-10-27,TMAX,144
CHM00052983,2009-02-11,TMAX,165
CHM00052983,2006-04-17,TMIN,55
CHM00052983,2009-02-11,TMIN,-50
CHM00056080,2007-01-04,TMAX,-23
CHM00056080,2012-12-15,TMIN,-129
CHM00056046,2011-03-16,TMAX,48
CHM00056080,2014-04-09,TMIN,11
CHM00056046,2011-03-16,TMIN,-182
CHM00052889,2008-03-09,TMAX,163
CHM00056080,2007-01-04,TMIN,-105
CHM00052889,2006-05-02,TMIN,133
CHM00052889,2008-03-09,TMIN,16
CHM00052983,2012-08-14,TMAX,272
CHM00056046,2006-03-22,TMAX,12
CHM00056080,2014-04-09,TMAX,181
CHM00056046,2007-06-18,TMAX,173
CHM00052889,2006-04-26,TMAX,161
CHM00052889,2007-04-19,TMIN,110
CHM00056080,2012-12-15,TMAX,84
CHM00056046,2006-03-22,TMIN,-72
CHM00052983,2006-06-26,TMIN,130
CHM00056046,2008-03-28,TMAX,55
CHM00052889,2006-05-13,TMAX,161
CHM00056046,2008-08-04,TMAX,151
CHM00052889,2006-05-13,TMIN,16
CHM00056046,2008-03-28,TMIN,-68
CHM00052889,2006-04-05,TMAX,134
CHM00056046,2015-10-15,TMIN,-76
CHM00052889,2006-04-05,TMIN,45
CHM00052889,2008-12-21,TMAX,0
CHM00052889,2008-12-21,TMIN,-121
CHM00052983,2006-06-26,TMAX,310
CHM00056046,2008-08-04,TMIN,60
CHM00056046,2009-06-07,TMAX,123
CHM00052983,2008-10-29,TMIN,11
CHM00052983,2009-02-10,TMIN,-68
CHM00056046,2007-12-30,TMIN,-212
CHM00052889,2006-04-26,TMIN,79
CHM00056046,2015-01-29,TMAX,-7
CHM00056080,2013-11-17,TMAX,73
CHM00056080,2011-09-26,TMIN,52
CHM00056080,2012-11-29,TMIN,-118
CHM00056046,2015-02-01,TMIN,-215
CHM00052889,2005-01-02,TMIN,-180
CHM00056080,2006-05-19,TMIN,10
CHM00056046,2008-11-19,TMIN,-131
CHM00052889,2008-06-02,TMAX,309
CHM00052983,2010-06-27,TMIN,118
CHM00056046,2007-03-03,TMIN,-79
CHM00052889,2008-06-02,TMIN,114
CHM00056046,2008-11-19,TMAX,17
CHM00056046,2009-05-21,TMAX,130
CHM00056080,2007-09-15,TMIN,10
CHM00056046,2007-03-03,TMAX,9
CHM00056080,2013-06-01,TMAX,180
CHM00056080,2013-04-19,TMAX,110
CHM00056046,2012-04-09,TMIN,-68
CHM00056080,2007-09-15,TMAX,198
CHM00052983,2010-06-27,TMAX,270
CHM00056046,2005-01-08,TMAX,-65
CHM00052983,2013-12-05,TMAX,71
CHM00052983,2006-02-14,TMAX,8
CHM00056046,2009-05-21,TMIN,21
CHM00052889,2008-01-05,TMIN,-81
CHM00052889,2008-01-05,TMAX,29
CHM00052889,2005-04-05,TMAX,252
CHM00052889,2005-04-05,TMIN,-6
CHM00056046,2012-07-14,TMIN,70
CHM00056080,2008-07-13,TMAX,145
CHM00052983,2015-01-03,TMIN,-111
CHM00052889,2007-02-20,TMIN,-20
CHM00056080,2008-07-13,TMIN,76
CHM00052889,2007-06-17,TMAX,168
CHM00056080,2008-06-24,TMAX,162
CHM00052983,2013-05-06,TMIN,58
CHM00056080,2007-09-18,TMAX,182
CHM00056080,2007-09-18,TMIN,-27
CHM00052983,2006-01-30,TMAX,110
CHM00056080,2015-09-01,TMIN,51
CHM00052983,2006-01-30,TMIN,-100
CHM00056080,2010-03-09,TMAX,45
CHM00056080,2010-03-09,TMIN,-183
CHM00056080,2006-05-19,TMAX,183
CHM00052889,2007-02-20,TMAX,128
CHM00052889,2008-12-19,TMAX,74
CHM00056080,2011-11-06,TMIN,6
CHM00052889,2008-12-19,TMIN,-63
CHM00052983,2013-12-05,TMIN,-86
CHM00056046,2007-12-12,TMIN,-124
CHM00056080,2011-02-03,TMIN,-207
CHM00056046,2008-07-25,TMAX,174
CHM00056046,2008-07-25,TMIN,73
CHM00056080,2009-05-23,TMAX,174
CHM00056080,2006-10-17,TMIN,19
CHM00052889,2006-10-19,TMAX,238
CHM00052983,2014-11-11,TMAX,51
CHM00056080,2013-08-13,TMIN,73
CHM00056046,2007-12-12,TMAX,-15
CHM00056080,2006-10-17,TMAX,126
CHM00056080,2009-05-23,TMIN,17
CHM00056080,2011-11-06,TMAX,51
CHM00056046,2013-03-24,TMIN,-112
CHM00056046,2013-03-24,TMAX,93
CHM00056046,2015-02-01,TMAX,-43
CHM00056046,2014-04-12,TMAX,79
CHM00052983,2007-03-14,TMAX,33
CHM00056080,2011-05-12,TMIN,7
CHM00056080,2011-02-03,TMAX,71
CHM00052983,2010-11-01,TMAX,42
CHM00056046,2014-04-12,TMIN,-57
CHM00056080,2013-04-19,TMIN,-6
CHM00056046,2005-01-08,TMIN,-206
CHM00052983,2013-09-15,TMIN,131
CHM00056080,2012-03-15,TMAX,75
CHM00056080,2012-03-15,TMIN,-25
CHM00056080,2011-11-03,TMIN,-7
CHM00056080,2011-11-03,TMAX,109
CHM00052889,2007-06-17,TMIN,126
CHM00056046,2006-05-02,TMAX,181
CHM00052889,2007-03-31,TMAX,231
CHM00052889,2006-07-15,TMIN,190
CHM00052889,2006-07-15,TMAX,339
CHM00052889,2007-03-31,TMIN,74
CHM00052889,2006-10-19,TMIN,12
CHM00056046,2006-05-02,TMIN,-24
CHM00056080,2012-11-29,TMAX,59
CHM00052889,2006-01-25,TMAX,39
CHM00052889,2006-01-25,TMIN,-115
CHM00052983,2007-01-30,TMIN,-113
CHM00052983,2013-04-02,TMAX,170
CHM00056080,2011-09-26,TMAX,179
CHM00056046,2005-10-01,TMIN,20
CHM00056080,2014-06-17,TMIN,19
CHM00056046,2010-01-19,TMIN,-180
CHM00056046,2013-10-23,TMIN,-92
CHM00056046,2008-07-18,TMIN,15
CHM00056046,2013-10-23,TMAX,21
CHM00056080,2011-07-18,TMIN,43
CHM00056080,2011-07-18,TMAX,231
CHM00056080,2007-03-31,TMAX,236
CHM00056080,2007-03-31,TMIN,6
CHM00052983,2010-04-06,TMAX,131
CHM00052889,2006-12-28,TMIN,-158
CHM00052983,2015-01-09,TMAX,46
CHM00052983,2010-10-31,TMAX,68
CHM00056046,2013-08-22,TMIN,32
CHM00052983,2009-11-21,TMAX,40
CHM00056080,2010-07-03,TMIN,103
CHM00052889,2005-04-19,TMIN,33
CHM00052889,2008-07-25,TMAX,341
CHM00056046,2008-07-18,TMAX,173
CHM00052983,2013-03-09,TMAX,98
CHM00052983,2006-10-19,TMIN,38
CHM00052983,2010-10-31,TMIN,-12
CHM00056080,2009-10-05,TMAX,184
CHM00052983,2015-01-09,TMIN,-117
CHM00052983,2014-03-22,TMIN,-26
CHM00056046,2008-10-21,TMIN,-52
CHM00056080,2013-03-23,TMAX,123
CHM00052889,2008-11-27,TMIN,-85
CHM00056046,2007-03-31,TMAX,147
CHM00056080,2007-10-23,TMAX,73
CHM00056080,2014-06-17,TMAX,237
CHM00056046,2010-08-23,TMIN,36
CHM00056046,2010-01-19,TMAX,52
CHM00056080,2010-03-10,TMAX,91
CHM00056080,2010-03-10,TMIN,-134
CHM00056046,2014-04-20,TMAX,105
CHM00052983,2009-05-07,TMAX,262
CHM00052889,2006-06-17,TMAX,287
CHM00052889,2008-11-27,TMAX,53
CHM00056046,2005-10-01,TMAX,125
CHM00052889,2006-06-17,TMIN,105
CHM00052983,2014-03-22,TMAX,115
CHM00052889,2005-04-19,TMAX,173
CHM00052889,2007-03-03,TMIN,-33
CHM00052889,2008-07-25,TMIN,192
CHM00052983,2014-07-19,TMAX,260
CHM00056046,2005-06-05,TMAX,89
CHM00052889,2007-03-03,TMAX,23
CHM00056080,2012-08-15,TMIN,77
CHM00052983,2006-05-09,TMIN,23
CHM00056046,2010-08-23,TMAX,93
CHM00052983,2009-11-21,TMIN,-150
CHM00052983,2012-08-03,TMAX,277
CHM00056046,2005-06-05,TMIN,1
CHM00052983,2012-08-03,TMIN,120
CHM00052983,2005-04-30,TMAX,201
CHM00056080,2007-03-11,TMIN,-94
CHM00056046,2007-03-31,TMIN,-59
CHM00056080,2009-06-10,TMAX,98
CHM00052983,2009-05-07,TMIN,87
CHM00052983,2014-07-19,TMIN,163
CHM00056080,2009-10-07,TMAX,66
CHM00056046,2010-10-23,TMIN,-41
CHM00056080,2012-08-15,TMAX,245
CHM00056080,2009-10-07,TMIN,48
CHM00056080,2006-12-16,TMIN,-204
CHM00052983,2015-05-02,TMIN,61
CHM00056080,2006-12-16,TMAX,1
CHM00056080,2010-03-07,TMIN,-79
CHM00056046,2010-10-23,TMAX,117
CHM00052889,2006-04-14,TMIN,-4
CHM00056080,2006-06-12,TMIN,77
CHM00052983,2009-10-05,TMIN,35
CHM00056080,2012-04-04,TMAX,129
CHM00056046,2007-12-27,TMAX,87
CHM00052983,2015-05-02,TMAX,214
CHM00056046,2012-02-07,TMAX,41
CHM00056080,2007-03-11,TMAX,112
CHM00056080,2012-04-04,TMIN,-40
CHM00056080,2006-06-12,TMAX,153
CHM00056046,2008-08-02,TMAX,112
CHM00056046,2005-04-05,TMAX,60
CHM00056046,2007-06-18,TMIN,27
CHM00052983,2014-03-17,TMAX,149
CHM00056046,2007-12-27,TMIN,-195
CHM00056080,2010-03-07,TMAX,112
CHM00056046,2008-08-02,TMIN,41
CHM00052983,2011-10-04,TMAX,167
CHM00052983,2009-10-05,TMAX,199
CHM00052983,2014-04-12,TMAX,186
CHM00052983,2006-04-17,TMAX,178
CHM00052889,2006-05-02,TMAX,285
CHM00056080,2007-10-23,TMIN,4
CHM00052983,2012-03-31,TMIN,-46
CHM00056080,2013-01-27,TMIN,-189
CHM00052983,2006-05-09,TMAX,115
CHM00052889,2006-12-28,TMAX,7
CHM00052889,2007-12-27,TMIN,-50
CHM00056046,2008-10-21,TMAX,92
CHM00052983,2012-08-05,TMAX,256
CHM00052889,2007-12-27,TMAX,37
CHM00056080,2015-07-17,TMIN,7
CHM00052983,2014-03-17,TMIN,11
CHM00052983,2006-10-19,TMAX,229
CHM00056046,2012-10-04,TMIN,-31
CHM00056080,2009-06-10,TMIN,61
CHM00052889,2006-01-10,TMAX,42
CHM00056046,2014-04-20,TMIN,-19
CHM00052983,2007-03-10,TMAX,23
CHM00052983,2010-04-06,TMIN,-15
CHM00052983,2007-03-10,TMIN,-68
CHM00052889,2006-04-14,TMAX,119
CHM00056080,2013-01-27,TMAX,33
CHM00052889,2006-01-10,TMIN,-182
CHM00056080,2010-07-03,TMAX,167
CHM00056046,2012-02-07,TMIN,-176
CHM00052983,2012-03-31,TMAX,166
